BETA     element
 8.760439999999999      0.000000000000000
 8.760859548097489      1.000000000000000
 8.263849188900274      2.000000000000000
 1.801553182194402      3.000000000000000
 1.649912520531493      4.000000000000000
 1.645161371041218      5.000000000000000
 1.779602689974829      6.000000000000000
 8.012698752437215      7.000000000000000
 8.496094543853443      8.000000000000000
 8.496091700992691      9.000000000000000
 8.012682743007941      10.00000000000000
 1.780061455502903      11.00000000000000
 1.645763389155944      12.00000000000000
 1.650608989913160      13.00000000000000
 1.802426664709057      14.00000000000000
 8.264092121283051      15.00000000000000
 8.760775361495890      16.00000000000000
 8.760569490079906      17.00000000000000
 8.263195558361311      18.00000000000000
 1.800370277923295      19.00000000000000
 1.648921803314074      20.00000000000000
 1.644266068832115      21.00000000000000
 1.778839045091067      22.00000000000000
 8.012372529436355      23.00000000000000
 8.495796254183734      24.00000000000000
 8.495822470295503      25.00000000000000
 8.012474170823921      26.00000000000000
 1.780703568084451      27.00000000000000
 1.646543722260880      28.00000000000000
 1.651482396492396      29.00000000000000
 1.803477103603016      30.00000000000000
 8.264066509407733      31.00000000000000
 8.760344868313194      32.00000000000000
 8.759719486035626      33.00000000000000
 8.759915929907534      34.00000000000000
 8.257442611426224      35.00000000000000
 1.828338515753311      36.00000000000000
 1.682620459998224      37.00000000000000
 1.681286259942079      38.00000000000000
 1.822388564540846      39.00000000000000
 8.223028091477833      40.00000000000000
 8.724535765806676      41.00000000000000
 8.724105584756526      42.00000000000000
 8.724514852997300      43.00000000000000
 8.227669542250966      44.00000000000000
 1.794608377036434      45.00000000000000
 1.648531513413195      46.00000000000000
 1.647023983025933      47.00000000000000
 1.787081382527040      48.00000000000000
 8.044825983629423      49.00000000000000
 8.527482246610905      50.00000000000000
 8.527025312673253      51.00000000000000
 8.042843484991842      52.00000000000000
 1.783360183904205      53.00000000000000
 1.644237310805750      54.00000000000000
 1.646216827660587      55.00000000000000
 1.792959656870192      56.00000000000000
 8.226998908784601      57.00000000000000
 8.723671774305165      58.00000000000000
 8.723636304821911      59.00000000000000
 8.226813119744838      60.00000000000000
 1.794823832115842      61.00000000000000
 1.648907890966489      62.00000000000000
 1.647496573587236      63.00000000000000
 1.787719894108679      64.00000000000000
 8.044358703405971      65.00000000000000
 8.526661193209115      66.00000000000000
 8.526024691281641      67.00000000000000
 8.041593524144357      68.00000000000000
 1.782347792847599      69.00000000000000
 1.643418109260841      70.00000000000000
 1.645491005321955      71.00000000000000
 1.792356922521350      72.00000000000000
 8.225932818494275      73.00000000000000
 8.722510196482503      74.00000000000000
 8.722065554291133      75.00000000000000
 8.722460192872182      76.00000000000000
 8.220920772232802      77.00000000000000
 1.823894252027434      78.00000000000000
 1.683670642561029      79.00000000000000
 1.685588638510541      80.00000000000000
 1.832415797445031      81.00000000000000
 8.258883770795126      82.00000000000000
 8.759521882556390      83.00000000000000
 8.758791089490652      84.00000000000000
 8.758881871732765      85.00000000000000
 8.260866465736957      86.00000000000000
 1.798804788046084      87.00000000000000
 1.647907101340260      88.00000000000000
 1.643511198914333      89.00000000000000
 1.778405878960279      90.00000000000000
 8.009008448589048      91.00000000000000
 8.491933530251414      92.00000000000000
 8.491811054240285      93.00000000000000
 8.008425412621209      94.00000000000000
 1.779875098504174      95.00000000000000
 1.646231328545523      96.00000000000000
 1.651481627145568      97.00000000000000
 1.804026958068432      98.00000000000000
 8.262933195463365      99.00000000000000
 8.758368376698261      100.0000000000000
 8.757505511788651      101.0000000000000
 8.259189157132036      102.0000000000000
 1.797382384987989      103.0000000000000
 1.646688023792889      104.0000000000000
 1.642381837242818      105.0000000000000
 1.777375965257380      106.0000000000000
 8.007278640715100      107.0000000000000
 8.490145667757638      108.0000000000000
 8.490052201726137      109.0000000000000
 8.006813056146431      110.0000000000000
 1.780249546319790      111.0000000000000
 1.646775972921420      112.0000000000000
 1.652124862687604      113.0000000000000
 1.804835705315773      114.0000000000000
 8.261883158209503      115.0000000000000
 8.756851632333824      116.0000000000000
 8.755898158614441      117.0000000000000
 8.755765933178353      118.0000000000000
 8.252415391307474      119.0000000000000
 1.825072919794365      120.0000000000000
 1.680109948059718      121.0000000000000
 1.679114339664524      122.0000000000000
 1.820597240671731      123.0000000000000
 8.216497341175122      124.0000000000000
 8.717378216342727      125.0000000000000
 8.716895743123073      126.0000000000000
 8.717252391649142      127.0000000000000
 8.220631619887170      128.0000000000000
 1.794092919959287      129.0000000000000
 1.648746510250570      130.0000000000000
 1.647667618546447      131.0000000000000
 1.788466701789989      132.0000000000000
 8.042791921065067      133.0000000000000
 8.524127345199496      134.0000000000000
 8.523000097818199      135.0000000000000
 8.037904083983616      136.0000000000000
 1.779931924694567      137.0000000000000
 1.641551480307190      138.0000000000000
 1.643855465624919      139.0000000000000
 1.790937132355982      140.0000000000000
 8.219073290467556      141.0000000000000
 8.715038073328671      142.0000000000000
 8.714897501348558      143.0000000000000
 8.218383685949954      144.0000000000000
 1.794040694791385      145.0000000000000
 1.648886528293412      146.0000000000000
 1.647909004935089      147.0000000000000
 1.788861819045591      148.0000000000000
 8.041291371152345      149.0000000000000
 8.522211070922419      150.0000000000000
 8.520904724119909      151.0000000000000
 8.035622880350568      152.0000000000000
 1.778681010301497      153.0000000000000
 1.640505268052257      154.0000000000000
 1.642897175401960      155.0000000000000
 1.790070263295168      156.0000000000000
 8.216616854775749      157.0000000000000
 8.712400844082516      158.0000000000000
 8.711903850618766      159.0000000000000
 8.712245610981585      160.0000000000000
 8.211105967756554      161.0000000000000
 1.822828701118676      162.0000000000000
 1.683400273164408      163.0000000000000
 1.685761403534421      164.0000000000000
 1.833321139214319      165.0000000000000
 8.255668698500164      166.0000000000000
 8.754950649730645      167.0000000000000
 8.753894788133831      168.0000000000000
 8.753659594451388      169.0000000000000
 8.254827327064298      170.0000000000000
 1.795189641322905      171.0000000000000
 1.645034053098625      172.0000000000000
 1.640947785934101      173.0000000000000
 1.776125389340605      174.0000000000000
 7.998736689875435      175.0000000000000
 8.480771028133521      176.0000000000000
 8.480523607383541      177.0000000000000
 7.997563956865987      178.0000000000000
 1.778533680182636      179.0000000000000
 1.645716048891140      180.0000000000000
 1.651415550110041      181.0000000000000
 1.804684249167681      182.0000000000000
 8.258690863035524      183.0000000000000
 8.752710994834834      184.0000000000000
 8.751197813443959      185.0000000000000
 8.252128004397662      186.0000000000000
 1.793530797548892      187.0000000000000
 1.643589401614067      188.0000000000000
 1.639587061160286      189.0000000000000
 1.774831880227713      190.0000000000000
 7.995606902378434      191.0000000000000
 8.477496996509803      192.0000000000000
 8.477278293291233      193.0000000000000
 7.994550388142469      194.0000000000000
 1.778638747616540      195.0000000000000
 1.646023082407995      196.0000000000000
 1.651826541543622      197.0000000000000
 1.805248915568598      198.0000000000000
 8.256616334694934      199.0000000000000
 8.750108804231763      200.0000000000000
 8.748831125783767      201.0000000000000
 8.748373512153487      202.0000000000000
 8.244337199427680      203.0000000000000
 1.820934061134928      204.0000000000000
 1.676722019487466      205.0000000000000
 1.676017575010521      206.0000000000000
 1.817707353318020      207.0000000000000
 8.203247066333761      208.0000000000000
 8.703063573201071      209.0000000000000
 8.702525049463242      210.0000000000000
