BETA     element
 1.663430000000000      0.000000000000000
 1.665597696683831      1.000000000000000
 1.808198871300455      2.000000000000000
 8.201541695428936      3.000000000000000
 8.699292314621403      4.000000000000000
 8.696151325904683      5.000000000000000
 8.188255804758054      6.000000000000000
 1.777418458209633      7.000000000000000
 1.637135947813666      8.000000000000000
 1.637130143467399      9.000000000000000
 1.777406442559463      10.00000000000000
 8.191048132046411      11.00000000000000
 8.699299828676253      12.00000000000000
 8.702535396824748      13.00000000000000
 8.204750025165813      14.00000000000000
 1.808581336864553      15.00000000000000
 1.665658498955481      16.00000000000000
 1.665468799782988      17.00000000000000
 1.807716948610440      18.00000000000000
 8.197550664990228      19.00000000000000
 8.695218099721831      20.00000000000000
 8.692172146289256      21.00000000000000
 8.184682712633958      22.00000000000000
 1.777336950363210      23.00000000000000
 1.637079499128475      24.00000000000000
 1.637076186333491      25.00000000000000
 1.777367117069557      26.00000000000000
 8.194012163968484      27.00000000000000
 8.702630248489275      28.00000000000000
 8.705959804708158      29.00000000000000
 8.208127528797046      30.00000000000000
 1.808929972880678      31.00000000000000
 1.665665175706254      32.00000000000000
 1.663307941306013      33.00000000000000
 1.665278806362609      34.00000000000000
 1.808157499864217      35.00000000000000
 8.229614256719648      36.00000000000000
 8.733769260552325      37.00000000000000
 8.735477364515988      38.00000000000000
 8.237209142238299      39.00000000000000
 1.844202744243920      40.00000000000000
 1.701004961015234      41.00000000000000
 1.698887322037148      42.00000000000000
 1.701080413269990      43.00000000000000
 1.843612308069377      44.00000000000000
 8.215845164379111      45.00000000000000
 8.709109963035029      46.00000000000000
 8.703122294476053      47.00000000000000
 8.189873449036295      48.00000000000000
 1.743783754063570      49.00000000000000
 1.602362396831294      50.00000000000000
 1.601805815502083      51.00000000000000
 1.741254279625346      52.00000000000000
 8.169606669086736      53.00000000000000
 8.682510943247294      54.00000000000000
 8.688970365359376      55.00000000000000
 8.197653425568587      56.00000000000000
 1.843038707654020      57.00000000000000
 1.700841193284226      58.00000000000000
 1.700907627805091      59.00000000000000
 1.843423274465079      60.00000000000000
 8.217821967707769      61.00000000000000
 8.711394119944870      62.00000000000000
 8.705504217940909      63.00000000000000
 8.192279974645054      64.00000000000000
 1.744036908088102      65.00000000000000
 1.602303048908725      66.00000000000000
 1.601561485081867      67.00000000000000
 1.740666565599892      68.00000000000000
 8.165381001434795      69.00000000000000
 8.678185448157603      70.00000000000000
 8.684736281513846      71.00000000000000
 8.193830073505367      72.00000000000000
 1.842800195353207      73.00000000000000
 1.700619953249985      74.00000000000000
 1.698493741286916      75.00000000000000
 1.700677384483922      76.00000000000000
 1.844160414304848      77.00000000000000
 8.255695920829361      78.00000000000000
 8.756145183412578      79.00000000000000
 8.755028684109025      80.00000000000000
 8.250700684650665      81.00000000000000
 1.810954229752695      82.00000000000000
 1.665846670880050      83.00000000000000
 1.663240388590165      84.00000000000000
 1.664960632679953      85.00000000000000
 1.805946176414116      86.00000000000000
 8.183556072110425      87.00000000000000
 8.680875938919996      88.00000000000000
 8.678075945893733      89.00000000000000
 8.171772636823956      90.00000000000000
 1.776171264264463      91.00000000000000
 1.636208051583822      92.00000000000000
 1.636319350495806      93.00000000000000
 1.776794492563150      94.00000000000000
 8.201296823958653      95.00000000000000
 8.710892752665670      96.00000000000000
 8.714547011454853      97.00000000000000
 8.216837235811406      98.00000000000000
 1.810176337337530      99.00000000000000
 1.665731114947809      100.0000000000000
 1.664648792756262      101.0000000000000
 1.805262154732295      102.0000000000000
 8.178370894007978      103.0000000000000
 8.675520549952356      104.0000000000000
 8.672808423020150      105.0000000000000
 8.166974518983478      106.0000000000000
 1.775786064735295      107.0000000000000
 1.635870437408344      108.0000000000000
 1.635983994890217      109.0000000000000
 1.776450359539612      110.0000000000000
 8.203015327847650      111.0000000000000
 8.712912724359057      112.0000000000000
 8.716667958616501      113.0000000000000
 8.218999289938413      114.0000000000000
 1.810320991075181      115.0000000000000
 1.665554475757033      116.0000000000000
 1.662752872269385      117.0000000000000
 1.664275918251418      118.0000000000000
 1.805500145976286      119.0000000000000
 8.209244530472180      120.0000000000000
 8.712786416394717      121.0000000000000
 8.714810422365680      122.0000000000000
 8.218232994261813      123.0000000000000
 1.842222383887478      124.0000000000000
 1.699408413221737      125.0000000000000
 1.697356192576463      126.0000000000000
 1.699613344398726      127.0000000000000
 1.842326089936073      128.0000000000000
 8.224468612605225      129.0000000000000
 8.719047244665738      130.0000000000000
 8.713518286599236      131.0000000000000
 8.200508504211529      132.0000000000000
 1.745315823082110      133.0000000000000
 1.602374633631327      134.0000000000000
 1.600912482706814      135.0000000000000
 1.738676581283700      136.0000000000000
 8.148253166029274      137.0000000000000
 8.660435564225091      138.0000000000000
 8.667189393934756      139.0000000000000
 8.177601063852830      140.0000000000000
 1.840755298525613      141.0000000000000
 1.698962292101299      142.0000000000000
 1.699157706633804      143.0000000000000
 1.841830237840091      144.0000000000000
 8.225188307989255      145.0000000000000
 8.720008871336900      146.0000000000000
 8.714584792289838      147.0000000000000
 8.201688532303331      148.0000000000000
 1.745365094762456      149.0000000000000
 1.602132700507392      150.0000000000000
 1.600486360319591      151.0000000000000
 1.737888654792926      152.0000000000000
 8.142843304130785      153.0000000000000
 8.654839026300220      154.0000000000000
 8.661676854036585      155.0000000000000
 8.172561584246663      156.0000000000000
 1.840212393354806      157.0000000000000
 1.698458793786795      158.0000000000000
 1.696398042050191      159.0000000000000
 1.698644736926929      160.0000000000000
 1.842260070407947      161.0000000000000
 8.261874144350740      162.0000000000000
 8.763519846801771      163.0000000000000
 8.762883280310170      164.0000000000000
 8.258981995650430      165.0000000000000
 1.812288819749432      166.0000000000000
 1.665729121179897      167.0000000000000
 1.662684120296992      168.0000000000000
 1.663959978301866      169.0000000000000
 1.803275660437308      170.0000000000000
 8.161185070124732      171.0000000000000
 8.657670065904783      172.0000000000000
 8.655138204257007      173.0000000000000
 8.150588740095838      174.0000000000000
 1.773377282412695      175.0000000000000
 1.633814221672281      176.0000000000000
 1.634033417630024      177.0000000000000
 1.774592633034037      178.0000000000000
 8.206237547925571      179.0000000000000
 8.716977063587883      180.0000000000000
 8.721121762423243      181.0000000000000
 8.223926927749508      182.0000000000000
 1.811305374312577      183.0000000000000
 1.665429671188469      184.0000000000000
 1.663465435861991      185.0000000000000
 1.802391233304579      186.0000000000000
 8.154829513058139      187.0000000000000
 8.651058653248960      188.0000000000000
 8.648607435394851      189.0000000000000
 8.144589126094772      190.0000000000000
 1.772690585533097      191.0000000000000
 1.633196574624772      192.0000000000000
 1.633417255193309      193.0000000000000
 1.773943317535455      194.0000000000000
 8.206691171896805      195.0000000000000
 8.717665683438666      196.0000000000000
 8.721918156034050      197.0000000000000
 8.224853354344457      198.0000000000000
 1.811244146580052      199.0000000000000
 1.665069228133536      200.0000000000000
 1.661830896539611      201.0000000000000
 1.662909980758670      202.0000000000000
 1.802428080201023      203.0000000000000
 8.184523225800614      204.0000000000000
 8.687047475175561      205.0000000000000
 8.689311898401034      206.0000000000000
 8.194578548570190      207.0000000000000
 1.838650725926974      208.0000000000000
 1.696296916110832      209.0000000000000
 1.694304071356202      210.0000000000000
