DISP     element
0.3097580000000000E-002      0.000000000000000
0.3076844180000000E-002      1.000000000000000
0.2915029324734512E-002      2.000000000000000
0.1674417369880105      3.000000000000000
0.2053945024177306      4.000000000000000
0.2303579296639953      5.000000000000000
0.2814042145463080      6.000000000000000
 1.040643967165408      7.000000000000000
 1.099614768240791      8.000000000000000
 1.115044594895608      9.000000000000000
 1.109107580389511      10.00000000000000
0.8701497306520668      11.00000000000000
0.8878785225431354      12.00000000000000
0.9129071591485782      13.00000000000000
0.9844102165754354      14.00000000000000
 2.149555692674115      15.00000000000000
 2.214450199343175      16.00000000000000
 2.214442533152426      17.00000000000000
 2.149520687970209      18.00000000000000
0.9840913431043185      19.00000000000000
0.9125707753476562      20.00000000000000
0.8875380619821998      21.00000000000000
0.8698128648507157      22.00000000000000
 1.108919596435199      23.00000000000000
 1.114864331702023      24.00000000000000
 1.099434809900705      25.00000000000000
 1.040457336604696      26.00000000000000
0.2810790002774869      27.00000000000000
0.2300304671651348      28.00000000000000
0.2050720890795135      29.00000000000000
0.1671389537806537      30.00000000000000
0.2921788679480702E-002      31.00000000000000
0.3112191581626570E-002      32.00000000000000
0.3140593003532641E-002      33.00000000000000
0.3168994425438713E-002      34.00000000000000
0.3174899802291084E-002      35.00000000000000
0.2290791370613868E-002      36.00000000000000
0.2250598761155498E-002      37.00000000000000
0.2253990502368656E-002      38.00000000000000
0.2305666176870721E-002      39.00000000000000
0.3300298415857431E-002      40.00000000000000
0.3312515498297875E-002      41.00000000000000
0.3291428237486156E-002      42.00000000000000
0.3270340976674437E-002      43.00000000000000
0.3113987634750582E-002      44.00000000000000
0.1677617616987683      45.00000000000000
0.2057152051939005      46.00000000000000
0.2306727680018569      47.00000000000000
0.2816980845249671      48.00000000000000
 1.040615596963983      49.00000000000000
 1.099557128922663      50.00000000000000
 1.114971555901054      51.00000000000000
 1.109008920856326      52.00000000000000
0.8698037835316363      53.00000000000000
0.8875179086930581      54.00000000000000
0.9125436462888840      55.00000000000000
0.9840516434125463      56.00000000000000
 2.149352737054653      57.00000000000000
 2.214256188579173      58.00000000000000
 2.214249829897740      59.00000000000000
 2.149323549035099      60.00000000000000
0.9837830632065908      61.00000000000000
0.9122631286604302      62.00000000000000
0.8872372327734270      63.00000000000000
0.8695350900532280      64.00000000000000
 1.108989392420433      65.00000000000000
 1.114964623096095      66.00000000000000
 1.099550492514377      67.00000000000000
 1.040597384312100      68.00000000000000
0.2814407176097463      69.00000000000000
0.2304047289265550      70.00000000000000
0.2054482712126399      71.00000000000000
0.1675088299824342      72.00000000000000
0.3125463393033827E-002      73.00000000000000
0.3305863589622335E-002      74.00000000000000
0.3333308968661228E-002      75.00000000000000
0.3360754347700120E-002      76.00000000000000
0.3370139065735757E-002      77.00000000000000
0.2591501440805802E-002      78.00000000000000
0.2550244429497155E-002      79.00000000000000
0.2546452490268855E-002      80.00000000000000
0.2574184196955333E-002      81.00000000000000
0.3211545366150749E-002      82.00000000000000
0.3193224762428519E-002      83.00000000000000
0.3164676397750651E-002      84.00000000000000
0.3136128033072783E-002      85.00000000000000
0.2957060161437469E-002      86.00000000000000
0.1674084177622991      87.00000000000000
0.2053512314391404      88.00000000000000
0.2303076467289728      89.00000000000000
0.2813401116477307      90.00000000000000
 1.040427215689449      91.00000000000000
 1.099378892730920      92.00000000000000
 1.114795204515699      93.00000000000000
 1.108828875556768      94.00000000000000
0.8695170059543793      95.00000000000000
0.8872328401474915      96.00000000000000
0.9122664006149980      97.00000000000000
0.9837999859420354      98.00000000000000
 2.149482092651448      99.00000000000000
 2.214417258405994      100.0000000000000
 2.214425823611127      101.0000000000000
 2.149521044431278      102.0000000000000
0.9841520448579250      103.0000000000000
0.9126406833982676      104.0000000000000
0.8876149927378363      105.0000000000000
0.8699043993958094      106.0000000000000
 1.109179183343808      107.0000000000000
 1.115143254180949      108.0000000000000
 1.099726646570180      109.0000000000000
 1.040776210092931      110.0000000000000
0.2817161967905611      111.0000000000000
0.2306771855020723      112.0000000000000
0.2057119582163182      113.0000000000000
0.1677448675994094      114.0000000000000
0.2955544565722379E-002      115.0000000000000
0.3103016051918597E-002      116.0000000000000
0.3122999792434693E-002      117.0000000000000
0.3142983532950788E-002      118.0000000000000
0.3132139029307189E-002      119.0000000000000
0.2204528781088044E-002      120.0000000000000
0.2155981897088129E-002      121.0000000000000
0.2152407919228108E-002      122.0000000000000
0.2188821583318504E-002      123.0000000000000
0.2999114744622929E-002      124.0000000000000
0.2991409692867900E-002      125.0000000000000
0.2964060252893878E-002      126.0000000000000
0.2936710812919856E-002      127.0000000000000
0.2755261983637177E-002      128.0000000000000
0.1671173577956157      129.0000000000000
0.2050643077111452      130.0000000000000
0.2300303480374927      131.0000000000000
0.2810924004410572      132.0000000000000
 1.040609773012817      133.0000000000000
 1.099596073400291      134.0000000000000
 1.115027877606858      135.0000000000000
 1.109082132046234      136.0000000000000
0.8699126057444850      137.0000000000000
0.8876349293273433      138.0000000000000
0.9126679640812524      139.0000000000000
0.9841925521324492      140.0000000000000
 2.149696608715167      141.0000000000000
 2.214620206124510      142.0000000000000
 2.214625769035138      143.0000000000000
 2.149722306011020      144.0000000000000
0.9844318396669960      145.0000000000000
0.9129149651529235      146.0000000000000
0.8878786668690980      147.0000000000000
0.8701363601654992      148.0000000000000
 1.108955254086542      149.0000000000000
 1.114883445055036      150.0000000000000
 1.099451335591509      151.0000000000000
 1.040481539995017      152.0000000000000
0.2813044912846286      153.0000000000000
0.2302610715568404      154.0000000000000
0.2052973184143184      155.0000000000000
0.1673405249310972      156.0000000000000
0.2739027447263263E-002      157.0000000000000
0.2899085596853595E-002      158.0000000000000
0.2920872697866258E-002      159.0000000000000
0.2942659798878922E-002      160.0000000000000
0.2931496345274609E-002      161.0000000000000
0.1931929652422415E-002      162.0000000000000
0.1889414218477858E-002      163.0000000000000
0.1896850692540181E-002      164.0000000000000
0.1965909023815527E-002      165.0000000000000
0.3243002121960122E-002      166.0000000000000
0.3271392439243275E-002      167.0000000000000
0.3251582570608970E-002      168.0000000000000
0.3231772701974665E-002      169.0000000000000
0.3068066539205232E-002      170.0000000000000
0.1675217902353391      171.0000000000000
0.2054712847972003      172.0000000000000
0.2304351462008055      173.0000000000000
0.2814862510082792      174.0000000000000
 1.040815084516478      175.0000000000000
 1.099788780120411      176.0000000000000
 1.115216998046239      177.0000000000000
 1.109271641580553      178.0000000000000
0.8701725672567999      179.0000000000000
0.8878879887449186      180.0000000000000
0.9129092593414734      181.0000000000000
0.9843993735322073      182.0000000000000
 2.149412149674184      183.0000000000000
 2.214298495145687      184.0000000000000
 2.214288958947058      185.0000000000000
 2.149368933435299      186.0000000000000
0.9840114358824863      187.0000000000000
0.9124940298512730      188.0000000000000
0.8874608213138173      189.0000000000000
0.8697306958163563      190.0000000000000
 1.108747223916736      191.0000000000000
 1.114688993445579      192.0000000000000
 1.099261061981791      193.0000000000000
 1.040291938737373      194.0000000000000
0.2810553319021857      195.0000000000000
0.2300201940445504      196.0000000000000
0.2050691813845650      197.0000000000000
0.1671489623854885      198.0000000000000
0.3063970619442223E-002      199.0000000000000
0.3262525336846343E-002      200.0000000000000
0.3291870830973914E-002      201.0000000000000
0.3321216325101486E-002      202.0000000000000
0.3325325319698518E-002      203.0000000000000
0.2371095926829002E-002      204.0000000000000
0.2328025318094784E-002      205.0000000000000
0.2332068808674367E-002      206.0000000000000
0.2388948136615433E-002      207.0000000000000
0.3478008265178749E-002      208.0000000000000
0.3493541833075626E-002      209.0000000000000
0.3471690224385817E-002      210.0000000000000
