 SGx1               SGx2              SGy1                SGy2              chrom_x            chrom_y            CONS(MU)           quad_Kx                 quad_Ky                 quad_Kz                  alpha_0              alpha_1            eta_1
 0.000000000000000  0.000000000000000  0.000000000000000  0.000000000000000 -7.049290143947817 -7.244841227681583 0.1635650538713491 0.1752386520857550E-002 0.1998508150394870E-001 0.9876242932108873E-002 0.3803087459771731E-001 0.1127902155764936 0.9380338335884810
 0.000000000000000 0.2000000000000000E-001  0.000000000000000  0.000000000000000 -3.435685288953455 -7.477963800935124 0.1635650538713491 0.2748209923543915E-002 0.8601240363653629E-002 0.9397643109404214E-002 0.3803087459771731E-001 0.8375282462023402E-001 0.9089964426322215
 0.000000000000000 0.4000000000000000E-001  0.000000000000000  0.000000000000000 0.1779195886360603 -7.711086375649733 0.1635650538713491 0.3744033332458800E-002 -.2782600847813641E-002 0.8919039509346565E-002 0.3803087459771742E-001 0.5471543348239602E-001 0.8799590514943834
0.2000000000000000E-001  0.000000000000000  0.000000000000000  0.000000000000000 -3.332179939192732 -7.492095951829596 0.1635650538713491 0.2031415096576631E-002 0.1404880247498387E-001 0.8481125055838309E-002 0.3803087459771731E-001 -.3423501931200389E-002 0.8218201160807871
0.2000000000000000E-001 0.2000000000000000E-001  0.000000000000000  0.000000000000000 0.2814249158016552 -7.725218525083166 0.1635650538713491 0.3027238499262837E-002 0.2664961334687995E-002 0.8002524356175817E-002 0.3803087459771742E-001 -.3246089288745981E-001 0.7927827251245275
0.2000000000000000E-001 0.4000000000000000E-001  0.000000000000000  0.000000000000000  3.895029793391179 -7.958341099797782 0.1635650538713491 0.4023061908177702E-002 -.8718879876790396E-002 0.7523918390197764E-002 0.3803087459771742E-001 -.6149828402529832E-001 0.7637453339866891
0.4000000000000000E-001  0.000000000000000  0.000000000000000  0.000000000000000 0.3849302888047259 -7.739350677526974 0.1635650538713491 0.2310443674040698E-002 0.8112523408898129E-002 0.7086004712714005E-002 0.3803087459771731E-001 -.1196372201655497 0.7056063978464377
0.4000000000000000E-001 0.2000000000000000E-001  0.000000000000000  0.000000000000000  3.998535143799070 -7.972473250780493 0.1635650538713491 0.3306267076726994E-002 -.3271317731393668E-002 0.6607400496376216E-002 0.3803087459771731E-001 -.1486746111218090 0.6765690068901784
0.4000000000000000E-001 0.4000000000000000E-001  0.000000000000000  0.000000000000000  7.612140021388615 -8.205595825495141 0.1635650538713491 0.4302090485641562E-002 -.1465515894287440E-001 0.6128798936309831E-002 0.3803087459771742E-001 -.1777120022596466 0.6475316157523408
 0.000000000000000  0.000000000000000 -.3000000000000000E-001  0.000000000000000 -7.209539896793345 -2.818081838901949 0.1635650538713491 -.1955222102724861E-002 0.2695193428000156E-001 0.9794126656704738E-002 0.3803087459771731E-001 0.1361190253109433 0.9613626433229308
 0.000000000000000 0.2000000000000000E-001 -.3000000000000000E-001  0.000000000000000 -3.595935041799017 -3.051204412155460 0.1635650538713491 -.9593987000370212E-003 0.1556809313971344E-001 0.9315527225397788E-002 0.3803087459771731E-001 0.1070816343546847 0.9323252523666722
 0.000000000000000 0.4000000000000000E-001 -.3000000000000000E-001  0.000000000000000 0.1766983579050332E-001 -3.284326986870072 0.1635650538713491 0.3642470887624500E-004 0.4184251928228644E-002 0.8836923241629113E-002 0.3803087459771731E-001 0.7804424321684598E-001 0.9032878612288335
0.2000000000000000E-001  0.000000000000000 -.3000000000000000E-001  0.000000000000000 -3.492429692038266 -3.065336563049970 0.1635650538713491 -.1676193527005927E-002 0.2101565525103590E-001 0.8399012134955492E-002 0.3803087459771731E-001 0.1990530780324955E-001 0.8451489258152370
0.2000000000000000E-001 0.2000000000000000E-001 -.3000000000000000E-001  0.000000000000000 0.1211751629560999 -3.298459136303512 0.1635650538713491 -.6803701243197020E-003 0.9631814110748149E-002 0.7920401697340233E-002 0.3803087459771742E-001 -.9132083153009124E-002 0.8161115348589782
0.2000000000000000E-001 0.4000000000000000E-001 -.3000000000000000E-001  0.000000000000000  3.734780040545600 -3.531581711018109 0.1635650538713491 0.3154532845950235E-003 -.1752027100737721E-002 0.7441804344545459E-002 0.3803087459771731E-001 -.3816947429084796E-001 0.7870741437211395
0.4000000000000000E-001  0.000000000000000 -.3000000000000000E-001  0.000000000000000 0.2246805359591786 -3.312591288747326 0.1635650538713491 -.1397164949541699E-002 0.1507937618495772E-001 0.7003888661444596E-002 0.3803087459771731E-001 -.9630841043109938E-001 0.7289352075808880
0.4000000000000000E-001 0.2000000000000000E-001 -.3000000000000000E-001  0.000000000000000  3.838285390953574 -3.545713862000899 0.1635650538713491 -.4013415468570807E-003 0.3695535044663304E-002 0.6525285568468702E-002 0.3803087459771731E-001 -.1253458013873585 0.6998978166246289
0.4000000000000000E-001 0.4000000000000000E-001 -.3000000000000000E-001  0.000000000000000  7.451890268543098 -3.778836436715511 0.1635650538713491 0.5944818620563811E-003 -.7688306166817640E-002 0.6046685209667126E-002 0.3803087459771731E-001 -.1543831925251967 0.6708604254867907
 0.000000000000000  0.000000000000000 -.6000000000000000E-001  0.000000000000000 -7.369789648458951  1.608677517367148 0.1635650538713491 -.5662830699077312E-002 0.3391878700487886E-001 0.9712018808697747E-002 0.3803087459771731E-001 0.1594478348740286 0.9846914528860160
 0.000000000000000 0.2000000000000000E-001 -.6000000000000000E-001  0.000000000000000 -3.756184793464602  1.375554944113619 0.1635650538713491 -.4667007296390777E-002 0.2253494586458406E-001 0.9233414134488730E-002 0.3803087459771742E-001 0.1304104439177691 0.9556540619297564
 0.000000000000000 0.4000000000000000E-001 -.6000000000000000E-001  0.000000000000000 -.1425799158750729  1.142432369398995 0.1635650538713491 -.3671183887476452E-002 0.1115110465310381E-001 0.8754808750227964E-002 0.3803087459771742E-001 0.1013730527799308 0.9266166707919181
0.2000000000000000E-001  0.000000000000000 -.6000000000000000E-001  0.000000000000000 -3.652679443703821  1.361422793219067 0.1635650538713491 -.5383802123358082E-002 0.2798250797591414E-001 0.8316894248263576E-002 0.3803087459771742E-001 0.4323411736633431E-001 0.8684777353783217
0.2000000000000000E-001 0.2000000000000000E-001 -.6000000000000000E-001  0.000000000000000 -.3907458870949205E-001  1.128300219965571 0.1635650538713491 -.4387978720671877E-002 0.1659866683561845E-001 0.7838290952985428E-002 0.3803087459771742E-001 0.1419672641007495E-001 0.8394403444220624
0.2000000000000000E-001 0.4000000000000000E-001 -.6000000000000000E-001  0.000000000000000  3.574530288880033 0.8951776452509496 0.1635650538713491 -.3392155311757229E-002 0.5214825624140127E-002 0.7359685297639678E-002 0.3803087459771742E-001 -.1484066472776301E-001 0.8104029532842243
0.4000000000000000E-001  0.000000000000000 -.6000000000000000E-001  0.000000000000000 0.6443078429362012E-001  1.114168067521722 0.1635650538713491 -.5104773545893954E-002 0.2204622890982894E-001 0.6921772806414376E-002 0.3803087459771731E-001 -.7297960086801492E-001 0.7522640171439725
0.4000000000000000E-001 0.2000000000000000E-001 -.6000000000000000E-001  0.000000000000000  3.678035639287970 0.8810454942681967 0.1635650538713491 -.4108950143207777E-002 0.1066238776953412E-001 0.6443169794343832E-002 0.3803087459771742E-001 -.1020169918242738 0.7232266261877136
0.4000000000000000E-001 0.4000000000000000E-001 -.6000000000000000E-001  0.000000000000000  7.291640516877489 0.6479229195535751 0.1635650538713491 -.3113126734293249E-002 -.7214534419460367E-003 0.5964562076515292E-002 0.3803087459771742E-001 -.1310543829621121 0.6941892350498753
