 SGx1               SGx2              SGy1                SGy2              chrom_x            chrom_y            CONS(MU)           quad_Kx                 quad_Ky                 quad_Kz                  alpha_0              alpha_1            eta_1
 0.000000000000000  0.000000000000000  0.000000000000000  0.000000000000000 -7.251793529168416 -7.342233537101572 0.1635648285361421 -.2642657570661072E-003 -.2052120885025368E-002 0.9849606093325096E-002 0.3759566742109821E-001 0.1105616788806071 0.9361378869774131
 0.000000000000000 0.2000000000000000E-001  0.000000000000000  0.000000000000000 -4.961392202770291 -6.286588894013983 0.1635648285361421 0.4156072756752157E-003 -.9627894390537035E-002 0.9385021066980642E-002 0.3759566742109821E-001 0.8255867279598587E-001 0.9081348808927918
 0.000000000000000 0.4000000000000000E-001  0.000000000000000  0.000000000000000 -2.670990876372170 -5.230944250926401 0.1635648285361421 0.1095480308416587E-002 -.1720366789604856E-001 0.8920428877313216E-002 0.3759566742109821E-001 0.5455566671136445E-001 0.8801318748081705
 0.000000000000000 0.6000000000000000E-001  0.000000000000000  0.000000000000000 -.3805895499740416 -4.175299607838812 0.1635648285361421 0.1775353341158059E-002 -.2477944140155963E-001 0.8455836752687511E-002 0.3759566742109821E-001 0.2655266062674322E-001 0.8521288687235492
 0.000000000000000 0.8000000000000000E-001  0.000000000000000  0.000000000000000  1.909811776424085 -3.119654964751228 0.1635648285361421 0.2455226373899370E-002 -.3235521490707142E-001 0.7991248326859253E-002 0.3759566742109821E-001 -.1450345457878392E-002 0.8241258626389276
0.2000000000000000E-001  0.000000000000000  0.000000000000000  0.000000000000000 -4.896835114074909 -6.270309791577732 0.1635648285361421 -.4396202766045938E-004 -.6505640634788401E-002 0.8499165008693516E-002 0.3759566742109821E-001 -.1428060584128268E-002 0.8241481475126777
0.2000000000000000E-001 0.2000000000000000E-001  0.000000000000000  0.000000000000000 -2.606433787676779 -5.214665148490138 0.1635648285361421 0.6359110050808788E-003 -.1408141414030016E-001 0.8034577677638179E-002 0.3759566742109821E-001 -.2943106666874969E-001 0.7961451414280563
0.2000000000000000E-001 0.4000000000000000E-001  0.000000000000000  0.000000000000000 -.3160324612786563 -4.159020505402557 0.1635648285361421 0.1315784037822315E-002 -.2165718764581135E-001 0.7570000841559148E-002 0.3759566742109821E-001 -.5743407275337092E-001 0.7681421353434350
0.2000000000000000E-001 0.6000000000000000E-001  0.000000000000000  0.000000000000000  1.974368865119463 -3.103375862314977 0.1635648285361421 0.1995657070563730E-002 -.2923296115132267E-001 0.7105399599138892E-002 0.3759566742109821E-001 -.8543707883799198E-001 0.7401391292588140
0.2000000000000000E-001 0.8000000000000000E-001  0.000000000000000  0.000000000000000  4.264770191517593 -2.047731219227391 0.1635648285361421 0.2675530103305078E-002 -.3680873465683427E-001 0.6640798289275360E-002 0.3759566742109821E-001 -.1134400849226138 0.7121361231741923
0.4000000000000000E-001  0.000000000000000  0.000000000000000  0.000000000000000 -2.541876698981402 -5.198386046053896 0.1635648285361421 0.1763417017447481E-003 -.1095916038455425E-001 0.7148729258697312E-002 0.3759566742109821E-001 -.1134178000488637 0.7121584080479424
0.4000000000000000E-001 0.2000000000000000E-001  0.000000000000000  0.000000000000000 -.2514753725832732 -4.142741402966303 0.1635648285361421 0.8562147344861380E-003 -.1853493389006569E-001 0.6684133443216242E-002 0.3759566742109821E-001 -.1414208061334849 0.6841554019633211
0.4000000000000000E-001 0.4000000000000000E-001  0.000000000000000  0.000000000000000  2.038925953814845 -3.087096759878728 0.1635648285361421 0.1536087767227635E-002 -.2611070739557660E-001 0.6219546163820270E-002 0.3759566742109821E-001 -.1694238122181071 0.6561523958786989
0.4000000000000000E-001 0.6000000000000000E-001  0.000000000000000  0.000000000000000  4.329327280212969 -2.031452116791140 0.1635648285361421 0.2215960799969103E-002 -.3368648090108764E-001 0.5754957925546521E-002 0.3759566742109821E-001 -.1974268183027283 0.6281493897940778
0.4000000000000000E-001 0.8000000000000000E-001  0.000000000000000  0.000000000000000  6.619728606611094 -.9758074737035546 0.1635648285361421 0.2895833832710255E-002 -.4126225440660005E-001 0.5290366054412364E-002 0.3759566742109821E-001 -.2254298243873495 0.6001463837094565
0.6000000000000000E-001  0.000000000000000  0.000000000000000  0.000000000000000 -.1869182838878964 -4.126462300530061 0.1635648285361421 0.3966454311503453E-003 -.1541268013431785E-001 0.5798292671117507E-002 0.3759566742109821E-001 -.2254075395135992 0.6001686685832068
0.6000000000000000E-001 0.2000000000000000E-001  0.000000000000000  0.000000000000000  2.103483042510238 -3.070817657442464 0.1635648285361421 0.1076518463891795E-002 -.2298845363982899E-001 0.5333696535918296E-002 0.3759566742109821E-001 -.2534105455982198 0.5721656624985861
0.6000000000000000E-001 0.4000000000000000E-001  0.000000000000000  0.000000000000000  4.393884368908354 -2.015173014354886 0.1635648285361421 0.1756391496633120E-002 -.3056422714534076E-001 0.4869101383651418E-002 0.3759566742109821E-001 -.2814135516828413 0.5441626564139648
0.6000000000000000E-001 0.6000000000000000E-001  0.000000000000000  0.000000000000000  6.684285695306477 -.9595283712673029 0.1635648285361421 0.2436264529374715E-002 -.3814000065085121E-001 0.4404514819121506E-002 0.3759566742109821E-001 -.3094165577674629 0.5161596503293431
0.6000000000000000E-001 0.8000000000000000E-001  0.000000000000000  0.000000000000000  8.974687021704613 0.9611627182029270E-001 0.1635648285361421 0.3116137562115995E-002 -.4571577415636319E-001 0.3939926537792529E-002 0.3759566742109821E-001 -.3374195638520843 0.4881566442447217
0.8000000000000000E-001  0.000000000000000  0.000000000000000  0.000000000000000  2.168040131205626 -3.054538555006209 0.1635648285361421 0.6169491605561540E-003 -.1986619988408076E-001 0.4447847618421072E-002 0.3759566742109821E-001 -.3373972789783337 0.4881789291184723
0.8000000000000000E-001 0.2000000000000000E-001  0.000000000000000  0.000000000000000  4.458441457603741 -1.998893911918633 0.1635648285361421 0.1296822193297758E-002 -.2744197338959124E-001 0.3983260975770280E-002 0.3759566742109821E-001 -.3654002850629555 0.4601759230338505
0.8000000000000000E-001 0.4000000000000000E-001  0.000000000000000  0.000000000000000  6.748842784001864 -.9432492688310463 0.1635648285361421 0.1976695226038960E-002 -.3501774689510340E-001 0.3518664389887418E-002 0.3759566742109821E-001 -.3934032911475773 0.4321729169492287
0.8000000000000000E-001 0.6000000000000000E-001  0.000000000000000  0.000000000000000  9.039244110399997 0.1123953742565446 0.1635648285361421 0.2656568258780576E-002 -.4259352040061395E-001 0.3054070321767980E-002 0.3759566742109821E-001 -.4214062972321989 0.4041699108646071
0.8000000000000000E-001 0.8000000000000000E-001  0.000000000000000  0.000000000000000  11.32964543679811  1.168040017344123 0.1635648285361421 0.3336441291521732E-002 -.5016929390612640E-001 0.2589483203525843E-002 0.3759566742109821E-001 -.4494093033168211 0.3761669047799849
 0.000000000000000  0.000000000000000 -.3000000000000000E-001  0.000000000000000 -5.755558861105677 -4.632392985426991 0.1635648285361421 -.3401753924493419E-002 -.1232748071340059E-002 0.9769057330658934E-002 0.3759566742109821E-001 0.1329966356218146 0.9585728437186205
 0.000000000000000 0.2000000000000000E-001 -.3000000000000000E-001  0.000000000000000 -3.465157534707553 -3.576748342339409 0.1635648285361421 -.2721880891752058E-002 -.8808521576851578E-002 0.9304471199214999E-002 0.3759566742109821E-001 0.1049936295371933 0.9305698376339993
 0.000000000000000 0.4000000000000000E-001 -.3000000000000000E-001  0.000000000000000 -1.174756208309430 -2.521103699251820 0.1635648285361421 -.2042007859010646E-002 -.1638429508236293E-001 0.8839879303376697E-002 0.3759566742109821E-001 0.7699062345257060E-001 0.9025668315493766
 0.000000000000000 0.6000000000000000E-001 -.3000000000000000E-001  0.000000000000000  1.115645118088694 -1.465459056164240 0.1635648285361421 -.1362134826269205E-002 -.2396006858787409E-001 0.8375287120223507E-002 0.3759566742109821E-001 0.4898761736794956E-001 0.8745638254647555
 0.000000000000000 0.8000000000000000E-001 -.3000000000000000E-001  0.000000000000000  3.406046444486818 -.4098144130766499 0.1635648285361421 -.6822617935277480E-003 -.3153584209338527E-001 0.7910698588635081E-002 0.3759566742109821E-001 0.2098461128332814E-001 0.8465608193801342
0.2000000000000000E-001  0.000000000000000 -.3000000000000000E-001  0.000000000000000 -3.400600446012169 -3.560469239903153 0.1635648285361421 -.3181450195087855E-002 -.5686267821103574E-002 0.8418619386638872E-002 0.3759566742109821E-001 0.2100689615707901E-001 0.8465831042538849
0.2000000000000000E-001 0.2000000000000000E-001 -.3000000000000000E-001  0.000000000000000 -1.110199119614046 -2.504824596815569 0.1635648285361421 -.2501577162346452E-002 -.1326204132661495E-001 0.7954034979822076E-002 0.3759566742109821E-001 -.6996109927542039E-002 0.8185800981692639
0.2000000000000000E-001 0.4000000000000000E-001 -.3000000000000000E-001  0.000000000000000  1.180202206784082 -1.449179953727982 0.1635648285361421 -.1821704129605043E-002 -.2083781483212626E-001 0.7489441435734728E-002 0.3759566742109821E-001 -.3499911601216383E-001 0.7905770920846422
0.2000000000000000E-001 0.6000000000000000E-001 -.3000000000000000E-001  0.000000000000000  3.470603533182198 -.3935353106404007 0.1635648285361421 -.1141831096863629E-002 -.2841358833763760E-001 0.7024840565107849E-002 0.3759566742109821E-001 -.6300212209678507E-001 0.7625740860000210
0.2000000000000000E-001 0.8000000000000000E-001 -.3000000000000000E-001  0.000000000000000  5.761004859580324 0.6621093324471875 0.1635648285361421 -.4619580641220027E-003 -.3598936184314796E-001 0.6560254970962225E-002 0.3759566742109821E-001 -.9100512818140649E-001 0.7345710799153995
0.4000000000000000E-001  0.000000000000000 -.3000000000000000E-001  0.000000000000000 -1.045642030918662 -2.488545494379314 0.1635648285361421 -.2961146465682654E-002 -.1013978757086932E-001 0.7068178306939743E-002 0.3759566742109821E-001 -.9098284330765619E-001 0.7345933647891498
0.4000000000000000E-001 0.2000000000000000E-001 -.3000000000000000E-001  0.000000000000000  1.244759295479464 -1.432900851291728 0.1635648285361421 -.2281273432941090E-002 -.1771556107637999E-001 0.6603584713033639E-002 0.3759566742109821E-001 -.1189858493922778 0.7065903587045281
0.4000000000000000E-001 0.4000000000000000E-001 -.3000000000000000E-001  0.000000000000000  3.535160621877590 -.3772562082041418 0.1635648285361421 -.1601400400199610E-002 -.2529133458189104E-001 0.6138996523638892E-002 0.3759566742109821E-001 -.1469888554768990 0.6785873526199070
0.4000000000000000E-001 0.6000000000000000E-001 -.3000000000000000E-001  0.000000000000000  5.825561948275706 0.6783884348834400 0.1635648285361421 -.9215273674581882E-003 -.3286710808740220E-001 0.5674408612237045E-002 0.3759566742109821E-001 -.1749918615615206 0.6505843465352854
0.4000000000000000E-001 0.8000000000000000E-001 -.3000000000000000E-001  0.000000000000000  8.115963274673835  1.734033077971027 0.1635648285361421 -.2416543347168341E-003 -.4044288159291382E-001 0.5209816599478805E-002 0.3759566742109821E-001 -.2029948676461424 0.6225813404506636
0.6000000000000000E-001  0.000000000000000 -.3000000000000000E-001  0.000000000000000  1.309316384174846 -1.416621748855477 0.1635648285361421 -.2740842736276808E-002 -.1459330732063202E-001 0.5717742805975072E-002 0.3759566742109821E-001 -.2029725827723921 0.6226036253244139
0.6000000000000000E-001 0.2000000000000000E-001 -.3000000000000000E-001  0.000000000000000  3.599717710572970 -.3609771057678912 0.1635648285361421 -.2060969703535411E-002 -.2216908082614304E-001 0.5253146574814068E-002 0.3759566742109821E-001 -.2309755888570135 0.5946006192397925
0.6000000000000000E-001 0.4000000000000000E-001 -.3000000000000000E-001  0.000000000000000  5.890119036971093 0.6946675373196963 0.1635648285361421 -.1381096670794098E-002 -.2974485433165481E-001 0.4788553339143772E-002 0.3759566742109821E-001 -.2589785949416340 0.5665976131551720
0.6000000000000000E-001 0.6000000000000000E-001 -.3000000000000000E-001  0.000000000000000  8.180520363369213  1.750312180407277 0.1635648285361421 -.7012236380524876E-003 -.3732062783716528E-001 0.4323965127566875E-002 0.3759566742109821E-001 -.2869816010262554 0.5385946070705506
0.6000000000000000E-001 0.8000000000000000E-001 -.3000000000000000E-001  0.000000000000000  10.47092168976735  2.805956823494863 0.1635648285361421 -.2135060531126846E-004 -.4489640134267765E-001 0.3859376737897164E-002 0.3759566742109821E-001 -.3149846071108771 0.5105916009859289
0.8000000000000000E-001  0.000000000000000 -.3000000000000000E-001  0.000000000000000  3.664274799268362 -.3446980033316313 0.1635648285361421 -.2520539006871201E-002 -.1904682707039536E-001 0.4367297909496124E-002 0.3759566742109821E-001 -.3149623222371267 0.5106138858596794
0.8000000000000000E-001 0.2000000000000000E-001 -.3000000000000000E-001  0.000000000000000  5.954676125666484 0.7109466397559521 0.1635648285361421 -.1840665974129687E-002 -.2662260057590634E-001 0.3902711251645865E-002 0.3759566742109821E-001 -.3429653283217481 0.4826108797750579
0.8000000000000000E-001 0.4000000000000000E-001 -.3000000000000000E-001  0.000000000000000  8.245077452064598  1.766591282843530 0.1635648285361421 -.1160792941388608E-002 -.3419837408141914E-001 0.3438115069693709E-002 0.3759566742109821E-001 -.3709683344063702 0.4546078736904358
0.8000000000000000E-001 0.6000000000000000E-001 -.3000000000000000E-001  0.000000000000000  10.53547877846274  2.822235925931132 0.1635648285361421 -.4809199086470554E-003 -.4177414758692987E-001 0.2973522040550093E-002 0.3759566742109821E-001 -.3989713404909919 0.4266048676058141
0.8000000000000000E-001 0.8000000000000000E-001 -.3000000000000000E-001  0.000000000000000  12.82588010486086  3.877880569018711 0.1635648285361421 0.1989531240945633E-003 -.4934992109244023E-001 0.2508932974207032E-002 0.3759566742109821E-001 -.4269743465756134 0.3986018615211926
 0.000000000000000  0.000000000000000 -.6000000000000000E-001  0.000000000000000 -4.259324193042938 -1.922552433752413 0.1635648285361421 -.6539242091920613E-002 -.4133752576542586E-003 0.9688509467671108E-002 0.3759566742109821E-001 0.1554315923630216 0.9810078004598276
 0.000000000000000 0.2000000000000000E-001 -.6000000000000000E-001  0.000000000000000 -1.968922866644816 -.8669077906648273 0.1635648285361421 -.5859369059179234E-002 -.7989148763165737E-002 0.9223919944556878E-002 0.3759566742109821E-001 0.1274285862783998 0.9530047943752058
 0.000000000000000 0.4000000000000000E-001 -.6000000000000000E-001  0.000000000000000 0.3214784597533094 0.1887368524227571 0.1635648285361421 -.5179496026437832E-002 -.1556492226867708E-001 0.8759327761343914E-002 0.3759566742109821E-001 0.9942558019377862E-001 0.9250017882905845
 0.000000000000000 0.6000000000000000E-001 -.6000000000000000E-001  0.000000000000000  2.611879786151438  1.244381495510346 0.1635648285361421 -.4499622993696502E-002 -.2314069577418879E-001 0.8294735547597597E-002 0.3759566742109821E-001 0.7142257410915720E-001 0.8969987822059632
 0.000000000000000 0.8000000000000000E-001 -.6000000000000000E-001  0.000000000000000  4.902281112549556  2.300026138597928 0.1635648285361421 -.3819749960955052E-002 -.3071646927969990E-001 0.7830146601360262E-002 0.3759566742109821E-001 0.4341956802453485E-001 0.8689957761213408
0.2000000000000000E-001  0.000000000000000 -.6000000000000000E-001  0.000000000000000 -1.904365777949430 -.8506286882285727 0.1635648285361421 -.6318938362515019E-002 -.4866895007417617E-002 0.8338079171153491E-002 0.3759566742109821E-001 0.4344185289828610E-001 0.8690180609950922
0.2000000000000000E-001 0.2000000000000000E-001 -.6000000000000000E-001  0.000000000000000 0.3860355484486940 0.2050159548590124 0.1635648285361421 -.5639065329773656E-002 -.1244266851292893E-001 0.7873475906415940E-002 0.3759566742109821E-001 0.1543884681366487E-001 0.8410150549104709
0.2000000000000000E-001 0.4000000000000000E-001 -.6000000000000000E-001  0.000000000000000  2.676436874846818  1.260660597946597 0.1635648285361421 -.4959192297032210E-002 -.2001844201844025E-001 0.7408880750634434E-002 0.3759566742109821E-001 -.1256415927095655E-001 0.8130120488258494
0.2000000000000000E-001 0.6000000000000000E-001 -.6000000000000000E-001  0.000000000000000  4.966838201244946  2.316305241034184 0.1635648285361421 -.4279319264290816E-002 -.2759421552395156E-001 0.6944295304467699E-002 0.3759566742109821E-001 -.4056716535557797E-001 0.7850090427412280
0.2000000000000000E-001 0.8000000000000000E-001 -.6000000000000000E-001  0.000000000000000  7.257239527643064  3.371949884121766 0.1635648285361421 -.3599446231549334E-002 -.3516998902946280E-001 0.6479704101801786E-002 0.3759566742109821E-001 -.6857017144019976E-001 0.7570060366566063
0.4000000000000000E-001  0.000000000000000 -.6000000000000000E-001  0.000000000000000 0.4505926371440768 0.2212950572952651 0.1635648285361421 -.6098634633109522E-002 -.9320414757181929E-002 0.6987627424569459E-002 0.3759566742109821E-001 -.6854788656644910E-001 0.7570283215303568
0.4000000000000000E-001 0.2000000000000000E-001 -.6000000000000000E-001  0.000000000000000  2.740993963542202  1.276939700382852 0.1635648285361421 -.5418761600368168E-002 -.1689618826269364E-001 0.6523036675090339E-002 0.3759566742109821E-001 -.9655089265107088E-001 0.7290253154457351
0.4000000000000000E-001 0.4000000000000000E-001 -.6000000000000000E-001  0.000000000000000  5.031395289940325  2.332584343470437 0.1635648285361421 -.4738888567626651E-002 -.2447196176820467E-001 0.6058441116060668E-002 0.3759566742109821E-001 -.1245538987356921 0.7010223093611139
0.4000000000000000E-001 0.6000000000000000E-001 -.6000000000000000E-001  0.000000000000000  7.321796616338446  3.388228986558019 0.1635648285361421 -.4059015534885392E-002 -.3204773527371613E-001 0.5593857372768455E-002 0.3759566742109821E-001 -.1525569048203135 0.6730193032764924
0.4000000000000000E-001 0.8000000000000000E-001 -.6000000000000000E-001  0.000000000000000  9.612197942736573  4.443873629645608 0.1635648285361421 -.3379142502143966E-002 -.3962350877922744E-001 0.5129266842475390E-002 0.3759566742109821E-001 -.1805599109049348 0.6450162971918713
0.6000000000000000E-001  0.000000000000000 -.6000000000000000E-001  0.000000000000000  2.805551052237583  1.293218802819105 0.1635648285361421 -.5878330903704212E-002 -.1377393450694680E-001 0.5637191352079525E-002 0.3759566742109821E-001 -.1805376260311852 0.6450385820656208
0.6000000000000000E-001 0.2000000000000000E-001 -.6000000000000000E-001  0.000000000000000  5.095952378635714  2.348863445906692 0.1635648285361421 -.5198457870962868E-002 -.2134970801245836E-001 0.5172595670798279E-002 0.3759566742109821E-001 -.2085406321158063 0.6170355759809998
0.6000000000000000E-001 0.4000000000000000E-001 -.6000000000000000E-001  0.000000000000000  7.386353705033828  3.404508088994273 0.1635648285361421 -.4518584838221415E-002 -.2892548151797005E-001 0.4708001993717269E-002 0.3759566742109821E-001 -.2365436382004277 0.5890325698963783
0.6000000000000000E-001 0.6000000000000000E-001 -.6000000000000000E-001  0.000000000000000  9.676755031431959  4.460152732081863 0.1635648285361421 -.3838711805479735E-002 -.3650125502347978E-001 0.4243413764198229E-002 0.3759566742109821E-001 -.2645466442850486 0.5610295638117574
0.6000000000000000E-001 0.8000000000000000E-001 -.6000000000000000E-001  0.000000000000000  11.96715635783009  5.515797375169451 0.1635648285361421 -.3158838772738699E-002 -.4407702852899276E-001 0.3778825505592901E-002 0.3759566742109821E-001 -.2925496503696700 0.5330265577271360
0.8000000000000000E-001  0.000000000000000 -.6000000000000000E-001  0.000000000000000  5.160509467331095  2.365142548342947 0.1635648285361421 -.5658027174298468E-002 -.1822745425670984E-001 0.4286746664062927E-002 0.3759566742109821E-001 -.2925273654959194 0.5330488426008866
0.8000000000000000E-001 0.2000000000000000E-001 -.6000000000000000E-001  0.000000000000000  7.450910793729220  3.420787191430533 0.1635648285361421 -.4978154141557153E-002 -.2580322776222196E-001 0.3822160033413430E-002 0.3759566742109821E-001 -.3205303715805410 0.5050458365162649
0.8000000000000000E-001 0.4000000000000000E-001 -.6000000000000000E-001  0.000000000000000  9.741312120127336  4.476431834518114 0.1635648285361421 -.4298281108815658E-002 -.3337900126773298E-001 0.3357563778350261E-002 0.3759566742109821E-001 -.3485333776651628 0.4770428304316431
0.8000000000000000E-001 0.6000000000000000E-001 -.6000000000000000E-001  0.000000000000000  12.03171344652547  5.532076477605703 0.1635648285361421 -.3618408076074121E-002 -.4095477477324366E-001 0.2892970597069916E-002 0.3759566742109821E-001 -.3765363837497844 0.4490398243470216
0.8000000000000000E-001 0.8000000000000000E-001 -.6000000000000000E-001  0.000000000000000  14.32211477292360  6.587721120693296 0.1635648285361421 -.2938535043332696E-002 -.4853054827875476E-001 0.2428381826295650E-002 0.3759566742109821E-001 -.4045393898344063 0.4210368182623996
 0.000000000000000  0.000000000000000 -.9000000000000000E-001  0.000000000000000 -2.763089524980206 0.7872881179221629 0.1635648285361421 -.9676730259348128E-002 0.4059975560317839E-003 0.9607961012848729E-002 0.3759566742109821E-001 0.1778665491042293  1.003442757201035
 0.000000000000000 0.2000000000000000E-001 -.9000000000000000E-001  0.000000000000000 -.4726881985820702  1.842932761009758 0.1635648285361421 -.8996857226606633E-002 -.7169775949480596E-002 0.9143371510183433E-002 0.3759566742109821E-001 0.1498635430196075 0.9754397511164135
 0.000000000000000 0.4000000000000000E-001 -.9000000000000000E-001  0.000000000000000  0.000000000000000  2.898577404097340 0.1635648285361421 -.8316984193865369E-002 -.1474554945499251E-001 0.8678780923330106E-002 0.3759566742109821E-001 0.1218605369349857 0.9474367450317918
 0.000000000000000 0.6000000000000000E-001 -.9000000000000000E-001  0.000000000000000  4.108114454214173  3.954222047184922 0.1635648285361421 -.7637111161123871E-002 -.2232132296050350E-001 0.8214187143851460E-002 0.3759566742109821E-001 0.9385753085036391E-001 0.9194337389471698
 0.000000000000000 0.8000000000000000E-001 -.9000000000000000E-001  0.000000000000000  6.398515780612294  5.009866690272505 0.1635648285361421 -.6957238128382349E-002 -.2989709646601429E-001 0.7749598233652835E-002 0.3759566742109821E-001 0.6585452476574251E-001 0.8914307328625485
0.2000000000000000E-001  0.000000000000000 -.9000000000000000E-001  0.000000000000000 -.4081311098866883  1.859211863446007 0.1635648285361421 -.9456426529942580E-002 -.4047522193733288E-002 0.8257520964753604E-002 0.3759566742109821E-001 0.6587680963949299E-001 0.8914530177362989
0.2000000000000000E-001 0.2000000000000000E-001 -.9000000000000000E-001  0.000000000000000  1.882270216511434  2.914856506533595 0.1635648285361421 -.8776553497201182E-002 -.1162329569924509E-001 0.7792922517810800E-002 0.3759566742109821E-001 0.3787380355487177E-001 0.8634500116516778
0.2000000000000000E-001 0.4000000000000000E-001 -.9000000000000000E-001  0.000000000000000  4.172671542909560  3.970501149621184 0.1635648285361421 -.8096680464459664E-002 -.1919906920475581E-001 0.7328340051975041E-002 0.3759566742109821E-001 0.9870797470250162E-002 0.8354470055670562
0.2000000000000000E-001 0.6000000000000000E-001 -.9000000000000000E-001  0.000000000000000  6.463072869307687  5.026145792708768 0.1635648285361421 -.7416807431718397E-002 -.2677484271026787E-001 0.6863750239733348E-002 0.3759566742109821E-001 -.1813220861437088E-001 0.8074439994824352
0.2000000000000000E-001 0.8000000000000000E-001 -.9000000000000000E-001  0.000000000000000  8.753474195705804  6.081790435796351 0.1635648285361421 -.6736934398977009E-002 -.3435061621577910E-001 0.6399156099421402E-002 0.3759566742109821E-001 -.4613521469899287E-001 0.7794409933978131
0.4000000000000000E-001  0.000000000000000 -.9000000000000000E-001  0.000000000000000  1.946827305206818  2.931135608969849 0.1635648285361421 -.9236122800536675E-002 -.8501041943495873E-002 0.6907078831325753E-002 0.3759566742109821E-001 -.4611292982524255E-001 0.7794632782715634
0.4000000000000000E-001 0.2000000000000000E-001 -.9000000000000000E-001  0.000000000000000  4.237228631604943  3.986780252057435 0.1635648285361421 -.8556249767795430E-002 -.1607681544900798E-001 0.6442488183180229E-002 0.3759566742109821E-001 -.7411593590986379E-001 0.7514602721869422
0.4000000000000000E-001 0.4000000000000000E-001 -.9000000000000000E-001  0.000000000000000  6.527629958003071  5.042424895145025 0.1635648285361421 -.7876376735053885E-002 -.2365258895451835E-001 0.5977893889928536E-002 0.3759566742109821E-001 -.1021189419944850 0.7234572661023210
0.4000000000000000E-001 0.6000000000000000E-001 -.9000000000000000E-001  0.000000000000000  8.818031284401192  6.098069538232605 0.1635648285361421 -.7196503702312548E-002 -.3122836246003000E-001 0.5513308586345387E-002 0.3759566742109821E-001 -.1301219480791065 0.6954542600176995
0.4000000000000000E-001 0.8000000000000000E-001 -.9000000000000000E-001  0.000000000000000  11.10843261079932  7.153714181320192 0.1635648285361421 -.6516630669570992E-002 -.3880413596554068E-001 0.5048717883720444E-002 0.3759566742109821E-001 -.1581249541637281 0.6674512539330779
0.6000000000000000E-001  0.000000000000000 -.9000000000000000E-001  0.000000000000000  4.301785720300328  4.003059354493687 0.1635648285361421 -.9015819071131272E-002 -.1295456169325998E-001 0.5556642856409399E-002 0.3759566742109821E-001 -.1581026692899776 0.6674735388068285
0.6000000000000000E-001 0.2000000000000000E-001 -.9000000000000000E-001  0.000000000000000  6.592187046698446  5.058703997581267 0.1635648285361421 -.8335946038389889E-002 -.2053033519877151E-001 0.5092047052827054E-002 0.3759566742109821E-001 -.1861056753745990 0.6394705327222070
0.6000000000000000E-001 0.4000000000000000E-001 -.9000000000000000E-001  0.000000000000000  8.882588373096571  6.114348640668855 0.1635648285361421 -.7656073005648432E-002 -.2810610870428265E-001 0.4627453238799506E-002 0.3759566742109821E-001 -.2141086814592208 0.6114675266375852
0.6000000000000000E-001 0.6000000000000000E-001 -.9000000000000000E-001  0.000000000000000  11.17298969949469  7.169993283756442 0.1635648285361421 -.6976199972906922E-002 -.3568188220979351E-001 0.4162861711940640E-002 0.3759566742109821E-001 -.2421116875438416 0.5834645205529644
0.6000000000000000E-001 0.8000000000000000E-001 -.9000000000000000E-001  0.000000000000000  13.46339102589283  8.225637926844025 0.1635648285361421 -.6296326940165384E-002 -.4325765571530418E-001 0.3698276973251369E-002 0.3759566742109821E-001 -.2701146936284630 0.5554615144683430
0.8000000000000000E-001  0.000000000000000 -.9000000000000000E-001  0.000000000000000  6.656744135393835  5.074983100017524 0.1635648285361421 -.8795515341725447E-002 -.1740808144302285E-001 0.4206197936438111E-002 0.3759566742109821E-001 -.2700924087547124 0.5554837993420936
0.8000000000000000E-001 0.2000000000000000E-001 -.9000000000000000E-001  0.000000000000000  8.947145461791962  6.130627743105115 0.1635648285361421 -.8115642308984271E-002 -.2498385494853496E-001 0.3741611523802406E-002 0.3759566742109821E-001 -.2980954148393339 0.5274807932574721
0.8000000000000000E-001 0.4000000000000000E-001 -.9000000000000000E-001  0.000000000000000  11.23754678819008  7.186272386192694 0.1635648285361421 -.7435769276242700E-002 -.3255962845404580E-001 0.3277015032545942E-002 0.3759566742109821E-001 -.3260984209239553 0.4994777871728507
0.8000000000000000E-001 0.6000000000000000E-001 -.9000000000000000E-001  0.000000000000000  13.52794811458821  8.241917029280277 0.1635648285361421 -.6755896243501442E-002 -.4013540195955782E-001 0.2812422027521690E-002 0.3759566742109821E-001 -.3541014270085773 0.4714747810882287
0.8000000000000000E-001 0.8000000000000000E-001 -.9000000000000000E-001  0.000000000000000  15.81834944098633  9.297561672367864 0.1635648285361421 -.6076023210760042E-002 -.4771117546506935E-001 0.2347832961212614E-002 0.3759566742109821E-001 -.3821044330931986 0.4434717750036073
 0.000000000000000  0.000000000000000 -.1200000000000000  0.000000000000000 -1.266854856917463  3.497128669596743 0.1635648285361421 -.1281421842677524E-001 0.1225370369716567E-002 0.9527411031840875E-002 0.3759566742109821E-001 0.2003015058454360  1.025877713942242
 0.000000000000000 0.2000000000000000E-001 -.1200000000000000  0.000000000000000  1.023546469480672  4.552773312684343 0.1635648285361421 -.1213434539403389E-001 -.6350403135795117E-002 0.9062821365545216E-002 0.3759566742109821E-001 0.1722984997608146 0.9978747078576206
 0.000000000000000 0.4000000000000000E-001 -.1200000000000000  0.000000000000000  3.313947795878788  5.608417955771918 0.1635648285361421 -.1145447236129259E-001 -.1392617664130709E-001 0.8598230813560509E-002 0.3759566742109821E-001 0.1442954936761926 0.9698717017729986
 0.000000000000000 0.6000000000000000E-001 -.1200000000000000  0.000000000000000  5.604349122276918  6.664062598859513 0.1635648285361421 -.1077459932855123E-001 -.2150195014681859E-001 0.8133636765463964E-002 0.3759566742109821E-001 0.1162924875915708 0.9418686956883768
 0.000000000000000 0.8000000000000000E-001 -.1200000000000000  0.000000000000000  7.894750448675041  7.719707241947094 0.1635648285361421 -.1009472629580974E-001 -.2907772365232946E-001 0.7669048349048783E-002 0.3759566742109821E-001 0.8828948150694960E-001 0.9138656896037556
0.2000000000000000E-001  0.000000000000000 -.1200000000000000  0.000000000000000  1.088103558176060  4.569052415120600 0.1635648285361421 -.1259391469736985E-001 -.3228149380047862E-002 0.8176961996002178E-002 0.3759566742109821E-001 0.8831176638070028E-001 0.9138879744775062
0.2000000000000000E-001 0.2000000000000000E-001 -.1200000000000000  0.000000000000000  3.378504884574172  5.624697058208175 0.1635648285361421 -.1191404166462857E-001 -.1080392288555981E-001 0.7712379365917287E-002 0.3759566742109821E-001 0.6030876029607831E-001 0.8858849683928842
0.2000000000000000E-001 0.4000000000000000E-001 -.1200000000000000  0.000000000000000  5.668906210972296  6.680341701295760 0.1635648285361421 -.1123416863188708E-001 -.1837969639107093E-001 0.7247790255341465E-002 0.3759566742109821E-001 0.3230575421145725E-001 0.8578819623082632
0.2000000000000000E-001 0.6000000000000000E-001 -.1200000000000000  0.000000000000000  7.959307537370425  7.735986344383348 0.1635648285361421 -.1055429559914565E-001 -.2595546989658219E-001 0.6783199990710352E-002 0.3759566742109821E-001 0.4302748126835645E-002 0.8298789562236416
0.2000000000000000E-001 0.8000000000000000E-001 -.1200000000000000  0.000000000000000  10.24970886376854  8.791630987470928 0.1635648285361421 -.9874422566404313E-002 -.3353124340209409E-001 0.6318605866032891E-002 0.3759566742109821E-001 -.2370025795778484E-001 0.8018759501390211
0.4000000000000000E-001  0.000000000000000 -.1200000000000000  0.000000000000000  3.443061973269559  5.640976160644430 0.1635648285361421 -.1237361096796433E-001 -.7681669129812166E-002 0.6826528600901611E-002 0.3759566742109821E-001 -.2367797308403490E-001 0.8018982350127710
0.4000000000000000E-001 0.2000000000000000E-001 -.1200000000000000  0.000000000000000  5.733463299667687  6.696620803732020 0.1635648285361421 -.1169373793522284E-001 -.1525744263532312E-001 0.6361937907519845E-002 0.3759566742109821E-001 -.5168097916865651E-001 0.7738952289281494
0.4000000000000000E-001 0.4000000000000000E-001 -.1200000000000000  0.000000000000000  8.023864626065812  7.752265446819606 0.1635648285361421 -.1101386490248156E-001 -.2283321614083517E-001 0.5897344989020680E-002 0.3759566742109821E-001 -.7968398525327794E-001 0.7458922228435281
0.4000000000000000E-001 0.6000000000000000E-001 -.1200000000000000  0.000000000000000  10.31426595246393  8.807910089907184 0.1635648285361421 -.1033399186974003E-001 -.3040898964634564E-001 0.5432758775501268E-002 0.3759566742109821E-001 -.1076869913378996 0.7178892167589064
0.4000000000000000E-001 0.8000000000000000E-001 -.1200000000000000  0.000000000000000  12.60466727886205  9.863554732994768 0.1635648285361421 -.9654118836998854E-002 -.3798476315185646E-001 0.4968174988681942E-002 0.3759566742109821E-001 -.1356899974225206 0.6898862106742853
0.6000000000000000E-001  0.000000000000000 -.1200000000000000  0.000000000000000  5.798020388363067  6.712899906168270 0.1635648285361421 -.1215330723855887E-001 -.1213518887957658E-001 0.5476093153789253E-002 0.3759566742109821E-001 -.1356677125487704 0.6899084955480356
0.6000000000000000E-001 0.2000000000000000E-001 -.1200000000000000  0.000000000000000  8.088421714761193  7.768544549255858 0.1635648285361421 -.1147343420581749E-001 -.1971096238508779E-001 0.5011497029533463E-002 0.3759566742109821E-001 -.1636707186333919 0.6619054894634141
0.6000000000000000E-001 0.4000000000000000E-001 -.1200000000000000  0.000000000000000  10.37882304115930  8.824189192343427 0.1635648285361421 -.1079356117307606E-001 -.2728673589059900E-001 0.4546906316640083E-002 0.3759566742109821E-001 -.1916737247180135 0.6339024833787925
0.6000000000000000E-001 0.6000000000000000E-001 -.1200000000000000  0.000000000000000  12.66922436755743  9.879833835431016 0.1635648285361421 -.1011368814033469E-001 -.3486250939611042E-001 0.4082311680854651E-002 0.3759566742109821E-001 -.2196767308026351 0.6058994772941709
0.6000000000000000E-001 0.8000000000000000E-001 -.1200000000000000  0.000000000000000  14.95962569395555  10.93547847851860 0.1635648285361421 -.9433815107593084E-002 -.4243828290162143E-001 0.3617726869201418E-002 0.3759566742109821E-001 -.2476797368872556 0.5778964712095505
0.8000000000000000E-001  0.000000000000000 -.1200000000000000  0.000000000000000  8.152978803456575  7.784823651692108 0.1635648285361421 -.1193300350915279E-001 -.1658870862933809E-001 0.4125648237994488E-002 0.3759566742109821E-001 -.2476574520135064 0.5779187560832996
0.8000000000000000E-001 0.2000000000000000E-001 -.1200000000000000  0.000000000000000  10.44338012985470  8.840468294779697 0.1635648285361421 -.1125313047641163E-001 -.2416448213485027E-001 0.3661061401235042E-002 0.3759566742109821E-001 -.2756604580981265 0.5499157499986795
0.8000000000000000E-001 0.4000000000000000E-001 -.1200000000000000  0.000000000000000  12.73378145625282  9.896112937867274 0.1635648285361421 -.1057325744367029E-001 -.3174025564036222E-001 0.3196465308681757E-002 0.3759566742109821E-001 -.3036634641827486 0.5219127439140574
0.8000000000000000E-001 0.6000000000000000E-001 -.1200000000000000  0.000000000000000  15.02418278265094  10.95175758095486 0.1635648285361421 -.9893384410928749E-002 -.3931602914587287E-001 0.2731872085132194E-002 0.3759566742109821E-001 -.3316664702673698 0.4939097378294361
0.8000000000000000E-001 0.8000000000000000E-001 -.1200000000000000  0.000000000000000  17.31458410904908  12.00740222404245 0.1635648285361421 -.9213511378187532E-002 -.4689180265138483E-001 0.2267283004391865E-002 0.3759566742109821E-001 -.3596694763519914 0.4659067317448146
