BETA     element
 2.396040000000000      0.000000000000000
 2.493185997401857      1.000000000000000
 5.429815554925510      2.000000000000000
 11.01578551914290      3.000000000000000
 10.46790614062612      4.000000000000000
 8.849538824106357      5.000000000000000
 1.588042973193351      6.000000000000000
0.9584327105223881      7.000000000000000
 1.006300771395883      8.000000000000000
 1.362843797786254      9.000000000000000
 8.478568457400304      10.00000000000000
 11.52994105054022      11.00000000000000
 12.02472940237949      12.00000000000000
 11.42794165449628      13.00000000000000
 10.80133401958959      14.00000000000000
 4.214516424344013      15.00000000000000
 3.161065555589666      16.00000000000000
 3.073820096023029      17.00000000000000
 3.271215132322649      18.00000000000000
 3.447343565442355      19.00000000000000
 7.818694192241733      20.00000000000000
 14.99848897395223      21.00000000000000
 15.55452476531070      22.00000000000000
 15.55303267286793      23.00000000000000
 15.55293961068618      24.00000000000000
 15.55427659949269      25.00000000000000
 14.99793197750711      26.00000000000000
 7.816609297658891      27.00000000000000
 3.445106547767109      28.00000000000000
 3.269013563292812      29.00000000000000
 3.071667844101703      30.00000000000000
 3.158653160186892      31.00000000000000
 4.211257406312790      32.00000000000000
 10.79443296385523      33.00000000000000
 11.42075968715960      34.00000000000000
 12.01728572092569      35.00000000000000
 11.52317191037877      36.00000000000000
 8.474001776147693      37.00000000000000
 1.363184708900448      38.00000000000000
 1.006837740325220      39.00000000000000
0.9591749611247361      40.00000000000000
 1.588895869142295      41.00000000000000
 8.848044785344634      42.00000000000000
 10.46572982967944      43.00000000000000
 11.01290910039364      44.00000000000000
 5.426886577439483      45.00000000000000
 2.491267117649214      46.00000000000000
 2.394257320711961      47.00000000000000
