BETA     element
 12.06040000000000      0.000000000000000
 11.66848672402609      1.000000000000000
 6.421073562803377      2.000000000000000
 3.352548829781271      3.000000000000000
 3.598245247633796      4.000000000000000
 4.273464909458899      5.000000000000000
 11.66161020022231      6.000000000000000
 14.25396676720323      7.000000000000000
 13.54721112540965      8.000000000000000
 11.31380879239921      9.000000000000000
 1.524373136558960      10.00000000000000
0.7369746219078824      11.00000000000000
0.7378544670923244      12.00000000000000
0.8815178550600502      13.00000000000000
 1.092087615998263      14.00000000000000
 9.694220033654886      15.00000000000000
 13.56675795390667      16.00000000000000
 14.27326665186285      17.00000000000000
 13.55211932814385      18.00000000000000
 12.96702447480343      19.00000000000000
 5.445905610046863      20.00000000000000
 1.779394871321817      21.00000000000000
 1.648720343106948      22.00000000000000
 1.635248568756874      23.00000000000000
 1.635248567605152      24.00000000000000
 1.648720340035688      25.00000000000000
 1.779394864006344      26.00000000000000
 5.445905557791606      27.00000000000000
 12.96702435874794      28.00000000000000
 13.55211920757415      29.00000000000000
 14.27326652578298      30.00000000000000
 13.56675783707206      31.00000000000000
 9.694219953647941      32.00000000000000
 1.092087617253351      33.00000000000000
0.8815178582437713      34.00000000000000
0.7378544715699581      35.00000000000000
0.7369746286525203      36.00000000000000
 1.524373142091842      37.00000000000000
 11.31380874070079      38.00000000000000
 13.54721105893929      39.00000000000000
 14.25396669085134      40.00000000000000
 11.66161013142959      41.00000000000000
 4.273464871683040      42.00000000000000
 3.598245214373445      43.00000000000000
 3.352548797622875      44.00000000000000
 6.421073515136891      45.00000000000000
 11.66848666992038      46.00000000000000
 12.06039994750643      47.00000000000000
