DISP     element
 0.000000000000000      0.000000000000000
 0.000000000000000      1.000000000000000
 0.000000000000000      2.000000000000000
-.2677782908855309E-001      3.000000000000000
-.3676544137234173E-001      4.000000000000000
-.4084991556638175E-001      5.000000000000000
0.4666243266669574E-001      6.000000000000000
0.9828686228426751E-001      7.000000000000000
0.1568593568948435      8.000000000000000
0.2027292113578485      9.000000000000000
0.6421146406920245      10.00000000000000
0.7818333843251839      11.00000000000000
0.8217222483489202      12.00000000000000
0.8079802705814249      13.00000000000000
0.7930931279999717      14.00000000000000
0.6995571664749803      15.00000000000000
0.7037698693923414      16.00000000000000
0.7863217681147197      17.00000000000000
0.8356323062551890      18.00000000000000
0.8767244213722469      19.00000000000000
 1.521029910953304      20.00000000000000
 2.137634003433384      21.00000000000000
 2.177290456796622      22.00000000000000
 2.177230284356027      23.00000000000000
 2.177158077427314      24.00000000000000
 2.177097904986720      25.00000000000000
 2.137193786643140      26.00000000000000
 1.518712622465676      27.00000000000000
0.8725321273963855      28.00000000000000
0.8313254862597541      29.00000000000000
0.7818775168957965      30.00000000000000
0.6983537817564022      31.00000000000000
0.6924299590309140      32.00000000000000
0.7792911564040873      33.00000000000000
0.7936971157852805      34.00000000000000
0.8069949244448433      35.00000000000000
0.7671840397732738      36.00000000000000
0.6293033270982827      37.00000000000000
0.1972628181799916      38.00000000000000
0.1524361604574549      39.00000000000000
0.9510008792038648E-001      40.00000000000000
0.4443055943648286E-001      41.00000000000000
-.3930377378214708E-001      42.00000000000000
-.3468797100887409E-001      43.00000000000000
-.2408618511155982E-001      44.00000000000000
0.4150108702223600E-002      45.00000000000000
0.5606000475183590E-002      46.00000000000000
0.5878202403400009E-002      47.00000000000000
