 SGx1               SGx2              SGy1                SGy2              chrom_x            chrom_y            CONS(MU)           quad_Kx                 quad_Ky                 quad_Kz                  alpha_0              alpha_1            eta_1
 0.000000000000000  0.000000000000000  0.000000000000000  0.000000000000000 -15.44245685879954 -19.42815564054581 0.8310509962153538E-003 0.1662884306615350E-001 0.3264489290868645E-002 -.7585723184519231E-002 0.6475613557909566E-002 0.7786980033778845E-001 0.9272282939987271
 0.000000000000000 0.1000000000000000E-002  0.000000000000000  0.000000000000000 -14.84900308402435 -19.49048725586715 0.8310509962153538E-003 0.1534026949886895E-001 0.3291369485783509E-002 -.7851853398803475E-002 0.6475613557909566E-002 0.7355733247578088E-001 0.9229158261367196
 0.000000000000000 0.2000000000000000E-002  0.000000000000000  0.000000000000000 -14.25554930924913 -19.55281887118851 0.8310509962153538E-003 0.1405169593158950E-001 0.3318249680699016E-002 -.8117983859977277E-002 0.6475613557909566E-002 0.6924486461377347E-001 0.9186033582747122
 0.000000000000000 0.3000000000000000E-002  0.000000000000000  0.000000000000000 -13.66209553447391 -19.61515048650987 0.8310509962153538E-003 0.1276312236430966E-001 0.3345129875613918E-002 -.8384114157633692E-002 0.6475613557909566E-002 0.6493239675176568E-001 0.9142908904127043
 0.000000000000000 0.4000000000000000E-002  0.000000000000000  0.000000000000000 -13.06864175969869 -19.67748210183121 0.8310509962153538E-003 0.1147454879702834E-001 0.3372010070528396E-002 -.8650244481894463E-002 0.6475613557909566E-002 0.6061992888975867E-001 0.9099784225506973
0.1000000000000000E-002  0.000000000000000  0.000000000000000  0.000000000000000 -15.11034018775088 -19.45097645815303 0.8310509962153538E-003 0.1510283099248738E-001 0.3285310809755206E-002 -.7643403860707045E-002 0.6475613557909566E-002 0.7742816456001443E-001 0.9267866582209532
0.1000000000000000E-002 0.1000000000000000E-002  0.000000000000000  0.000000000000000 -14.51688641297566 -19.51330807347437 0.8310509962153538E-003 0.1381425742520635E-001 0.3312191004670183E-002 -.7909534185230549E-002 0.6475613557909566E-002 0.7311569669800645E-001 0.9224741903589451
0.1000000000000000E-002 0.2000000000000000E-002  0.000000000000000  0.000000000000000 -13.92343263820045 -19.57563968879577 0.8310509962153538E-003 0.1252568385792141E-001 0.3339071199585110E-002 -.8175664438395763E-002 0.6475613557909566E-002 0.6880322883599885E-001 0.9181617224969376
0.1000000000000000E-002 0.3000000000000000E-002  0.000000000000000  0.000000000000000 -13.32997886342521 -19.63797130411710 0.8310509962153538E-003 0.1123711029064100E-001 0.3365951394500600E-002 -.8441794898624776E-002 0.6475613557909566E-002 0.6449076097399070E-001 0.9138492546349294
0.1000000000000000E-002 0.4000000000000000E-002  0.000000000000000  0.000000000000000 -12.73652508865001 -19.70030291943845 0.8310509962153538E-003 0.9948536723362628E-002 0.3392831589414968E-002 -.8707925158748518E-002 0.6475613557909566E-002 0.6017829311198348E-001 0.9095367867729222
0.2000000000000000E-002  0.000000000000000  0.000000000000000  0.000000000000000 -14.77822351670219 -19.47379727576028 0.8310509962153538E-003 0.1357681891882037E-001 0.3306132328641742E-002 -.7701084536556351E-002 0.6475613557909566E-002 0.7698652878223868E-001 0.9263450224431773
0.2000000000000000E-002 0.1000000000000000E-002  0.000000000000000  0.000000000000000 -14.18476974192696 -19.53612889108164 0.8310509962153538E-003 0.1228824535154039E-001 0.3333012523556587E-002 -.7967214860995086E-002 0.6475613557909566E-002 0.7267406092023164E-001 0.9220325545811703
0.2000000000000000E-002 0.2000000000000000E-002  0.000000000000000  0.000000000000000 -13.59131596715176 -19.59846050640297 0.8310509962153538E-003 0.1099967178425860E-001 0.3359892718472092E-002 -.8233345185462704E-002 0.6475613557909566E-002 0.6836159305822387E-001 0.9177200867191626
0.2000000000000000E-002 0.3000000000000000E-002  0.000000000000000  0.000000000000000 -12.99786219237653 -19.66079212172435 0.8310509962153538E-003 0.9711098216985301E-002 0.3386772913387166E-002 -.8499475477188909E-002 0.6475613557909566E-002 0.6404912519621569E-001 0.9134076188571544
0.2000000000000000E-002 0.4000000000000000E-002  0.000000000000000  0.000000000000000 -12.40440841760132 -19.72312373704570 0.8310509962153538E-003 0.8422524649698997E-002 0.3413653108301929E-002 -.8765605937995842E-002 0.6475613557909566E-002 0.5973665733420944E-001 0.9090951509951481
0.3000000000000000E-002  0.000000000000000  0.000000000000000  0.000000000000000 -14.44610684565352 -19.49661809336752 0.8310509962153538E-003 0.1205080684515340E-001 0.3326953847528083E-002 -.7758765212551580E-002 0.6475613557909566E-002 0.7654489300446445E-001 0.9259033866654032
0.3000000000000000E-002 0.1000000000000000E-002  0.000000000000000  0.000000000000000 -13.85265307087830 -19.55894970868887 0.8310509962153538E-003 0.1076223327787447E-001 0.3353834042443143E-002 -.8024895537771770E-002 0.6475613557909566E-002 0.7223242514245645E-001 0.9215909188033951
0.3000000000000000E-002 0.2000000000000000E-002  0.000000000000000  0.000000000000000 -13.25919929610309 -19.62128132401020 0.8310509962153538E-003 0.9473659710592528E-002 0.3380714237358048E-002 -.8291025861705823E-002 0.6475613557909566E-002 0.6791995728044925E-001 0.9172784509413879
0.3000000000000000E-002 0.3000000000000000E-002  0.000000000000000  0.000000000000000 -12.66574552132784 -19.68361293933157 0.8310509962153538E-003 0.8185086143310536E-002 0.3407594432273103E-002 -.8557156186174860E-002 0.6475613557909566E-002 0.6360748941844165E-001 0.9129659830793804
0.3000000000000000E-002 0.4000000000000000E-002  0.000000000000000  0.000000000000000 -12.07229174655265 -19.74594455465293 0.8310509962153538E-003 0.6896512576029280E-002 0.3434474627188512E-002 -.8823286560991178E-002 0.6475613557909566E-002 0.5929502155643407E-001 0.9086535152173727
0.4000000000000000E-002  0.000000000000000  0.000000000000000  0.000000000000000 -14.11399017460482 -19.51943891097476 0.8310509962153538E-003 0.1052479477149013E-001 0.3347775366415155E-002 -.7816445888346362E-002 0.6475613557909566E-002 0.7610325722668984E-001 0.9254617508876286
0.4000000000000000E-002 0.1000000000000000E-002  0.000000000000000  0.000000000000000 -13.52053639982961 -19.58177052629609 0.8310509962153538E-003 0.9236221204207584E-002 0.3374655561330215E-002 -.8082576213062610E-002 0.6475613557909566E-002 0.7179078936468129E-001 0.9211492830256200
0.4000000000000000E-002 0.2000000000000000E-002  0.000000000000000  0.000000000000000 -12.92708262505438 -19.64410214161748 0.8310509962153538E-003 0.7947647636924746E-002 0.3401535756244628E-002 -.8348706537532467E-002 0.6475613557909566E-002 0.6747832150267465E-001 0.9168368151636133
0.4000000000000000E-002 0.3000000000000000E-002  0.000000000000000  0.000000000000000 -12.33362885027916 -19.70643375693881 0.8310509962153538E-003 0.6659074069644087E-002 0.3428415951159924E-002 -.8614836861966556E-002 0.6475613557909566E-002 0.6316585364066725E-001 0.9125243473016059
0.4000000000000000E-002 0.4000000000000000E-002  0.000000000000000  0.000000000000000 -11.74017507550396 -19.76876537226017 0.8310509962153538E-003 0.5370500502359730E-002 0.3455296146075082E-002 -.8880967094295530E-002 0.6475613557909566E-002 0.5885338577865908E-001 0.9082118794395977
 0.000000000000000  0.000000000000000 -.1000000000000000E-002  0.000000000000000 -15.53236045667168 -19.03391403529181 0.8310509962153538E-003 0.1686098554734887E-001 0.3062251385282679E-002 -.7553240560074522E-002 0.6475613557909566E-002 0.7831247467306676E-001 0.9276709683340054
 0.000000000000000 0.1000000000000000E-002 -.1000000000000000E-002  0.000000000000000 -14.93890668189647 -19.09624565061317 0.8310509962153538E-003 0.1557241198006737E-001 0.3089131580197782E-002 -.7819370768885265E-002 0.6475613557909566E-002 0.7400000681105898E-001 0.9233585004719977
 0.000000000000000 0.2000000000000000E-002 -.1000000000000000E-002  0.000000000000000 -14.34545290712126 -19.15857726593453 0.8310509962153538E-003 0.1428383841279472E-001 0.3116011775112952E-002 -.8085501230037520E-002 0.6475613557909566E-002 0.6968753894905121E-001 0.9190460326099898
 0.000000000000000 0.3000000000000000E-002 -.1000000000000000E-002  0.000000000000000 -13.75199913234604 -19.22090888125587 0.8310509962153538E-003 0.1299526484550519E-001 0.3142891970027909E-002 -.8351631533477332E-002 0.6475613557909566E-002 0.6537507108704380E-001 0.9147335647479824
 0.000000000000000 0.4000000000000000E-002 -.1000000000000000E-002  0.000000000000000 -13.15854535757082 -19.28324049657721 0.8310509962153538E-003 0.1170669127822392E-001 0.3169772164942925E-002 -.8617761857873508E-002 0.6475613557909566E-002 0.6106260322503582E-001 0.9104210968859745
0.1000000000000000E-002  0.000000000000000 -.1000000000000000E-002  0.000000000000000 -15.20024378562301 -19.05673485289904 0.8310509962153538E-003 0.1533497347368246E-001 0.3083072904169330E-002 -.7610921236132057E-002 0.6475613557909566E-002 0.7787083889529198E-001 0.9272293325562306
0.1000000000000000E-002 0.1000000000000000E-002 -.1000000000000000E-002  0.000000000000000 -14.60679001084781 -19.11906646822040 0.8310509962153538E-003 0.1404639990640054E-001 0.3109953099084543E-002 -.7877051560817420E-002 0.6475613557909566E-002 0.7355837103328361E-001 0.9229168646942223
0.1000000000000000E-002 0.2000000000000000E-002 -.1000000000000000E-002  0.000000000000000 -14.01333623607258 -19.18139808354175 0.8310509962153538E-003 0.1275782633911497E-001 0.3136833293999141E-002 -.8143181808294478E-002 0.6475613557909566E-002 0.6924590317127678E-001 0.9186043968322155
0.1000000000000000E-002 0.3000000000000000E-002 -.1000000000000000E-002  0.000000000000000 -13.41988246129735 -19.24372969886309 0.8310509962153538E-003 0.1146925277182971E-001 0.3163713488914293E-002 -.8409312268897842E-002 0.6475613557909566E-002 0.6493343530926937E-001 0.9142919289702081
0.1000000000000000E-002 0.4000000000000000E-002 -.1000000000000000E-002  0.000000000000000 -12.82642868652214 -19.30606131418446 0.8310509962153538E-003 0.1018067920455740E-001 0.3190593683829449E-002 -.8675442534234638E-002 0.6475613557909566E-002 0.6062096744726159E-001 0.9099794611082003
0.2000000000000000E-002  0.000000000000000 -.1000000000000000E-002  0.000000000000000 -14.86812711457432 -19.07955567050628 0.8310509962153538E-003 0.1380896140001628E-001 0.3103894423055943E-002 -.7668601912058449E-002 0.6475613557909566E-002 0.7742920311751680E-001 0.9267876967784554
0.2000000000000000E-002 0.1000000000000000E-002 -.1000000000000000E-002  0.000000000000000 -14.27467333979910 -19.14188728582765 0.8310509962153538E-003 0.1252038783273378E-001 0.3130774617971084E-002 -.7934732236236537E-002 0.6475613557909566E-002 0.7311673525550996E-001 0.9224752289164486
0.2000000000000000E-002 0.2000000000000000E-002 -.1000000000000000E-002  0.000000000000000 -13.68121956502388 -19.20421890114901 0.8310509962153538E-003 0.1123181426545346E-001 0.3157654812885999E-002 -.8200862560680618E-002 0.6475613557909566E-002 0.6880426739350159E-001 0.9181627610544403
0.2000000000000000E-002 0.3000000000000000E-002 -.1000000000000000E-002  0.000000000000000 -13.08776579024867 -19.26655051647035 0.8310509962153538E-003 0.9943240698179158E-002 0.3184535007801037E-002 -.8466992847244824E-002 0.6475613557909566E-002 0.6449179953149399E-001 0.9138502931924326
0.2000000000000000E-002 0.4000000000000000E-002 -.1000000000000000E-002  0.000000000000000 -12.49431201547346 -19.32888213179169 0.8310509962153538E-003 0.8654667130891089E-002 0.3211415202715793E-002 -.8733123302847102E-002 0.6475613557909566E-002 0.6017933166948718E-001 0.9095378253304258
0.3000000000000000E-002  0.000000000000000 -.1000000000000000E-002  0.000000000000000 -14.53601044352565 -19.10237648811352 0.8310509962153538E-003 0.1228294932634939E-001 0.3124715941942541E-002 -.7726282588398197E-002 0.6475613557909566E-002 0.7698756733974275E-001 0.9263460610006815
0.3000000000000000E-002 0.1000000000000000E-002 -.1000000000000000E-002  0.000000000000000 -13.94255666875043 -19.16470810343489 0.8310509962153538E-003 0.1099437575906611E-001 0.3151596136857239E-002 -.7992412913102291E-002 0.6475613557909566E-002 0.7267509947773497E-001 0.9220335931386736
0.3000000000000000E-002 0.2000000000000000E-002 -.1000000000000000E-002  0.000000000000000 -13.34910289397521 -19.22703971875621 0.8310509962153538E-003 0.9705802191787660E-002 0.3178476331772396E-002 -.8258543237555647E-002 0.6475613557909566E-002 0.6836263161572699E-001 0.9177211252766657
0.3000000000000000E-002 0.3000000000000000E-002 -.1000000000000000E-002  0.000000000000000 -12.75564911920000 -19.28937133407760 0.8310509962153538E-003 0.8417228624505595E-002 0.3205356526687648E-002 -.8524673562240187E-002 0.6475613557909566E-002 0.6405016375371959E-001 0.9134086574146583
0.3000000000000000E-002 0.4000000000000000E-002 -.1000000000000000E-002  0.000000000000000 -12.16219534442476 -19.35170294939894 0.8310509962153538E-003 0.7128655057219686E-002 0.3232236721602319E-002 -.8790803888721924E-002 0.6475613557909566E-002 0.5973769589171218E-001 0.9090961895526508
0.4000000000000000E-002  0.000000000000000 -.1000000000000000E-002  0.000000000000000 -14.20389377247696 -19.12519730572077 0.8310509962153538E-003 0.1075693725268275E-001 0.3145537460828960E-002 -.7783963264231455E-002 0.6475613557909566E-002 0.7654593156196700E-001 0.9259044252229056
0.4000000000000000E-002 0.1000000000000000E-002 -.1000000000000000E-002  0.000000000000000 -13.61043999770174 -19.18752892104211 0.8310509962153538E-003 0.9468363685402053E-002 0.3172417655743998E-002 -.8050093588662032E-002 0.6475613557909566E-002 0.7223346369995996E-001 0.9215919573608986
0.4000000000000000E-002 0.2000000000000000E-002 -.1000000000000000E-002  0.000000000000000 -13.01698622292653 -19.24986053636346 0.8310509962153538E-003 0.8179790118121274E-002 0.3199297850659162E-002 -.8316223913127930E-002 0.6475613557909566E-002 0.6792099583795239E-001 0.9172794894988912
0.4000000000000000E-002 0.3000000000000000E-002 -.1000000000000000E-002  0.000000000000000 -12.42353244815131 -19.31219215168482 0.8310509962153538E-003 0.6891216550839152E-002 0.3226178045573896E-002 -.8582354237814690E-002 0.6475613557909566E-002 0.6360852797594517E-001 0.9129670216368839
0.4000000000000000E-002 0.4000000000000000E-002 -.1000000000000000E-002  0.000000000000000 -11.83007867337607 -19.37452376700618 0.8310509962153538E-003 0.5602642983554663E-002 0.3253058240489039E-002 -.8848484464871534E-002 0.6475613557909566E-002 0.5929606011393739E-001 0.9086545537748760
 0.000000000000000  0.000000000000000 -.2000000000000000E-002  0.000000000000000 -15.62226405454381 -18.63967243003784 0.8310509962153538E-003 0.1709312802854345E-001 0.2860013479696869E-002 -.7520757936072575E-002 0.6475613557909566E-002 0.7875514900834414E-001 0.9281136426692829
 0.000000000000000 0.1000000000000000E-002 -.2000000000000000E-002  0.000000000000000 -15.02881027976861 -18.70200404535914 0.8310509962153538E-003 0.1580455446126139E-001 0.2886893674612115E-002 -.7786888260540666E-002 0.6475613557909566E-002 0.7444268114633690E-001 0.9238011748072756
 0.000000000000000 0.2000000000000000E-002 -.2000000000000000E-002  0.000000000000000 -14.43535650499341 -18.76433566068051 0.8310509962153538E-003 0.1451598089398561E-001 0.2913773869526711E-002 -.8053018600490500E-002 0.6475613557909566E-002 0.7013021328432911E-001 0.9194887069452677
 0.000000000000000 0.3000000000000000E-002 -.2000000000000000E-002  0.000000000000000 -13.84190273021817 -18.82666727600184 0.8310509962153538E-003 0.1322740732669871E-001 0.2940654064441994E-002 -.8319148909188829E-002 0.6475613557909566E-002 0.6581774542232210E-001 0.9151762390832607
 0.000000000000000 0.4000000000000000E-002 -.2000000000000000E-002  0.000000000000000 -13.24844895544294 -18.88899889132323 0.8310509962153538E-003 0.1193883375941843E-001 0.2967534259356717E-002 -.8585279233920841E-002 0.6475613557909566E-002 0.6150527756031431E-001 0.9108637712212531
0.1000000000000000E-002  0.000000000000000 -.2000000000000000E-002  0.000000000000000 -15.29014738349511 -18.66249324764505 0.8310509962153538E-003 0.1556711595487624E-001 0.2880834998583466E-002 -.7578438612113982E-002 0.6475613557909566E-002 0.7831351323056970E-001 0.9276720068915083
0.1000000000000000E-002 0.1000000000000000E-002 -.2000000000000000E-002  0.000000000000000 -14.69669360871993 -18.72482486296640 0.8310509962153538E-003 0.1427854238759509E-001 0.2907715193498338E-002 -.7844568936580231E-002 0.6475613557909566E-002 0.7400104536856172E-001 0.9233595390295004
0.1000000000000000E-002 0.2000000000000000E-002 -.2000000000000000E-002  0.000000000000000 -14.10323983394471 -18.78715647828775 0.8310509962153538E-003 0.1298996882030863E-001 0.2934595388413597E-002 -.8110699178745455E-002 0.6475613557909566E-002 0.6968857750655415E-001 0.9190470711674928
0.1000000000000000E-002 0.3000000000000000E-002 -.2000000000000000E-002  0.000000000000000 -13.50978605916950 -18.84948809360910 0.8310509962153538E-003 0.1170139525302271E-001 0.2961475583328622E-002 -.8376829639123690E-002 0.6475613557909566E-002 0.6537610964454768E-001 0.9147346033054864
0.1000000000000000E-002 0.4000000000000000E-002 -.2000000000000000E-002  0.000000000000000 -12.91633228439427 -18.91181970893045 0.8310509962153538E-003 0.1041282168575226E-001 0.2988355778243356E-002 -.8642959909659608E-002 0.6475613557909566E-002 0.6106364178253933E-001 0.9104221354434781
0.2000000000000000E-002  0.000000000000000 -.2000000000000000E-002  0.000000000000000 -14.95803071244645 -18.68531406525230 0.8310509962153538E-003 0.1404110388121163E-001 0.2901656517469912E-002 -.7636119287614350E-002 0.6475613557909566E-002 0.7787187745279452E-001 0.9272303711137332
0.2000000000000000E-002 0.1000000000000000E-002 -.2000000000000000E-002  0.000000000000000 -14.36457693767124 -18.74764568057364 0.8310509962153538E-003 0.1275253031392967E-001 0.2928536712384909E-002 -.7902249612302249E-002 0.6475613557909566E-002 0.7355940959078731E-001 0.9229179032517261
0.2000000000000000E-002 0.2000000000000000E-002 -.2000000000000000E-002  0.000000000000000 -13.77112316289603 -18.80997729589503 0.8310509962153538E-003 0.1146395674664756E-001 0.2955416907299978E-002 -.8168379936752663E-002 0.6475613557909566E-002 0.6924694172877972E-001 0.9186054353897184
0.2000000000000000E-002 0.3000000000000000E-002 -.2000000000000000E-002  0.000000000000000 -13.17766938812079 -18.87230891121635 0.8310509962153538E-003 0.1017538317937270E-001 0.2982297102214786E-002 -.8434510217501872E-002 0.6475613557909566E-002 0.6493447386677231E-001 0.9142929675277109
0.2000000000000000E-002 0.4000000000000000E-002 -.2000000000000000E-002  0.000000000000000 -12.58421561334557 -18.93464052653769 0.8310509962153538E-003 0.8886809612087602E-002 0.3009177297129980E-002 -.8700640678515573E-002 0.6475613557909566E-002 0.6062200600476472E-001 0.9099804996657035
0.3000000000000000E-002  0.000000000000000 -.2000000000000000E-002  0.000000000000000 -14.62591404139777 -18.70813488285952 0.8310509962153538E-003 0.1251509180754452E-001 0.2922478036356446E-002 -.7693799962849940E-002 0.6475613557909566E-002 0.7743024167501990E-001 0.9267887353359585
0.3000000000000000E-002 0.1000000000000000E-002 -.2000000000000000E-002  0.000000000000000 -14.03246026662256 -18.77046649818086 0.8310509962153538E-003 0.1122651824026365E-001 0.2949358231271474E-002 -.7959930287078688E-002 0.6475613557909566E-002 0.7311777381301252E-001 0.9224762674739513
0.3000000000000000E-002 0.2000000000000000E-002 -.2000000000000000E-002  0.000000000000000 -13.43900649184734 -18.83279811350221 0.8310509962153538E-003 0.9937944672981253E-002 0.2976238426186425E-002 -.8226060611882673E-002 0.6475613557909566E-002 0.6880530595100548E-001 0.9181637996119442
0.3000000000000000E-002 0.3000000000000000E-002 -.2000000000000000E-002  0.000000000000000 -12.84555271707213 -18.89512972882357 0.8310509962153538E-003 0.8649371105697226E-002 0.3003118621101427E-002 -.8492190936233907E-002 0.6475613557909566E-002 0.6449283808899750E-001 0.9138513317499362
0.3000000000000000E-002 0.4000000000000000E-002 -.2000000000000000E-002  0.000000000000000 -12.25209894229689 -18.95746134414492 0.8310509962153538E-003 0.7360797538410750E-002 0.3029998816016595E-002 -.8758321214646149E-002 0.6475613557909566E-002 0.6018037022698954E-001 0.9095388638879283
0.4000000000000000E-002  0.000000000000000 -.2000000000000000E-002  0.000000000000000 -14.29379737034907 -18.73095570046677 0.8310509962153538E-003 0.1098907973387930E-001 0.2943299555243042E-002 -.7751480639733428E-002 0.6475613557909566E-002 0.7698860589724570E-001 0.9263470995581844
0.4000000000000000E-002 0.1000000000000000E-002 -.2000000000000000E-002  0.000000000000000 -13.70034359557385 -18.79328731578811 0.8310509962153538E-003 0.9700506166597723E-002 0.2970179750158254E-002 -.8017610964461895E-002 0.6475613557909566E-002 0.7267613803523809E-001 0.9220346316961767
0.4000000000000000E-002 0.2000000000000000E-002 -.2000000000000000E-002  0.000000000000000 -13.10688982079865 -18.85561893110946 0.8310509962153538E-003 0.8411932599315010E-002 0.2997059945073028E-002 -.8283741289469043E-002 0.6475613557909566E-002 0.6836367017323068E-001 0.9177221638341694
0.4000000000000000E-002 0.3000000000000000E-002 -.2000000000000000E-002  0.000000000000000 -12.51343604602343 -18.91795054643081 0.8310509962153538E-003 0.7123359032033535E-002 0.3023940139988057E-002 -.8549871613617416E-002 0.6475613557909566E-002 0.6405120231122290E-001 0.9134096959721616
0.4000000000000000E-002 0.4000000000000000E-002 -.2000000000000000E-002  0.000000000000000 -11.91998227124821 -18.98028216175217 0.8310509962153538E-003 0.5834785464748678E-002 0.3050820334902684E-002 -.8816001835105225E-002 0.6475613557909566E-002 0.5973873444921493E-001 0.9090972281101537
 0.000000000000000  0.000000000000000 -.3000000000000000E-002  0.000000000000000 -15.71216765241594 -18.24543082478381 0.8310509962153538E-003 0.1732527050973787E-001 0.2657775574110682E-002 -.7488275311820892E-002 0.6475613557909566E-002 0.7919782334362263E-001 0.9285563170045613
 0.000000000000000 0.1000000000000000E-002 -.3000000000000000E-002  0.000000000000000 -15.11871387764074 -18.30776244010515 0.8310509962153538E-003 0.1603669694245606E-001 0.2684655769026003E-002 -.7754405636445579E-002 0.6475613557909566E-002 0.7488535548161485E-001 0.9242438491425535
 0.000000000000000 0.2000000000000000E-002 -.3000000000000000E-002  0.000000000000000 -14.52526010286552 -18.37009405542652 0.8310509962153538E-003 0.1474812337517635E-001 0.2711535963941133E-002 -.8020536047160000E-002 0.6475613557909566E-002 0.7057288761960706E-001 0.9199313812805457
 0.000000000000000 0.3000000000000000E-002 -.3000000000000000E-002  0.000000000000000 -13.93180632809028 -18.43242567074788 0.8310509962153538E-003 0.1345954980789375E-001 0.2738416158856108E-002 -.8286666284858538E-002 0.6475613557909566E-002 0.6626041975760003E-001 0.9156189134185386
 0.000000000000000 0.4000000000000000E-002 -.3000000000000000E-002  0.000000000000000 -13.33835255331507 -18.49475728606922 0.8310509962153538E-003 0.1217097624061225E-001 0.2765296353770634E-002 -.8552796609805728E-002 0.6475613557909566E-002 0.6194795189559187E-001 0.9113064455565305
0.1000000000000000E-002  0.000000000000000 -.3000000000000000E-002  0.000000000000000 -15.38005098136728 -18.26825164239106 0.8310509962153538E-003 0.1579925843606961E-001 0.2678597092997400E-002 -.7545955987787404E-002 0.6475613557909566E-002 0.7875618756584764E-001 0.9281146812267863
0.1000000000000000E-002 0.1000000000000000E-002 -.3000000000000000E-002  0.000000000000000 -14.78659720659206 -18.33058325771241 0.8310509962153538E-003 0.1451068486878970E-001 0.2705477287912606E-002 -.7812086312475721E-002 0.6475613557909566E-002 0.7444371970384023E-001 0.9238022133647790
0.1000000000000000E-002 0.2000000000000000E-002 -.3000000000000000E-002  0.000000000000000 -14.19314343181683 -18.39291487303378 0.8310509962153538E-003 0.1322211130150235E-001 0.2732357482827663E-002 -.8078216548890035E-002 0.6475613557909566E-002 0.7013125184183225E-001 0.9194897455027708
0.1000000000000000E-002 0.3000000000000000E-002 -.3000000000000000E-002  0.000000000000000 -13.59968965704160 -18.45524648835510 0.8310509962153538E-003 0.1193353773422231E-001 0.2759237677742823E-002 -.8344347009812476E-002 0.6475613557909566E-002 0.6581878397982581E-001 0.9151772776407645
0.1000000000000000E-002 0.4000000000000000E-002 -.3000000000000000E-002  0.000000000000000 -13.00623588226640 -18.51757810367648 0.8310509962153538E-003 0.1064496416694541E-001 0.2786117872657226E-002 -.8610477285390364E-002 0.6475613557909566E-002 0.6150631611781782E-001 0.9108648097787565
0.2000000000000000E-002  0.000000000000000 -.3000000000000000E-002  0.000000000000000 -15.04793431031857 -18.29107245999831 0.8310509962153538E-003 0.1427324636240515E-001 0.2699418611883979E-002 -.7603636663531910E-002 0.6475613557909566E-002 0.7831455178807263E-001 0.9276730454490113
0.2000000000000000E-002 0.1000000000000000E-002 -.3000000000000000E-002  0.000000000000000 -14.45448053554336 -18.35340407531963 0.8310509962153538E-003 0.1298467279512308E-001 0.2726298806799036E-002 -.7869766988000933E-002 0.6475613557909566E-002 0.7400208392606580E-001 0.9233605775870044
0.2000000000000000E-002 0.2000000000000000E-002 -.3000000000000000E-002  0.000000000000000 -13.86102676076814 -18.41573569064101 0.8310509962153538E-003 0.1169609922784224E-001 0.2753179001714185E-002 -.8135897312684989E-002 0.6475613557909566E-002 0.6968961606405764E-001 0.9190481097249963
0.2000000000000000E-002 0.3000000000000000E-002 -.3000000000000000E-002  0.000000000000000 -13.26757298599293 -18.47806730596236 0.8310509962153538E-003 0.1040752566056593E-001 0.2780059196628647E-002 -.8402027587699064E-002 0.6475613557909566E-002 0.6537714820205005E-001 0.9147356418629887
0.2000000000000000E-002 0.4000000000000000E-002 -.3000000000000000E-002  0.000000000000000 -12.67411921121770 -18.54039892128371 0.8310509962153538E-003 0.9118952093285709E-002 0.2806939391543900E-002 -.8668158048826263E-002 0.6475613557909566E-002 0.6106468034004284E-001 0.9104231740009816
0.3000000000000000E-002  0.000000000000000 -.3000000000000000E-002  0.000000000000000 -14.71581763926989 -18.31389327760553 0.8310509962153538E-003 0.1274723428874055E-001 0.2720240130770709E-002 -.7661317339303400E-002 0.6475613557909566E-002 0.7787291601029785E-001 0.9272314096712365
0.3000000000000000E-002 0.1000000000000000E-002 -.3000000000000000E-002  0.000000000000000 -14.12236386449467 -18.37622489292688 0.8310509962153538E-003 0.1145866072145676E-001 0.2747120325685654E-002 -.7927447663858318E-002 0.6475613557909566E-002 0.7356044814829082E-001 0.9229189418092295
0.3000000000000000E-002 0.2000000000000000E-002 -.3000000000000000E-002  0.000000000000000 -13.52891008971947 -18.43855650824823 0.8310509962153538E-003 0.1017008715417558E-001 0.2774000520600102E-002 -.8193577988561592E-002 0.6475613557909566E-002 0.6924798028628265E-001 0.9186064739472213
0.3000000000000000E-002 0.3000000000000000E-002 -.3000000000000000E-002  0.000000000000000 -12.93545631494426 -18.50088812356958 0.8310509962153538E-003 0.8881513586893904E-002 0.2800880715515362E-002 -.8459708313144571E-002 0.6475613557909566E-002 0.6493551242427581E-001 0.9142940060852145
0.3000000000000000E-002 0.4000000000000000E-002 -.3000000000000000E-002  0.000000000000000 -12.34200254016902 -18.56321973889096 0.8310509962153538E-003 0.7592940019614711E-002 0.2827760910430503E-002 -.8725838543679735E-002 0.6475613557909566E-002 0.6062304456226784E-001 0.9099815382232066
0.4000000000000000E-002  0.000000000000000 -.3000000000000000E-002  0.000000000000000 -14.38370096822121 -18.33671409521277 0.8310509962153538E-003 0.1122122221507362E-001 0.2741061649657228E-002 -.7718998015710346E-002 0.6475613557909566E-002 0.7743128023252246E-001 0.9267897738934612
0.4000000000000000E-002 0.1000000000000000E-002 -.3000000000000000E-002  0.000000000000000 -13.79024719344599 -18.39904571053411 0.8310509962153538E-003 0.9932648647790303E-002 0.2767941844572666E-002 -.7985128340554671E-002 0.6475613557909566E-002 0.7311881237051583E-001 0.9224773060314545
0.4000000000000000E-002 0.2000000000000000E-002 -.3000000000000000E-002  0.000000000000000 -13.19679341867078 -18.46137732585548 0.8310509962153538E-003 0.8644075080508665E-002 0.2794822039486823E-002 -.8251258664862609E-002 0.6475613557909566E-002 0.6880634450850785E-001 0.9181648381694465
0.4000000000000000E-002 0.3000000000000000E-002 -.3000000000000000E-002  0.000000000000000 -12.60333964389555 -18.52370894117681 0.8310509962153538E-003 0.7355501513226797E-002 0.2821702234401844E-002 -.8517388989550406E-002 0.6475613557909566E-002 0.6449387664650083E-001 0.9138523703074395
0.4000000000000000E-002 0.4000000000000000E-002 -.3000000000000000E-002  0.000000000000000 -12.00988586912033 -18.58604055649818 0.8310509962153538E-003 0.6066927945943630E-002 0.2848582429317004E-002 -.8783519205506404E-002 0.6475613557909566E-002 0.6018140878449362E-001 0.9095399024454323
 0.000000000000000  0.000000000000000 -.4000000000000000E-002  0.000000000000000 -15.80207125028808 -17.85118921952983 0.8310509962153538E-003 0.1755741299093247E-001 0.2455537668522836E-002 -.7455792687457195E-002 0.6475613557909566E-002 0.7964049767890016E-001 0.9289989913398389
 0.000000000000000 0.1000000000000000E-002 -.4000000000000000E-002  0.000000000000000 -15.20861747551287 -17.91352083485119 0.8310509962153538E-003 0.1626883942365181E-001 0.2482417863437748E-002 -.7721923012137221E-002 0.6475613557909566E-002 0.7532802981689238E-001 0.9246865234778310
 0.000000000000000 0.2000000000000000E-002 -.4000000000000000E-002  0.000000000000000 -14.61516370073764 -17.97585245017251 0.8310509962153538E-003 0.1498026585636692E-001 0.2509298058353093E-002 -.7988053375103379E-002 0.6475613557909566E-002 0.7101556195488498E-001 0.9203740556158237
 0.000000000000000 0.3000000000000000E-002 -.4000000000000000E-002  0.000000000000000 -14.02170992596243 -18.03818406549388 0.8310509962153538E-003 0.1369169228908807E-001 0.2536178253267384E-002 -.8254183660748050E-002 0.6475613557909566E-002 0.6670309409287757E-001 0.9160615877538163
 0.000000000000000 0.4000000000000000E-002 -.4000000000000000E-002  0.000000000000000 -13.42825615118721 -18.10051568081519 0.8310509962153538E-003 0.1240311872180655E-001 0.2563058448182696E-002 -.8520313985477451E-002 0.6475613557909566E-002 0.6239062623087018E-001 0.9117491198918088
0.1000000000000000E-002  0.000000000000000 -.4000000000000000E-002  0.000000000000000 -15.46995457923939 -17.87401003713705 0.8310509962153538E-003 0.1603140091726492E-001 0.2476359187409301E-002 -.7513473363683442E-002 0.6475613557909566E-002 0.7919886190112593E-001 0.9285573555620645
0.1000000000000000E-002 0.1000000000000000E-002 -.4000000000000000E-002  0.000000000000000 -14.87650080446419 -17.93634165245841 0.8310509962153538E-003 0.1474282734998381E-001 0.2503239382324693E-002 -.7779603688127615E-002 0.6475613557909566E-002 0.7488639403911815E-001 0.9242448877000569
0.1000000000000000E-002 0.2000000000000000E-002 -.4000000000000000E-002  0.000000000000000 -14.28304702968896 -17.99867326777977 0.8310509962153538E-003 0.1345425378269480E-001 0.2530119577239222E-002 -.8045733919261097E-002 0.6475613557909566E-002 0.7057392617711036E-001 0.9199324198380490
0.1000000000000000E-002 0.3000000000000000E-002 -.4000000000000000E-002  0.000000000000000 -13.68959325491374 -18.06100488310111 0.8310509962153538E-003 0.1216568021541786E-001 0.2556999772154183E-002 -.8311864380174068E-002 0.6475613557909566E-002 0.6626145831510315E-001 0.9156199519760418
0.1000000000000000E-002 0.4000000000000000E-002 -.4000000000000000E-002  0.000000000000000 -13.09613948013852 -18.12333649842247 0.8310509962153538E-003 0.1087710664814078E-001 0.2583879967068979E-002 -.8577994660977263E-002 0.6475613557909566E-002 0.6194899045309461E-001 0.9113074841140333
0.2000000000000000E-002  0.000000000000000 -.4000000000000000E-002  0.000000000000000 -15.13783790819070 -17.89683085474432 0.8310509962153538E-003 0.1450538884359719E-001 0.2497180706296087E-002 -.7571154039112555E-002 0.6475613557909566E-002 0.7875722612335095E-001 0.9281157197842896
0.2000000000000000E-002 0.1000000000000000E-002 -.4000000000000000E-002  0.000000000000000 -14.54438413341549 -17.95916247006565 0.8310509962153538E-003 0.1321681527631744E-001 0.2524060901210613E-002 -.7837284363933264E-002 0.6475613557909566E-002 0.7444475826134354E-001 0.9238032519222823
0.2000000000000000E-002 0.2000000000000000E-002 -.4000000000000000E-002  0.000000000000000 -13.95093035864027 -18.02149408538702 0.8310509962153538E-003 0.1192824170903705E-001 0.2550941096125792E-002 -.8103414688400444E-002 0.6475613557909566E-002 0.7013229039933615E-001 0.9194907840602748
0.2000000000000000E-002 0.3000000000000000E-002 -.4000000000000000E-002  0.000000000000000 -13.35747658386505 -18.08382570070835 0.8310509962153538E-003 0.1063966814175573E-001 0.2577821291040760E-002 -.8369544958227025E-002 0.6475613557909566E-002 0.6581982253732817E-001 0.9151783161982668
0.2000000000000000E-002 0.4000000000000000E-002 -.4000000000000000E-002  0.000000000000000 -12.76402280908983 -18.14615731602969 0.8310509962153538E-003 0.9351094574478656E-002 0.2604701485955863E-002 -.8635675418920961E-002 0.6475613557909566E-002 0.6150735467532076E-001 0.9108658483362595
0.3000000000000000E-002  0.000000000000000 -.4000000000000000E-002  0.000000000000000 -14.80572123714203 -17.91965167235154 0.8310509962153538E-003 0.1297937676993099E-001 0.2518002225181712E-002 -.7628834715245784E-002 0.6475613557909566E-002 0.7831559034557596E-001 0.9276740840065146
0.3000000000000000E-002 0.1000000000000000E-002 -.4000000000000000E-002  0.000000000000000 -14.21226746236682 -17.98198328767289 0.8310509962153538E-003 0.1169080320265369E-001 0.2544882420097003E-002 -.7894965039925152E-002 0.6475613557909566E-002 0.7400312248356893E-001 0.9233616161445076
0.3000000000000000E-002 0.2000000000000000E-002 -.4000000000000000E-002  0.000000000000000 -13.61881368759159 -18.04431490299422 0.8310509962153538E-003 0.1040222963537055E-001 0.2571762615012230E-002 -.8161095364285978E-002 0.6475613557909566E-002 0.6969065462156057E-001 0.9190491482824992
0.3000000000000000E-002 0.3000000000000000E-002 -.4000000000000000E-002  0.000000000000000 -13.02535991281639 -18.10664651831558 0.8310509962153538E-003 0.9113656068090075E-002 0.2598642809927447E-002 -.8427225689076731E-002 0.6475613557909566E-002 0.6537818675955394E-001 0.9147366804204926
0.3000000000000000E-002 0.4000000000000000E-002 -.4000000000000000E-002  0.000000000000000 -12.43190613804115 -18.16897813363693 0.8310509962153538E-003 0.7825082500817608E-002 0.2625523004842355E-002 -.8693355997274678E-002 0.6475613557909566E-002 0.6106571889754634E-001 0.9104242125584850
0.4000000000000000E-002  0.000000000000000 -.4000000000000000E-002  0.000000000000000 -14.47360456609335 -17.94247248995879 0.8310509962153538E-003 0.1145336469626459E-001 0.2538823744068810E-002 -.7686515391618686E-002 0.6475613557909566E-002 0.7787395456780172E-001 0.9272324482287404
0.4000000000000000E-002 0.1000000000000000E-002 -.4000000000000000E-002  0.000000000000000 -13.88015079131813 -18.00480410528013 0.8310509962153538E-003 0.1016479112898661E-001 0.2565703938983875E-002 -.7952645716441565E-002 0.6475613557909566E-002 0.7356148670579414E-001 0.9229199803667328
0.4000000000000000E-002 0.2000000000000000E-002 -.4000000000000000E-002  0.000000000000000 -13.28669701654290 -18.06713572060149 0.8310509962153538E-003 0.8876217561705466E-002 0.2592584133898890E-002 -.8218776040797097E-002 0.6475613557909566E-002 0.6924901884378616E-001 0.9186075125047248
0.4000000000000000E-002 0.3000000000000000E-002 -.4000000000000000E-002  0.000000000000000 -12.69324324176768 -18.12946733592281 0.8310509962153538E-003 0.7587643994422432E-002 0.2619464328813932E-002 -.8484906365261578E-002 0.6475613557909566E-002 0.6493655098177913E-001 0.9142950446427178
0.4000000000000000E-002 0.4000000000000000E-002 -.4000000000000000E-002  0.000000000000000 -12.09978946699246 -18.19179895124418 0.8310509962153538E-003 0.6299070427137244E-002 0.2646344523729209E-002 -.8751036575693720E-002 0.6475613557909566E-002 0.6062408311977059E-001 0.9099825767807093
