 SGx1               SGx2              SGy1                SGy2              chrom_x            chrom_y            CONS(MU)           quad_Kx                 quad_Ky                 quad_Kz                  alpha_0              alpha_1            eta_1
 0.000000000000000  0.000000000000000  0.000000000000000  0.000000000000000 -1.258804460595342 -2.058164784371971 0.1635648284944904 0.1327248266005418E-003 -.8550042242618501E-003 0.1431077189498527E-001 0.2602796184451998 0.4323780881149893  1.087776785045307
 0.000000000000000 0.5000000000000000E-003  0.000000000000000  0.000000000000000 -.5843236502254273 -2.310921083273420 0.1635648284944904 0.5915193266040014E-004 -.7900867759609982E-003 0.9860315311287136E-002 0.2602796184451998 0.6459237686572925E-001 0.7199910737960465
 0.000000000000000 0.1000000000000000E-002  0.000000000000000  0.000000000000000 0.9015716014448727E-001 -2.563677382174870 0.1635648284944904 -.1442096127967414E-004 -.7251693276601217E-003 0.5409859877754511E-002 0.2602796184451998 -.3031933343835306 0.3522053625467867
 0.000000000000000 0.1500000000000000E-002  0.000000000000000  0.000000000000000 0.7646379705144051 -2.816433681076321 0.1635648284944904 -.8799385521974544E-004 -.6602518793588987E-003 0.9594030917437198E-003 0.2602796184451998 -.6709790456327919 -.1558034870247460E-001
 0.000000000000000 0.2000000000000000E-002  0.000000000000000  0.000000000000000  1.439118780884322 -3.069189979977769 0.1635648284944904 -.1615667491598444E-003 -.5953344310578940E-003 -.3491052732986603E-002 0.2602796184451998 -1.038764756882051 -.3833660599517338
0.5000000000000000E-003  0.000000000000000  0.000000000000000  0.000000000000000 -.6451836113778462 -2.156592107129625 0.1635648284944904 0.6094191941466780E-004 -.8456792717254369E-003 0.1315152671205312E-001 0.2602796184451998 0.3446791884826221  1.000077885412939
0.5000000000000000E-003 0.5000000000000000E-003  0.000000000000000  0.000000000000000 0.2929719899206993E-001 -2.409348406031075 0.1635648284944904 -.1263097452571778E-004 -.7807618234245406E-003 0.8701071978825735E-002 0.2602796184451998 -.2310652276663821E-001 0.6322921741636790
0.5000000000000000E-003 0.1000000000000000E-002  0.000000000000000  0.000000000000000 0.7037780093619835 -2.662104704932526 0.1635648284944904 -.8620386846549771E-004 -.7158443751236599E-003 0.4250616142279375E-002 0.2602796184451998 -.3908922340158982 0.2645064629144190
0.5000000000000000E-003 0.1500000000000000E-002  0.000000000000000  0.000000000000000  1.378258819731899 -2.914861003833975 0.1635648284944904 -.1597767624055952E-003 -.6509269268227951E-003 -.1998405866390131E-003 0.2602796184451998 -.7586779452651590 -.1032792483348417
0.5000000000000000E-003 0.2000000000000000E-002  0.000000000000000  0.000000000000000  2.052739630101818 -3.167617302735425 0.1635648284944904 -.2333496563456648E-003 -.5860094785214868E-003 -.4650297004053790E-002 0.2602796184451998 -1.126463656514419 -.4710649595841016
0.1000000000000000E-002  0.000000000000000  0.000000000000000  0.000000000000000 -.3156276216035054E-001 -2.255019429887282 0.1635648284944904 -.1084098777115205E-004 -.8363543191889705E-003 0.1199228277021757E-001 0.2602796184451998 0.2569802888502545 0.9123789857805717
0.1000000000000000E-002 0.5000000000000000E-003  0.000000000000000  0.000000000000000 0.6429180482095663 -2.507775728788732 0.1635648284944904 -.8441388171125227E-004 -.7714368708880944E-003 0.7541828031916401E-002 0.2602796184451998 -.1108054223990050 0.5445932745313122
0.1000000000000000E-002 0.1000000000000000E-002  0.000000000000000  0.000000000000000  1.317398858579483 -2.760532027690182 0.1635648284944904 -.1579867756513403E-003 -.7065194225871928E-003 0.3091372359407695E-002 0.2602796184451998 -.4785911336482654 0.1768075632820518
0.1000000000000000E-002 0.1500000000000000E-002  0.000000000000000  0.000000000000000  1.991879668949401 -3.013288326591630 0.1635648284944904 -.2315596695914178E-003 -.6416019742863174E-003 -.1359084282076716E-002 0.2602796184451998 -.8463768448975262 -.1909781479672089
0.1000000000000000E-002 0.2000000000000000E-002  0.000000000000000  0.000000000000000  2.666360479319311 -3.266044625493080 0.1635648284944904 -.3051325635314911E-003 -.5766845259850746E-003 -.5809540661016636E-002 0.2602796184451998 -1.214162556146785 -.5587638592164678
0.1500000000000000E-002  0.000000000000000  0.000000000000000  0.000000000000000 0.5820580870571483 -2.353446752644937 0.1635648284944904 -.8262389495697840E-004 -.8270293666525070E-003 0.1083303903980331E-001 0.2602796184451998 0.1692813892178873 0.8246800861482045
0.1500000000000000E-002 0.5000000000000000E-003  0.000000000000000  0.000000000000000  1.256538897427063 -2.606203051546389 0.1635648284944904 -.1561967888967831E-003 -.7621119183516208E-003 0.6382584285478365E-002 0.2602796184451998 -.1985043220313727 0.4568943748989446
0.1500000000000000E-002 0.1000000000000000E-002  0.000000000000000  0.000000000000000  1.931019707796983 -2.858959350447836 0.1635648284944904 -.2297696828371642E-003 -.6971944700507403E-003 0.1932128520972471E-002 0.2602796184451998 -.5662900332806328 0.8910866364968451E-001
0.1500000000000000E-002 0.1500000000000000E-002  0.000000000000000  0.000000000000000  2.605500518166895 -3.111715649349285 0.1635648284944904 -.3033425767772267E-003 -.6322770217498438E-003 -.2518327949980258E-002 0.2602796184451998 -.9340757445298934 -.2786770475995761
0.1500000000000000E-002 0.2000000000000000E-002  0.000000000000000  0.000000000000000  3.279981328536810 -3.364471948250737 0.1635648284944904 -.3769154707173088E-003 -.5673595734489647E-003 -.6968784331132557E-002 0.2602796184451998 -1.301861455779151 -.6464627588488342
0.2000000000000000E-002  0.000000000000000  0.000000000000000  0.000000000000000  1.195678936274644 -2.451874075402592 0.1635648284944904 -.1544068021428112E-003 -.8177044141160433E-003 0.9673795851968979E-002 0.2602796184451998 0.8158248958552031E-001 0.7369811865158375
0.2000000000000000E-002 0.5000000000000000E-003  0.000000000000000  0.000000000000000  1.870159746644559 -2.704630374304043 0.1635648284944904 -.2279796960828978E-003 -.7527869658151646E-003 0.5223340012296441E-002 0.2602796184451998 -.2862032216637400 0.3691954752665773
0.2000000000000000E-002 0.1000000000000000E-002  0.000000000000000  0.000000000000000  2.544640557014477 -2.957386673205492 0.1635648284944904 -.3015525900230297E-003 -.6878695175143384E-003 0.7728852037489784E-003 0.2602796184451998 -.6539889329129999 0.1409764017317405E-002
0.2000000000000000E-002 0.1500000000000000E-002  0.000000000000000  0.000000000000000  3.219121367384394 -3.210142972106942 0.1635648284944904 -.3751254839630640E-003 -.6229520692133831E-003 -.3677571631335188E-002 0.2602796184451998 -1.021774644162261 -.3663759472319433
0.2000000000000000E-002 0.2000000000000000E-002  0.000000000000000  0.000000000000000  3.893602177754307 -3.462899271008393 0.1635648284944904 -.4486983779031457E-003 -.5580346209124959E-003 -.8128028014698358E-002 0.2602796184451998 -1.389560355411520 -.7341616584812024
 0.000000000000000  0.000000000000000 -.5000000000000000E-003  0.000000000000000 -1.399862833299233 -1.368585771258566 0.1635648284944904 0.1398430785458301E-003 -.1083201020331722E-002 0.1519070841163931E-001 0.2602796184451998 0.4972864979103808  1.152685194840698
 0.000000000000000 0.5000000000000000E-003 -.5000000000000000E-003  0.000000000000000 -.7253820229293153 -1.621342070160015 0.1635648284944904 0.6627018460561846E-004 -.1018283572030955E-002 0.1074025336325190E-001 0.2602796184451998 0.1295007866611200 0.7848994835914372
 0.000000000000000 0.1000000000000000E-002 -.5000000000000000E-003  0.000000000000000 -.5090121255940022E-001 -1.874098369061465 0.1635648284944904 -.7302709334455331E-005 -.9533661237300765E-003 0.6289795032503126E-002 0.2602796184451998 -.2382849245881396 0.4171137723421776
 0.000000000000000 0.1500000000000000E-002 -.5000000000000000E-003  0.000000000000000 0.6235795978105145 -2.126854667962916 0.1635648284944904 -.8087560327453322E-004 -.8884486754288469E-003 0.1839338316434742E-002 0.2602796184451998 -.6060706358374002 0.4932806109291710E-001
 0.000000000000000 0.2000000000000000E-002 -.5000000000000000E-003  0.000000000000000  1.298060408180432 -2.379610966864365 0.1635648284944904 -.1544484972146211E-003 -.8235312271278356E-003 -.2611115910768623E-002 0.2602796184451998 -.9738563470866600 -.3184576501563428
0.5000000000000000E-003  0.000000000000000 -.5000000000000000E-003  0.000000000000000 -.7862419840817347 -1.467013094016222 0.1635648284944904 0.6806017135987083E-004 -.1073876067795369E-002 0.1403146549695974E-001 0.2602796184451998 0.4095875982780133  1.064986295208330
0.5000000000000000E-003 0.5000000000000000E-003 -.5000000000000000E-003  0.000000000000000 -.1117611737118187 -1.719769392917673 0.1635648284944904 -.5512722580430178E-005 -.1008958619494200E-002 0.9581008420976237E-002 0.2602796184451998 0.4180188702875277E-001 0.6972005839590700
0.5000000000000000E-003 0.1000000000000000E-002 -.5000000000000000E-003  0.000000000000000 0.5627196366580980 -1.972525691819121 0.1635648284944904 -.7908561652028119E-004 -.9440411711936124E-003 0.5130551249701453E-002 0.2602796184451998 -.3259838242205071 0.3294148727098101
0.5000000000000000E-003 0.1500000000000000E-002 -.5000000000000000E-003  0.000000000000000  1.237200447028013 -2.225281990720571 0.1635648284944904 -.1526585104603747E-003 -.8791237228927304E-003 0.6800955831251848E-003 0.2602796184451998 -.6937695354697678 -.3837083853945056E-001
0.5000000000000000E-003 0.2000000000000000E-002 -.5000000000000000E-003  0.000000000000000  1.911681257397930 -2.478038289622021 0.1635648284944904 -.2262314044004489E-003 -.8142062745914376E-003 -.3770360345072282E-002 0.2602796184451998 -1.061555246719027 -.4061565497887093
0.1000000000000000E-002  0.000000000000000 -.5000000000000000E-003  0.000000000000000 -.1726211348642377 -1.565440416773878 0.1635648284944904 -.3722735825949986E-005 -.1064551115258904E-002 0.1287222154681834E-001 0.2602796184451998 0.3218886986456455 0.9772873955759627
0.1000000000000000E-002 0.5000000000000000E-003 -.5000000000000000E-003  0.000000000000000 0.5018596755056786 -1.818196715675327 0.1635648284944904 -.7729562976598027E-004 -.9996336669579589E-003 0.8421764504307830E-002 0.2602796184451998 -.4589701260361441E-001 0.6095016843267028
0.1000000000000000E-002 0.1000000000000000E-002 -.5000000000000000E-003  0.000000000000000  1.176340485875593 -2.070953014576777 0.1635648284944904 -.1508685237061189E-003 -.9347162186571359E-003 0.3971307290042284E-002 0.2602796184451998 -.4136827238528742 0.2417159730774430
0.1000000000000000E-002 0.1500000000000000E-002 -.5000000000000000E-003  0.000000000000000  1.850821296245508 -2.323709313478227 0.1635648284944904 -.2244414176462035E-003 -.8697987703562715E-003 -.4791477967959540E-003 0.2602796184451998 -.7814684351021354 -.1260697381718181
0.1000000000000000E-002 0.2000000000000000E-002 -.5000000000000000E-003  0.000000000000000  2.525302106615426 -2.576465612379676 0.1635648284944904 -.2980143115862689E-003 -.8048813220550208E-003 -.4929604460965522E-002 0.2602796184451998 -1.149254146351394 -.4938554494210766
0.1500000000000000E-002  0.000000000000000 -.5000000000000000E-003  0.000000000000000 0.4409997143532589 -1.663867739531533 0.1635648284944904 -.7550564301177402E-004 -.1055226162722445E-002 0.1171297692657861E-001 0.2602796184451998 0.2341897990132778 0.8895884959435951
0.1500000000000000E-002 0.5000000000000000E-003 -.5000000000000000E-003  0.000000000000000  1.115480524723177 -1.916624038432983 0.1635648284944904 -.1490785369518678E-003 -.9903087144215511E-003 0.7262520277057052E-002 0.2602796184451998 -.1335959122359817 0.5218027846943355
0.1500000000000000E-002 0.1000000000000000E-002 -.5000000000000000E-003  0.000000000000000  1.789961335093095 -2.169380337334432 0.1635648284944904 -.2226514308922325E-003 -.9253912661206793E-003 0.2812065193765115E-002 0.2602796184451998 -.5013816234852416 0.1540170734450756
0.1500000000000000E-002 0.1500000000000000E-002 -.5000000000000000E-003  0.000000000000000  2.464442145463007 -2.422136636235881 0.1635648284944904 -.2962243248320224E-003 -.8604738178198081E-003 -.1638391815437836E-002 0.2602796184451998 -.8691673347345026 -.2137686378041853
0.1500000000000000E-002 0.2000000000000000E-002 -.5000000000000000E-003  0.000000000000000  3.138922955832927 -2.674892935137331 0.1635648284944904 -.3697972187720967E-003 -.7955563695189186E-003 -.6088848129335309E-002 0.2602796184451998 -1.236953045983762 -.5815543490534446
0.2000000000000000E-002  0.000000000000000 -.5000000000000000E-003  0.000000000000000  1.054620563570757 -1.762295062289189 0.1635648284944904 -.1472885501975987E-003 -.1045901210185978E-002 0.1055373190051865E-001 0.2602796184451998 0.1464908993809112 0.8018895963112285
0.2000000000000000E-002 0.5000000000000000E-003 -.5000000000000000E-003  0.000000000000000  1.729101373940670 -2.015051361190639 0.1635648284944904 -.2208614441376970E-003 -.9809837618851020E-003 0.6103276245327268E-002 0.2602796184451998 -.2212948118683491 0.4341038850619681
0.2000000000000000E-002 0.1000000000000000E-002 -.5000000000000000E-003  0.000000000000000  2.403582184310588 -2.267807660092089 0.1635648284944904 -.2944343380777720E-003 -.9160663135842067E-003 0.1652820718632178E-002 0.2602796184451998 -.5890805231176089 0.6631817381270833E-001
0.2000000000000000E-002 0.1500000000000000E-002 -.5000000000000000E-003  0.000000000000000  3.078062994680507 -2.520563958993538 0.1635648284944904 -.3680072320178422E-003 -.8511488652833236E-003 -.2797635457385397E-002 0.2602796184451998 -.9568662343668691 -.3014675374365519
0.2000000000000000E-002 0.2000000000000000E-002 -.5000000000000000E-003  0.000000000000000  3.752543805050421 -2.773320257894988 0.1635648284944904 -.4415801259579228E-003 -.7862314169824591E-003 -.7248091987150204E-002 0.2602796184451998 -1.324651945616129 -.6692532486858119
 0.000000000000000  0.000000000000000 -.1000000000000000E-002  0.000000000000000 -1.540921206003121 -.6790067581451623 0.1635648284944904 0.1469613304911141E-003 -.1311397816401998E-002 0.1607064438737865E-001 0.2602796184451998 0.5621949077057716  1.217593604636089
 0.000000000000000 0.5000000000000000E-003 -.1000000000000000E-002  0.000000000000000 -.8664403956332043 -.9317630570466116 0.1635648284944904 0.7338843655083211E-004 -.1246480368100911E-002 0.1162018782453873E-001 0.2602796184451998 0.1944091964565110 0.8498078933868283
 0.000000000000000 0.1000000000000000E-002 -.1000000000000000E-002  0.000000000000000 -.1919595852632864 -1.184519355948062 0.1635648284944904 -.1844573892334161E-006 -.1181562919800021E-002 0.7169732681270555E-002 0.2602796184451998 -.1733765147927491 0.4820221821375681
 0.000000000000000 0.1500000000000000E-002 -.1000000000000000E-002  0.000000000000000 0.4825212251066286 -1.437275654849512 0.1635648284944904 -.7375735132932499E-004 -.1116645471498806E-002 0.2719276075756222E-002 0.2602796184451998 -.5411622260420089 0.1142364708883084
 0.000000000000000 0.2000000000000000E-002 -.1000000000000000E-002  0.000000000000000  1.157002035476542 -1.690031953750960 0.1635648284944904 -.1473302452694060E-003 -.1051728023197783E-002 -.1731180154837439E-002 0.2602796184451998 -.9089479372912688 -.2535492403609515
0.5000000000000000E-003  0.000000000000000 -.1000000000000000E-002  0.000000000000000 -.9273003567856219 -.7774340809028173 0.1635648284944904 0.7517842330508645E-004 -.1302072863865302E-002 0.1491140155961326E-001 0.2602796184451998 0.4744960080734041  1.129894705003721
0.5000000000000000E-003 0.5000000000000000E-003 -.1000000000000000E-002  0.000000000000000 -.2528195464157064 -1.030190379804268 0.1635648284944904 0.1605529364854675E-005 -.1237155415564559E-002 0.1046094413095428E-001 0.2602796184451998 0.1067102968241438 0.7621089937544611
0.5000000000000000E-003 0.1000000000000000E-002 -.1000000000000000E-002  0.000000000000000 0.4216612639542101 -1.282946678705718 0.1635648284944904 -.7196736457507297E-004 -.1172237967263559E-002 0.6010488802902621E-002 0.2602796184451998 -.2610754144251163 0.3943232825052010
0.5000000000000000E-003 0.1500000000000000E-002 -.1000000000000000E-002  0.000000000000000  1.096142074324122 -1.535702977607167 0.1635648284944904 -.1455402585151509E-003 -.1107320518962680E-002 0.1560031391829061E-002 0.2602796184451998 -.6288611256743770 0.2653757125594025E-001
0.5000000000000000E-003 0.2000000000000000E-002 -.1000000000000000E-002  0.000000000000000  1.770622884694043 -1.788459276508617 0.1635648284944904 -.2191131524552355E-003 -.1042403070661381E-002 -.2890424354896545E-002 0.2602796184451998 -.9966468369236360 -.3412481399933187
0.1000000000000000E-002  0.000000000000000 -.1000000000000000E-002  0.000000000000000 -.3136795075681246 -.8758614036604736 0.1635648284944904 0.3395516119270550E-005 -.1292747911328837E-002 0.1375215702251292E-001 0.2602796184451998 0.3867971084410370  1.042195805371354
0.1000000000000000E-002 0.5000000000000000E-003 -.1000000000000000E-002  0.000000000000000 0.3608013028017887 -1.128617702561924 0.1635648284944904 -.7017737782069055E-004 -.1227830463027863E-002 0.9301701994788693E-002 0.2602796184451998 0.1901139719177671E-001 0.6744100941220940
0.1000000000000000E-002 0.1000000000000000E-002 -.1000000000000000E-002  0.000000000000000  1.035282113171707 -1.381374001463373 0.1635648284944904 -.1437502717608997E-003 -.1162913014727096E-002 0.4851244811663626E-002 0.2602796184451998 -.3487743140574835 0.3066243828728337
0.1000000000000000E-002 0.1500000000000000E-002 -.1000000000000000E-002  0.000000000000000  1.709762923541625 -1.634130300364823 0.1635648284944904 -.2173231657009842E-003 -.1097995566426207E-002 0.4007873947259779E-003 0.2602796184451998 -.7165600253067447 -.6116132837642740E-001
0.1000000000000000E-002 0.2000000000000000E-002 -.1000000000000000E-002  0.000000000000000  2.384243733911538 -1.886886599266273 0.1635648284944904 -.2908960596410632E-003 -.1033078118124975E-002 -.4049668182196875E-002 0.2602796184451998 -1.084345736556003 -.4289470396256861
0.1500000000000000E-002  0.000000000000000 -.1000000000000000E-002  0.000000000000000 0.2999413416493704 -.9742887264181291 0.1635648284944904 -.6838739106656922E-004 -.1283422958792380E-002 0.1259291308307603E-001 0.2602796184451998 0.2990982088086690 0.9544969057389863
0.1500000000000000E-002 0.5000000000000000E-003 -.1000000000000000E-002  0.000000000000000 0.9744221520192872 -1.227045025319579 0.1635648284944904 -.1419602850066323E-003 -.1218505510491501E-002 0.8142458160548031E-002 0.2602796184451998 -.6868750244059089E-001 0.5867111944897263
0.1500000000000000E-002 0.1000000000000000E-002 -.1000000000000000E-002  0.000000000000000  1.648902962389204 -1.479801324221029 0.1635648284944904 -.2155331789469564E-003 -.1153588062190375E-002 0.3692000573646831E-002 0.2602796184451998 -.4364732136898508 0.2189254832404665
0.1500000000000000E-002 0.1500000000000000E-002 -.1000000000000000E-002  0.000000000000000  2.323383772759117 -1.732557623122479 0.1635648284944904 -.2891060728868065E-003 -.1088670613889738E-002 -.7584565802907610E-003 0.2602796184451998 -.8042589249391117 -.1488602280087944
0.1500000000000000E-002 0.2000000000000000E-002 -.1000000000000000E-002  0.000000000000000  2.997864583129032 -1.985313922023927 0.1635648284944904 -.3626789668268753E-003 -.1023753165588859E-002 -.5208911861478049E-002 0.2602796184451998 -1.172044636188370 -.5166459392580530
0.2000000000000000E-002  0.000000000000000 -.1000000000000000E-002  0.000000000000000 0.9135621908668682 -1.072716049175785 0.1635648284944904 -.1401702982523867E-003 -.1274098006255943E-002 0.1143366825985912E-001 0.2602796184451998 0.2113993091763018 0.8667980061066191
0.2000000000000000E-002 0.5000000000000000E-003 -.1000000000000000E-002  0.000000000000000  1.588043001236784 -1.325472348077235 0.1635648284944904 -.2137431921924801E-003 -.1209180557955045E-002 0.6983214426468856E-002 0.2602796184451998 -.1563864020729581 0.4990122948573592
0.2000000000000000E-002 0.1000000000000000E-002 -.1000000000000000E-002  0.000000000000000  2.262523811606701 -1.578228646978685 0.1635648284944904 -.2873160861324981E-003 -.1144263109654081E-002 0.2532755730157882E-002 0.2602796184451998 -.5241721133222179 0.1312265836080994
0.2000000000000000E-002 0.1500000000000000E-002 -.1000000000000000E-002  0.000000000000000  2.937004621976619 -1.830984945880134 0.1635648284944904 -.3608889800726278E-003 -.1079345661353286E-002 -.1917699969337625E-002 0.2602796184451998 -.8919578245714785 -.2365591276411613
0.2000000000000000E-002 0.2000000000000000E-002 -.1000000000000000E-002  0.000000000000000  3.611485432346531 -2.083741244781584 0.1635648284944904 -.4344618740127071E-003 -.1014428213052402E-002 -.6368155565803121E-002 0.2602796184451998 -1.259743535820738 -.6043448388904208
 0.000000000000000  0.000000000000000 -.1500000000000000E-002  0.000000000000000 -1.681979578707008 0.1057225496824221E-001 0.1635648284944904 0.1540795824363980E-003 -.1539594612472022E-002 0.1695058070855116E-001 0.2602796184451998 0.6271033175011628  1.282502014431480
 0.000000000000000 0.5000000000000000E-003 -.1500000000000000E-002  0.000000000000000 -1.007498768337092 -.2421840439332073 0.1635648284944904 0.8050668849606160E-004 -.1474677164170829E-002 0.1250012387256209E-001 0.2602796184451998 0.2593176062519020 0.9147163031822192
 0.000000000000000 0.1000000000000000E-002 -.1500000000000000E-002  0.000000000000000 -.3330179579671761 -.4949403428346574 0.1635648284944904 0.6933794555981403E-005 -.1409759715869921E-002 0.8049667706011246E-002 0.2602796184451998 -.1084681049973577 0.5469305919329596
 0.000000000000000 0.1500000000000000E-002 -.1500000000000000E-002  0.000000000000000 0.3414628524027395 -.7476966417361072 0.1635648284944904 -.6663909938410450E-004 -.1344842267569074E-002 0.3599212616396267E-002 0.2602796184451998 -.4762538162466180 0.1791448806836993
 0.000000000000000 0.2000000000000000E-002 -.1500000000000000E-002  0.000000000000000  1.015943662772653 -1.000452940637557 0.1635648284944904 -.1402119933241846E-003 -.1279924819267745E-002 -.8512423691525858E-003 0.2602796184451998 -.8440395274958777 -.1886408305655605
0.5000000000000000E-003  0.000000000000000 -.1500000000000000E-002  0.000000000000000 -1.068358729489510 -.8785506778941329E-001 0.1635648284944904 0.8229667525031653E-004 -.1530269659935265E-002 0.1579133676246539E-001 0.2602796184451998 0.5394044178687952  1.194803114799112
0.5000000000000000E-003 0.5000000000000000E-003 -.1500000000000000E-002  0.000000000000000 -.3938779191195945 -.3406113666908636 0.1635648284944904 0.8723781310138509E-005 -.1465352211634463E-002 0.1134088019739863E-001 0.2602796184451998 0.1716187066195347 0.8270174035498520
0.5000000000000000E-003 0.1000000000000000E-002 -.1500000000000000E-002  0.000000000000000 0.2806028912503220 -.5933676655923135 0.1635648284944904 -.6484911262985560E-004 -.1400434763333490E-002 0.6890424053949722E-002 0.2602796184451998 -.1961670046297251 0.4592316923005921
0.5000000000000000E-003 0.1500000000000000E-002 -.1500000000000000E-002  0.000000000000000 0.9550837016202355 -.8461239644937633 0.1635648284944904 -.1384220065699234E-003 -.1335517315032610E-002 0.2439968387439846E-002 0.2602796184451998 -.5639527158789858 0.9144598105133150E-001
0.5000000000000000E-003 0.2000000000000000E-002 -.1500000000000000E-002  0.000000000000000  1.629564511990153 -1.098880263395213 0.1635648284944904 -.2119949005100179E-003 -.1270599866731343E-002 -.2010486576648928E-002 0.2602796184451998 -.9317384271282447 -.2763397301979275
0.1000000000000000E-002  0.000000000000000 -.1500000000000000E-002  0.000000000000000 -.4547378802720141 -.1862823905470691 0.1635648284944904 0.1051376806449148E-004 -.1520944707398782E-002 0.1463209344530039E-001 0.2602796184451998 0.4517055182364283  1.107104215166746
0.1000000000000000E-002 0.5000000000000000E-003 -.1500000000000000E-002  0.000000000000000 0.2197429300979029 -.4390386894485189 0.1635648284944904 -.6305912587541008E-004 -.1456027259098115E-002 0.1018163644422346E-001 0.2602796184451998 0.8391980698716785E-001 0.7393185039174851
0.1000000000000000E-002 0.1000000000000000E-002 -.1500000000000000E-002  0.000000000000000 0.8942237404678187 -.6917949883499686 0.1635648284944904 -.1366320198156703E-003 -.1391109810797037E-002 0.5731180257464735E-002 0.2602796184451998 -.2838659042620922 0.3715327926682250
0.1000000000000000E-002 0.1500000000000000E-002 -.1500000000000000E-002  0.000000000000000  1.568704550837732 -.9445512872514191 0.1635648284944904 -.2102049137557686E-003 -.1326192362496149E-002 0.1280725003238645E-002 0.2602796184451998 -.6516516155113530 0.3747081418964293E-002
0.1000000000000000E-002 0.2000000000000000E-002 -.1500000000000000E-002  0.000000000000000  2.243185361207649 -1.197307586152868 0.1635648284944904 -.2837778076958483E-003 -.1261274914195269E-002 -.3169731011790123E-002 0.2602796184451998 -1.019437326760613 -.3640386298302961
0.1500000000000000E-002  0.000000000000000 -.1500000000000000E-002  0.000000000000000 0.1588829689454851 -.2847097133047240 0.1635648284944904 -.6126913912134410E-004 -.1511619754862304E-002 0.1347284979321720E-001 0.2602796184451998 0.3640066186040605  1.019405315534378
0.1500000000000000E-002 0.5000000000000000E-003 -.1500000000000000E-002  0.000000000000000 0.8333637793153985 -.5374660122061744 0.1635648284944904 -.1348420330614181E-003 -.1446702306561443E-002 0.9022392869297548E-002 0.2602796184451998 -.3779092645199589E-002 0.6516196042851177
0.1500000000000000E-002 0.1000000000000000E-002 -.1500000000000000E-002  0.000000000000000  1.507844589685315 -.7902223111076241 0.1635648284944904 -.2084149270016850E-003 -.1381784858260687E-002 0.4571936609587570E-002 0.2602796184451998 -.3715648038944595 0.2838338930358578
0.1500000000000000E-002 0.1500000000000000E-002 -.1500000000000000E-002  0.000000000000000  2.182325400055233 -1.042978610009073 0.1635648284944904 -.2819878209415893E-003 -.1316867409959692E-002 0.1214813231896791E-003 0.2602796184451998 -.7393505151437205 -.8395181821340325E-001
0.1500000000000000E-002 0.2000000000000000E-002 -.1500000000000000E-002  0.000000000000000  2.856806210425145 -1.295734908910523 0.1635648284944904 -.3555607148816647E-003 -.1251949961658801E-002 -.4328976485318784E-002 0.2602796184451998 -1.107136226392980 -.4517375294626625
0.2000000000000000E-002  0.000000000000000 -.1500000000000000E-002  0.000000000000000 0.7725038181629792 -.3831370360623798 0.1635648284944904 -.1330520463071686E-003 -.1502294802325821E-002 0.1231360571657814E-001 0.2602796184451998 0.2763077189716931 0.9317064159020103
0.2000000000000000E-002 0.5000000000000000E-003 -.1500000000000000E-002  0.000000000000000  1.446984628532898 -.6358933349638295 0.1635648284944904 -.2066249402472667E-003 -.1437377354024982E-002 0.7863149189333726E-002 0.2602796184451998 -.9147799227756720E-001 0.5639207046527500
0.2000000000000000E-002 0.1000000000000000E-002 -.1500000000000000E-002  0.000000000000000  2.121465438902813 -.8886496338652797 0.1635648284944904 -.2801978341872032E-003 -.1372459905723984E-002 0.3412693498835355E-002 0.2602796184451998 -.4592637035268263 0.1961349934034909
0.2000000000000000E-002 0.1500000000000000E-002 -.1500000000000000E-002  0.000000000000000  2.795946249272726 -1.141405932766730 0.1635648284944904 -.3537707281274033E-003 -.1307542457423229E-002 -.1037762955144451E-002 0.2602796184451998 -.8270494147760875 -.1716507178457702
0.2000000000000000E-002 0.2000000000000000E-002 -.1500000000000000E-002  0.000000000000000  3.470427059642642 -1.394162231668180 0.1635648284944904 -.4273436220674894E-003 -.1242625009122345E-002 -.5488220285830237E-002 0.2602796184451998 -1.194835126025346 -.5394364290950288
 0.000000000000000  0.000000000000000 -.2000000000000000E-002  0.000000000000000 -1.823037951410897 0.7001512680816466 0.1635648284944904 0.1611978343813657E-003 -.1767791408541649E-002 0.1783051662314415E-001 0.2602796184451998 0.6920117272965539  1.347410424226871
 0.000000000000000 0.5000000000000000E-003 -.2000000000000000E-002  0.000000000000000 -1.148557141040980 0.4473949691801967 0.1635648284944904 0.8762494044128073E-004 -.1702873960240813E-002 0.1338005992323067E-001 0.2602796184451998 0.3242260160472930 0.9796247129776102
 0.000000000000000 0.1000000000000000E-002 -.2000000000000000E-002  0.000000000000000 -.4740763306710644 0.1946386702787466 0.1635648284944904 0.1405204650120425E-004 -.1637956511939890E-002 0.8929603818252207E-002 0.2602796184451998 -.4355969520196709E-001 0.6118390017283502
 0.000000000000000 0.1500000000000000E-002 -.2000000000000000E-002  0.000000000000000 0.2004044796988522 -.5811762862270384E-001 0.1635648284944904 -.5952084743888604E-004 -.1573039063638994E-002 0.4479148838455825E-002 0.2602796184451998 -.4113454064512276 0.2440532904790896
 0.000000000000000 0.2000000000000000E-002 -.2000000000000000E-002  0.000000000000000 0.8748852900687660 -.3108739275241530 0.1635648284944904 -.1330937413789567E-003 -.1508121615337690E-002 0.2869285449282798E-004 0.2602796184451998 -.7791311177004868 -.1237324207701695
0.5000000000000000E-003  0.000000000000000 -.2000000000000000E-002  0.000000000000000 -1.209417102193398 0.6017239453239904 0.1635648284944904 0.8941492719553448E-004 -.1758466456005177E-002 0.1667127255428991E-001 0.2602796184451998 0.6043128276641864  1.259711524594504
0.5000000000000000E-003 0.5000000000000000E-003 -.2000000000000000E-002  0.000000000000000 -.5349362918234831 0.3489676464225407 0.1635648284944904 0.1584203325541698E-004 -.1693549007704358E-002 0.1222081625022981E-001 0.2602796184451998 0.2365271164149260 0.8919258133452432
0.5000000000000000E-003 0.1000000000000000E-002 -.2000000000000000E-002  0.000000000000000 0.1395445185464347 0.9621134752109110E-001 0.1635648284944904 -.5773086068463677E-004 -.1628631559403425E-002 0.7770360127417738E-002 0.2602796184451998 -.1312585948343344 0.5241401020959828
0.5000000000000000E-003 0.1500000000000000E-002 -.2000000000000000E-002  0.000000000000000 0.8140253289163509 -.1565449513803591 0.1635648284944904 -.1313037546247066E-003 -.1563714111102541E-002 0.3319904937555957E-002 0.2602796184451998 -.4990443060835951 0.1563543908467222
0.5000000000000000E-003 0.2000000000000000E-002 -.2000000000000000E-002  0.000000000000000  1.488506139286265 -.4093012502818087 0.1635648284944904 -.2048766485648024E-003 -.1498796662801232E-002 -.1130551014991909E-002 0.2602796184451998 -.8668300173328545 -.2114313204025372
0.1000000000000000E-002  0.000000000000000 -.2000000000000000E-002  0.000000000000000 -.5957962529759009 0.5032966225663345 0.1635648284944904 0.1763202000969201E-004 -.1749141503468749E-002 0.1551202911145258E-001 0.2602796184451998 0.5166139280318190  1.172012624962136
0.1000000000000000E-002 0.5000000000000000E-003 -.2000000000000000E-002  0.000000000000000 0.7868455739401450E-001 0.2505403236648845 0.1635648284944904 -.5594087393012919E-004 -.1684224055168176E-002 0.1106157202960199E-001 0.2602796184451998 0.1488282167825585 0.8042269137128758
0.1000000000000000E-002 0.1000000000000000E-002 -.2000000000000000E-002  0.000000000000000 0.7531653677639291 -.2215975236565006E-002 0.1635648284944904 -.1295137678704529E-003 -.1619306606866969E-002 0.6611116463627087E-002 0.2602796184451998 -.2189574944667014 0.4364412024636158
0.1000000000000000E-002 0.1500000000000000E-002 -.2000000000000000E-002  0.000000000000000  1.427646178133847 -.2549722741380150 0.1635648284944904 -.2030866618105530E-003 -.1554389158566060E-002 0.2160660156312792E-002 0.2602796184451998 -.5867432057159621 0.6865549121435521E-001
0.1000000000000000E-002 0.2000000000000000E-002 -.2000000000000000E-002  0.000000000000000  2.102126988503761 -.5077285730394646 0.1635648284944904 -.2766595557506270E-003 -.1489471710265152E-002 -.2289794884646863E-002 0.2602796184451998 -.9545289169652216 -.2991302200349043
0.1500000000000000E-002  0.000000000000000 -.2000000000000000E-002  0.000000000000000 0.1782459624159751E-001 0.4048692998086793 0.1635648284944904 -.5415088717612875E-004 -.1739816550932305E-002 0.1435278545927710E-001 0.2602796184451998 0.4289150283994518  1.084313725329769
0.1500000000000000E-002 0.5000000000000000E-003 -.2000000000000000E-002  0.000000000000000 0.6923054066115132 0.1521130009072294 0.1635648284944904 -.1277237811162040E-003 -.1674899102631399E-002 0.9902328902978135E-002 0.2602796184451998 0.6112931715019138E-001 0.7165280140805086
0.1500000000000000E-002 0.1000000000000000E-002 -.2000000000000000E-002  0.000000000000000  1.366786216981431 -.1006432979942204 0.1635648284944904 -.2012966750563914E-003 -.1609981654330575E-002 0.5451872789078645E-002 0.2602796184451998 -.3066563940990690 0.3487423028312482
0.1500000000000000E-002 0.1500000000000000E-002 -.2000000000000000E-002  0.000000000000000  2.041267027351345 -.3533995968956705 0.1635648284944904 -.2748695689963693E-003 -.1545064206029617E-002 0.1001416477914746E-002 0.2602796184451998 -.6744421053483294 -.1904340841801211E-001
0.1500000000000000E-002 0.2000000000000000E-002 -.2000000000000000E-002  0.000000000000000  2.715747837721259 -.6061558957971203 0.1635648284944904 -.3484424629364477E-003 -.1480146757728726E-002 -.3449038188090565E-002 0.2602796184451998 -1.042227816597589 -.3868291196672714
0.2000000000000000E-002  0.000000000000000 -.2000000000000000E-002  0.000000000000000 0.6314454454590936 0.3064419770510241 0.1635648284944904 -.1259337943619512E-003 -.1730491598395821E-002 0.1319354272607704E-001 0.2602796184451998 0.3412161287670841 0.9966148256974015
0.2000000000000000E-002 0.5000000000000000E-003 -.2000000000000000E-002  0.000000000000000  1.305926255829010 0.5368567814957390E-001 0.1635648284944904 -.1995066883020432E-003 -.1665574150094940E-002 0.8743085238754840E-002 0.2602796184451998 -.2656958248217573E-001 0.6288291144481415
0.2000000000000000E-002 0.1000000000000000E-002 -.2000000000000000E-002  0.000000000000000  1.980407066198925 -.1990706207518753 0.1635648284944904 -.2730795822419262E-003 -.1600656701794256E-002 0.4292628931333800E-002 0.2602796184451998 -.3943552937314359 0.2610434031988813
0.2000000000000000E-002 0.1500000000000000E-002 -.2000000000000000E-002  0.000000000000000  2.654887876568842 -.4518269196533257 0.1635648284944904 -.3466524761821969E-003 -.1535739253493111E-002 -.1578272139326436E-003 0.2602796184451998 -.7621410049806974 -.1067423080503801
0.2000000000000000E-002 0.2000000000000000E-002 -.2000000000000000E-002  0.000000000000000  3.329368686938754 -.7045832185547756 0.1635648284944904 -.4202253701222710E-003 -.1470821805192290E-002 -.4608282548174470E-002 0.2602796184451998 -1.129926716229956 -.4745280192996387
