 SGx1               SGx2               SGy1               SGy2               spin_ref          spin_x                  spin_y                  spin_z
 0.000000000000000  0.000000000000000  0.000000000000000  0.000000000000000  0.000000000000000 0.5308720407715128E-009 -.3419978578111937E-008 0.3577541041188681E-010
 0.000000000000000 0.5000000000000000E-003  0.000000000000000  0.000000000000000  0.000000000000000 0.2365866114129034E-009 -.3160253975176275E-008 0.2464992099326935E-010
 0.000000000000000 0.1000000000000000E-002  0.000000000000000  0.000000000000000  0.000000000000000 -.5767658572963796E-010 -.2900552381612798E-008 0.1352440381907627E-010
 0.000000000000000 0.1500000000000000E-002  0.000000000000000  0.000000000000000  0.000000000000000 -.3519175229005356E-009 -.2640873797421506E-008 0.2398720111429498E-011
 0.000000000000000 0.2000000000000000E-002  0.000000000000000  0.000000000000000  0.000000000000000 -.6461362278553651E-009 -.2381218167091248E-008 -.8726991351792890E-011
0.5000000000000000E-003  0.000000000000000  0.000000000000000  0.000000000000000  0.000000000000000 0.2437478829886430E-009 -.3382682634001100E-008 0.3287742300628338E-010
0.5000000000000000E-003 0.5000000000000000E-003  0.000000000000000  0.000000000000000  0.000000000000000 -.5051747908879634E-010 -.3122966357738122E-008 0.2175201685439276E-010
0.5000000000000000E-003 0.1000000000000000E-002  0.000000000000000  0.000000000000000  0.000000000000000 -.3447606089501676E-009 -.2863273035336178E-008 0.1062649968019969E-010
0.5000000000000000E-003 0.1500000000000000E-002  0.000000000000000  0.000000000000000  0.000000000000000 -.6389815065954707E-009 -.2603602694550844E-008 -.4991285162958548E-012
0.5000000000000000E-003 0.2000000000000000E-002  0.000000000000000  0.000000000000000  0.000000000000000 -.9331801720247057E-009 -.2343955363137695E-008 -.1162483997951824E-010
0.1000000000000000E-002  0.000000000000000  0.000000000000000  0.000000000000000  0.000000000000000 -.4335823367007663E-010 -.3345388466247101E-008 0.2997949111183118E-010
0.1000000000000000E-002 0.5000000000000000E-003  0.000000000000000  0.000000000000000  0.000000000000000 -.3376035562219215E-009 -.3085680433390081E-008 0.1885408495994056E-010
0.1000000000000000E-002 0.1000000000000000E-002  0.000000000000000  0.000000000000000  0.000000000000000 -.6318266465576983E-009 -.2825995382149671E-008 0.7728623296898718E-011
0.1000000000000000E-002 0.1500000000000000E-002  0.000000000000000  0.000000000000000  0.000000000000000 -.9260274491662557E-009 -.2566333312525870E-008 -.3396949388445591E-011
0.1000000000000000E-002 0.2000000000000000E-002  0.000000000000000  0.000000000000000  0.000000000000000 -.1220206075069896E-008 -.2306694252274255E-008 -.1452266085166798E-010
0.1500000000000000E-002  0.000000000000000  0.000000000000000  0.000000000000000  0.000000000000000 -.3304463647157974E-009 -.3308096019338791E-008 0.2708153146180337E-010
0.1500000000000000E-002 0.5000000000000000E-003  0.000000000000000  0.000000000000000  0.000000000000000 -.6246716199864721E-009 -.3048396229887729E-008 0.1595618082106398E-010
0.1500000000000000E-002 0.1000000000000000E-002  0.000000000000000  0.000000000000000  0.000000000000000 -.9188746430410788E-009 -.2788719449808852E-008 0.4830746913597750E-011
0.1500000000000000E-002 0.1500000000000000E-002  0.000000000000000  0.000000000000000  0.000000000000000 -.1213055433879617E-008 -.2529065679102160E-008 -.6294825771746559E-011
0.1500000000000000E-002 0.2000000000000000E-002  0.000000000000000  0.000000000000000  0.000000000000000 -.1507213964746512E-008 -.2269434890012079E-008 -.1742045396824210E-010
0.2000000000000000E-002  0.000000000000000  0.000000000000000  0.000000000000000  0.000000000000000 -.6175164546373679E-009 -.3270805237765018E-008 0.2418359956735117E-010
0.2000000000000000E-002 0.5000000000000000E-003  0.000000000000000  0.000000000000000  0.000000000000000 -.9117216703824482E-009 -.3011113747231065E-008 0.1305827668218740E-010
0.2000000000000000E-002 0.1000000000000000E-002  0.000000000000000  0.000000000000000  0.000000000000000 -.1205904626155885E-008 -.2751445266069297E-008 0.1932842774721166E-011
0.2000000000000000E-002 0.1500000000000000E-002  0.000000000000000  0.000000000000000  0.000000000000000 -.1500065349713253E-008 -.2491799738768563E-008 -.9192674399471912E-011
0.2000000000000000E-002 0.2000000000000000E-002  0.000000000000000  0.000000000000000  0.000000000000000 -.1794203841054554E-008 -.2232177193084439E-008 -.2031830259596745E-010
 0.000000000000000  0.000000000000000 -.5000000000000000E-003  0.000000000000000  0.000000000000000 0.5593559504468715E-009 -.4333365610786899E-008 0.3797506753500102E-010
 0.000000000000000 0.5000000000000000E-003 -.5000000000000000E-003  0.000000000000000  0.000000000000000 0.2650626662603628E-009 -.4073561071793463E-008 0.2684966138311040E-010
 0.000000000000000 0.1000000000000000E-002 -.5000000000000000E-003  0.000000000000000  0.000000000000000 -.2920833019892655E-010 -.3813779542172213E-008 0.1572411645334171E-010
 0.000000000000000 0.1500000000000000E-002 -.5000000000000000E-003  0.000000000000000  0.000000000000000 -.3234571221977234E-009 -.3554021021923148E-008 0.4598516012421783E-011
 0.000000000000000 0.2000000000000000E-002 -.5000000000000000E-003  0.000000000000000  0.000000000000000 -.6176836542248765E-009 -.3294285455535118E-008 -.6527167695224989E-011
0.5000000000000000E-003  0.000000000000000 -.5000000000000000E-003  0.000000000000000  0.000000000000000 0.2722243541697367E-009 -.4296035527318054E-008 0.3507713564054882E-010
0.5000000000000000E-003 0.5000000000000000E-003 -.5000000000000000E-003  0.000000000000000  0.000000000000000 -.2204883498002630E-010 -.4036239259486152E-008 0.2395175724423382E-010
0.5000000000000000E-003 0.1000000000000000E-002 -.5000000000000000E-003  0.000000000000000  0.000000000000000 -.3162997641581455E-009 -.3776466028782011E-008 0.1282624007004074E-010
0.5000000000000000E-003 0.1500000000000000E-002 -.5000000000000000E-003  0.000000000000000  0.000000000000000 -.6105285166313479E-009 -.3516715751938904E-008 0.1700667384696430E-011
0.5000000000000000E-003 0.2000000000000000E-002 -.5000000000000000E-003  0.000000000000000  0.000000000000000 -.9047349813773309E-009 -.3256988456712406E-008 -.9425016322950341E-011
0.1000000000000000E-002  0.000000000000000 -.5000000000000000E-003  0.000000000000000  0.000000000000000 -.1488917322767236E-010 -.4258707164694897E-008 0.3217920374609662E-010
0.1000000000000000E-002 0.5000000000000000E-003 -.5000000000000000E-003  0.000000000000000  0.000000000000000 -.3091422950962652E-009 -.3998919195780104E-008 0.2105382534978162E-010
0.1000000000000000E-002 0.1000000000000000E-002 -.5000000000000000E-003  0.000000000000000  0.000000000000000 -.6033732125043656E-009 -.3739154208481921E-008 0.9928363686739772E-011
0.1000000000000000E-002 0.1500000000000000E-002 -.5000000000000000E-003  0.000000000000000  0.000000000000000 -.8975818699408222E-009 -.3479412175044772E-008 -.1197181243028922E-011
0.1000000000000000E-002 0.2000000000000000E-002 -.5000000000000000E-003  0.000000000000000  0.000000000000000 -.1191768322916786E-008 -.3219693178735383E-008 -.1232283719510008E-010
0.1500000000000000E-002  0.000000000000000 -.5000000000000000E-003  0.000000000000000  0.000000000000000 -.3019846872565068E-009 -.4221380522917428E-008 0.2928121634049319E-010
0.1500000000000000E-002 0.5000000000000000E-003 -.5000000000000000E-003  0.000000000000000  0.000000000000000 -.5962177695995052E-009 -.3961600825164169E-008 0.1815592121090503E-010
0.1500000000000000E-002 0.1000000000000000E-002 -.5000000000000000E-003  0.000000000000000  0.000000000000000 -.8904286197264355E-009 -.3701844081271943E-008 0.7030459547863188E-011
0.1500000000000000E-002 0.1500000000000000E-002 -.5000000000000000E-003  0.000000000000000  0.000000000000000 -.1184617209881722E-008 -.3442110374507479E-008 -.4095029870754274E-011
0.1500000000000000E-002 0.2000000000000000E-002 -.5000000000000000E-003  0.000000000000000  0.000000000000000 -.1478783595576516E-008 -.3182399621604048E-008 -.1522065806724981E-010
0.2000000000000000E-002  0.000000000000000 -.5000000000000000E-003  0.000000000000000  0.000000000000000 -.5890621879167668E-009 -.4184055629741223E-008 0.2638328444604099E-010
0.2000000000000000E-002 0.5000000000000000E-003 -.5000000000000000E-003  0.000000000000000  0.000000000000000 -.8832752307341707E-009 -.3924284147638346E-008 0.1525796156087722E-010
0.2000000000000000E-002 0.1000000000000000E-002 -.5000000000000000E-003  0.000000000000000  0.000000000000000 -.1177466013579931E-008 -.3664535702663230E-008 0.4132583164562220E-011
0.2000000000000000E-002 0.1500000000000000E-002 -.5000000000000000E-003  0.000000000000000  0.000000000000000 -.1471634536454047E-008 -.3404810267060299E-008 -.6992906254055242E-011
0.2000000000000000E-002 0.2000000000000000E-002 -.5000000000000000E-003  0.000000000000000  0.000000000000000 -.1765780882623247E-008 -.3145107785318402E-008 -.1811847893939955E-010
 0.000000000000000  0.000000000000000 -.1000000000000000E-002  0.000000000000000  0.000000000000000 0.5878408870785279E-009 -.5246990730789491E-008 0.4017478016926646E-010
 0.000000000000000 0.5000000000000000E-003 -.1000000000000000E-002  0.000000000000000  0.000000000000000 0.2935398035752712E-009 -.4987106283493858E-008 0.2904937401737584E-010
 0.000000000000000 0.1000000000000000E-002 -.1000000000000000E-002  0.000000000000000  0.000000000000000 -.7390477119173511E-012 -.4727244790059260E-008 0.1792388459875838E-010
 0.000000000000000 0.1500000000000000E-002 -.1000000000000000E-002  0.000000000000000  0.000000000000000 -.2949956667830378E-009 -.4467406305996846E-008 0.6798311913414068E-011
 0.000000000000000 0.2000000000000000E-002 -.1000000000000000E-002  0.000000000000000  0.000000000000000 -.5892300258825145E-009 -.4207590803551042E-008 -.4327371794232704E-011
0.5000000000000000E-003  0.000000000000000 -.1000000000000000E-002  0.000000000000000  0.000000000000000 0.3007019355738549E-009 -.5209626480207064E-008 0.3727682051923864E-010
0.5000000000000000E-003 0.5000000000000000E-003 -.1000000000000000E-002  0.000000000000000  0.000000000000000 0.6420891596192746E-011 -.4949750276317388E-008 0.2615144212292364E-010
0.5000000000000000E-003 0.1000000000000000E-002 -.1000000000000000E-002  0.000000000000000  0.000000000000000 -.2878378646542501E-009 -.4689897081799899E-008 0.1502600821545741E-010
0.5000000000000000E-003 0.1500000000000000E-002 -.1000000000000000E-002  0.000000000000000  0.000000000000000 -.5820744441997761E-009 -.4430066868899019E-008 0.3900435530113100E-011
0.5000000000000000E-003 0.2000000000000000E-002 -.1000000000000000E-002  0.000000000000000  0.000000000000000 -.8762887360180827E-009 -.4170259665370324E-008 -.7225192666382441E-011
0.1000000000000000E-002  0.000000000000000 -.1000000000000000E-002  0.000000000000000  0.000000000000000 0.1358096968218092E-010 -.5172263950470324E-008 0.3437886086921083E-010
0.1000000000000000E-002 0.5000000000000000E-003 -.1000000000000000E-002  0.000000000000000  0.000000000000000 -.2806799792587356E-009 -.4912396017742182E-008 0.2325353798404706E-010
0.1000000000000000E-002 0.1000000000000000E-002 -.1000000000000000E-002  0.000000000000000  0.000000000000000 -.5749186959835839E-009 -.4652551094386226E-008 0.1212810407658083E-010
0.1000000000000000E-002 0.1500000000000000E-002 -.1000000000000000E-002  0.000000000000000  0.000000000000000 -.8691352082479398E-009 -.4392729152646879E-008 0.1002586902387748E-011
0.1000000000000000E-002 0.2000000000000000E-002 -.1000000000000000E-002  0.000000000000000  0.000000000000000 -.1163329460540652E-008 -.4132930192524142E-008 -.1012304129410779E-010
0.1500000000000000E-002  0.000000000000000 -.1000000000000000E-002  0.000000000000000  0.000000000000000 -.2735219273297673E-009 -.5134903141579272E-008 0.3148092897475863E-010
0.1500000000000000E-002 0.5000000000000000E-003 -.1000000000000000E-002  0.000000000000000  0.000000000000000 -.5677628367450893E-009 -.4875043480012664E-008 0.2035560608959486E-010
0.1500000000000000E-002 0.1000000000000000E-002 -.1000000000000000E-002  0.000000000000000  0.000000000000000 -.8619815139443432E-009 -.4615206827818241E-008 0.9230227693279858E-011
0.1500000000000000E-002 0.1500000000000000E-002 -.1000000000000000E-002  0.000000000000000  0.000000000000000 -.1156177958927529E-008 -.4355393129484852E-008 -.1895289480913220E-011
0.1500000000000000E-002 0.2000000000000000E-002 -.1000000000000000E-002  0.000000000000000  0.000000000000000 -.1450352171694647E-008 -.4095602440523649E-008 -.1302086216625753E-010
0.2000000000000000E-002  0.000000000000000 -.1000000000000000E-002  0.000000000000000  0.000000000000000 -.5606068109731410E-009 -.5097544025778333E-008 0.2858294156915520E-010
0.2000000000000000E-002 0.5000000000000000E-003 -.1000000000000000E-002  0.000000000000000  0.000000000000000 -.8548276808628685E-009 -.4837692663128834E-008 0.1745770195071827E-010
0.2000000000000000E-002 0.1000000000000000E-002 -.1000000000000000E-002  0.000000000000000  0.000000000000000 -.1149026318536528E-008 -.4577864254340369E-008 0.6332323554403274E-011
0.2000000000000000E-002 0.1500000000000000E-002 -.1000000000000000E-002  0.000000000000000  0.000000000000000 -.1443202668482968E-008 -.4318058854924089E-008 -.4793138108638573E-011
0.2000000000000000E-002 0.2000000000000000E-002 -.1000000000000000E-002  0.000000000000000  0.000000000000000 -.1737356841724491E-008 -.4058276437124420E-008 -.1591865528283165E-010
 0.000000000000000  0.000000000000000 -.1500000000000000E-002  0.000000000000000  0.000000000000000 0.6163269339332089E-009 -.6160853938119715E-008 0.4237446504795628E-010
 0.000000000000000 0.5000000000000000E-003 -.1500000000000000E-002  0.000000000000000  0.000000000000000 0.3220180233576286E-009 -.5900889527010733E-008 0.3124908665164128E-010
 0.000000000000000 0.1000000000000000E-002 -.1500000000000000E-002  0.000000000000000  0.000000000000000 0.2773134499811647E-010 -.5640948125273937E-008 0.2012365274417505E-010
 0.000000000000000 0.1500000000000000E-002 -.1500000000000000E-002  0.000000000000000  0.000000000000000 -.2665330733897520E-009 -.5381029677398175E-008 0.8998080058830737E-011
 0.000000000000000 0.2000000000000000E-002 -.1500000000000000E-002  0.000000000000000  0.000000000000000 -.5607752873171279E-009 -.5121134238894598E-008 -.2127548137664803E-011
0.5000000000000000E-003  0.000000000000000 -.1500000000000000E-002  0.000000000000000  0.000000000000000 0.3291805716898466E-009 -.6123455520423704E-008 0.3947650539792846E-010
0.5000000000000000E-003 0.5000000000000000E-003 -.1500000000000000E-002  0.000000000000000  0.000000000000000 0.3489170063986080E-010 -.5863499380476256E-008 0.2835118251276469E-010
0.5000000000000000E-003 0.1000000000000000E-002 -.1500000000000000E-002  0.000000000000000  0.000000000000000 -.2593749104384813E-009 -.5603566222145417E-008 0.1722574860529846E-010
0.5000000000000000E-003 0.1500000000000000E-002 -.1500000000000000E-002  0.000000000000000  0.000000000000000 -.5536192893007552E-009 -.5343656073186764E-008 0.6100231431105385E-011
0.5000000000000000E-003 0.2000000000000000E-002 -.1500000000000000E-002  0.000000000000000  0.000000000000000 -.8478414359469610E-009 -.5083768905844721E-008 -.5025396765390155E-011
0.1000000000000000E-002  0.000000000000000 -.1500000000000000E-002  0.000000000000000  0.000000000000000 0.4205225057063444E-010 -.6086058823573381E-008 0.3657857350347626E-010
0.1000000000000000E-002 0.5000000000000000E-003 -.1500000000000000E-002  0.000000000000000  0.000000000000000 -.2522165809537569E-009 -.5826110927031891E-008 0.2545325061831250E-010
0.1000000000000000E-002 0.1000000000000000E-002 -.1500000000000000E-002  0.000000000000000  0.000000000000000 -.5464631247509288E-009 -.5566186039862586E-008 0.1432787222199750E-010
0.1000000000000000E-002 0.1500000000000000E-002 -.1500000000000000E-002  0.000000000000000  0.000000000000000 -.8406874640876083E-009 -.5306284162065467E-008 0.3202355047804417E-011
0.1000000000000000E-002 0.2000000000000000E-002 -.1500000000000000E-002  0.000000000000000  0.000000000000000 -.1134889543452644E-008 -.5046405238129381E-008 -.7923217637539892E-011
0.1500000000000000E-002  0.000000000000000 -.1500000000000000E-002  0.000000000000000  0.000000000000000 -.2450581126911544E-009 -.6048663792057596E-008 0.3368058609787283E-010
0.1500000000000000E-002 0.5000000000000000E-003 -.1500000000000000E-002  0.000000000000000  0.000000000000000 -.5393068214232244E-009 -.5788724194433215E-008 0.2255534647943591E-010
0.1500000000000000E-002 0.1000000000000000E-002 -.1500000000000000E-002  0.000000000000000  0.000000000000000 -.8335333256948019E-009 -.5528807606181019E-008 0.1142996808312091E-010
0.1500000000000000E-002 0.1500000000000000E-002 -.1500000000000000E-002  0.000000000000000  0.000000000000000 -.1127737597750311E-008 -.5268913971789857E-008 0.3045064200790648E-012
0.1500000000000000E-002 0.2000000000000000E-002 -.1500000000000000E-002  0.000000000000000  0.000000000000000 -.1421919637589752E-008 -.5009043346770881E-008 -.1082106626526524E-010
0.2000000000000000E-002  0.000000000000000 -.1500000000000000E-002  0.000000000000000  0.000000000000000 -.5321503793176419E-009 -.6011270536898650E-008 0.3078265420342063E-010
0.2000000000000000E-002 0.5000000000000000E-003 -.1500000000000000E-002  0.000000000000000  0.000000000000000 -.8263790762796930E-009 -.5751339210435802E-008 0.1965741458498371E-010
0.2000000000000000E-002 0.1000000000000000E-002 -.1500000000000000E-002  0.000000000000000  0.000000000000000 -.1120585541025676E-008 -.5491430865589564E-008 0.8532063944244328E-011
0.2000000000000000E-002 0.1500000000000000E-002 -.1500000000000000E-002  0.000000000000000  0.000000000000000 -.1414769745800015E-008 -.5231545502359936E-008 -.2593342207646288E-011
0.2000000000000000E-002 0.2000000000000000E-002 -.1500000000000000E-002  0.000000000000000  0.000000000000000 -.1708931690602711E-008 -.4971683176258068E-008 -.1371888713741498E-010
 0.000000000000000  0.000000000000000 -.2000000000000000E-002  0.000000000000000  0.000000000000000 0.6448140354997633E-009 -.7074955205021993E-008 0.4457412217107048E-010
 0.000000000000000 0.5000000000000000E-003 -.2000000000000000E-002  0.000000000000000  0.000000000000000 0.3504973256074351E-009 -.6814910857855239E-008 0.3344882704148233E-010
 0.000000000000000 0.1000000000000000E-002 -.2000000000000000E-002  0.000000000000000  0.000000000000000 0.5620279242002368E-010 -.6554889520060669E-008 0.2232336537844049E-010
 0.000000000000000 0.1500000000000000E-002 -.2000000000000000E-002  0.000000000000000  0.000000000000000 -.2380694530401684E-009 -.6294891136127134E-008 0.1119787595982302E-010
 0.000000000000000 0.2000000000000000E-002 -.2000000000000000E-002  0.000000000000000  0.000000000000000 -.5323194940398679E-009 -.6034915733810209E-008 0.7222000775186643E-013
0.5000000000000000E-003  0.000000000000000 -.2000000000000000E-002  0.000000000000000  0.000000000000000 0.3576602902732873E-009 -.7037522620212400E-008 0.4167619027661829E-010
0.5000000000000000E-003 0.5000000000000000E-003 -.2000000000000000E-002  0.000000000000000  0.000000000000000 0.6336361990655348E-010 -.6777486544207179E-008 0.3055086739145452E-010
0.5000000000000000E-003 0.1000000000000000E-002 -.2000000000000000E-002  0.000000000000000  0.000000000000000 -.2309108459996878E-009 -.6517473422062992E-008 0.1942548899513952E-010
0.5000000000000000E-003 0.1500000000000000E-002 -.2000000000000000E-002  0.000000000000000  0.000000000000000 -.5251630519342854E-009 -.6257483337046565E-008 0.8299999576522055E-011
0.5000000000000000E-003 0.2000000000000000E-002 -.2000000000000000E-002  0.000000000000000  0.000000000000000 -.8193930256528148E-009 -.5997516233646749E-008 -.2825573108822255E-011
0.1000000000000000E-002  0.000000000000000 -.2000000000000000E-002  0.000000000000000  0.000000000000000 0.7052455841538574E-010 -.7000091728492919E-008 0.3877823062659047E-010
0.1000000000000000E-002 0.5000000000000000E-003 -.2000000000000000E-002  0.000000000000000  0.000000000000000 -.2237521001813292E-009 -.6740063895893655E-008 0.2765296325257793E-010
0.1000000000000000E-002 0.1000000000000000E-002 -.2000000000000000E-002  0.000000000000000  0.000000000000000 -.5180064710508248E-009 -.6480059072666577E-008 0.1652758485626293E-010
0.1000000000000000E-002 0.1500000000000000E-002 -.2000000000000000E-002  0.000000000000000  0.000000000000000 -.8122386097042522E-009 -.6220077258811685E-008 0.5402150948796702E-011
0.1000000000000000E-002 0.2000000000000000E-002 -.2000000000000000E-002  0.000000000000000  0.000000000000000 -.1106448543897187E-008 -.5960118426573402E-008 -.5723393980971991E-011
0.1500000000000000E-002  0.000000000000000 -.2000000000000000E-002  0.000000000000000  0.000000000000000 -.2165931600739412E-009 -.6962662557619126E-008 0.3588027097656266E-010
0.1500000000000000E-002 0.5000000000000000E-003 -.2000000000000000E-002  0.000000000000000  0.000000000000000 -.5108497513894861E-009 -.6702643023936972E-008 0.2475503135812573E-010
0.1500000000000000E-002 0.1000000000000000E-002 -.2000000000000000E-002  0.000000000000000  0.000000000000000 -.8050840549778115E-009 -.6442646471871427E-008 0.1362970847296197E-010
0.1500000000000000E-002 0.1500000000000000E-002 -.2000000000000000E-002  0.000000000000000  0.000000000000000 -.1099296181861220E-008 -.6182672901422492E-008 0.2504302321071350E-011
0.1500000000000000E-002 0.2000000000000000E-002 -.2000000000000000E-002  0.000000000000000  0.000000000000000 -.1393486021017409E-008 -.5922722312590167E-008 -.8621242608697344E-011
0.2000000000000000E-002  0.000000000000000 -.2000000000000000E-002  0.000000000000000  0.000000000000000 -.5036928651946937E-009 -.6925235107591021E-008 0.3298233908211046E-010
0.2000000000000000E-002 0.5000000000000000E-003 -.2000000000000000E-002  0.000000000000000  0.000000000000000 -.7979293892290684E-009 -.6665223845070400E-008 0.2185712721924915E-010
0.2000000000000000E-002 0.1000000000000000E-002 -.2000000000000000E-002  0.000000000000000  0.000000000000000 -.1092143653291799E-008 -.6405235564166389E-008 0.1073183208966100E-010
0.2000000000000000E-002 0.1500000000000000E-002 -.2000000000000000E-002  0.000000000000000  0.000000000000000 -.1386335712894038E-008 -.6145270264878988E-008 -.3935740622296180E-012
0.2000000000000000E-002 0.2000000000000000E-002 -.2000000000000000E-002  0.000000000000000  0.000000000000000 -.1680505512524633E-008 -.5885327947208197E-008 -.1151906348084708E-010
