 SGx1               SGx2               SGy1               SGy2               spin_ref          spin_x                  spin_y                  spin_z
 0.000000000000000  0.000000000000000  0.000000000000000  0.000000000000000  0.000000000000000 0.1327214171897850E-009 -.8549994323647780E-009 0.1430954521541850E-009
 0.000000000000000 0.5000000000000000E-003  0.000000000000000  0.000000000000000  0.000000000000000 0.5914929657180323E-010 -.7900751441969334E-009 0.9859635330400351E-010
 0.000000000000000 0.1000000000000000E-002  0.000000000000000  0.000000000000000  0.000000000000000 -.1442004848861700E-010 -.7251537148533771E-009 0.5409647729770484E-010
 0.000000000000000 0.1500000000000000E-002  0.000000000000000  0.000000000000000  0.000000000000000 -.8798661799147567E-010 -.6602351720896849E-009 0.9595851890864537E-011
 0.000000000000000 0.2000000000000000E-002  0.000000000000000  0.000000000000000  0.000000000000000 -.1615504119367728E-009 -.5953194881502810E-009 -.3490549516094177E-010
0.5000000000000000E-003  0.000000000000000  0.000000000000000  0.000000000000000  0.000000000000000 0.6093944793228445E-010 -.8456749744922831E-009 0.1315042796878885E-009
0.5000000000000000E-003 0.5000000000000000E-003  0.000000000000000  0.000000000000000  0.000000000000000 -.1263017468389194E-010 -.7807516855251606E-009 0.8700545839346319E-010
0.5000000000000000E-003 0.1000000000000000E-002  0.000000000000000  0.000000000000000  0.000000000000000 -.8619702174250676E-010 -.7158313108934777E-009 0.4250583218734505E-010
0.5000000000000000E-003 0.1500000000000000E-002  0.000000000000000  0.000000000000000  0.000000000000000 -.1597610932435600E-009 -.6509137950860833E-009 -.1994515663739094E-011
0.5000000000000000E-003 0.2000000000000000E-002  0.000000000000000  0.000000000000000  0.000000000000000 -.2333223336759005E-009 -.5859991658585528E-009 -.4649564067094047E-010
0.1000000000000000E-002  0.000000000000000  0.000000000000000  0.000000000000000  0.000000000000000 -.1084027312359126E-010 -.8363507109088175E-009 0.1199130794660164E-009
0.1000000000000000E-002 0.5000000000000000E-003  0.000000000000000  0.000000000000000  0.000000000000000 -.8440739773796224E-010 -.7714284766535684E-009 0.7541453572734724E-010
0.1000000000000000E-002 0.1000000000000000E-002  0.000000000000000  0.000000000000000  0.000000000000000 -.1579716912836204E-009 -.7065091289781833E-009 0.3091518707698526E-010
0.1000000000000000E-002 0.1500000000000000E-002  0.000000000000000  0.000000000000000  0.000000000000000 -.2315332647828683E-009 -.6415926401270866E-009 -.1358493872949396E-010
0.1000000000000000E-002 0.2000000000000000E-002  0.000000000000000  0.000000000000000  0.000000000000000 -.3050920349689790E-009 -.5766790656114296E-009 -.5808581393651480E-010
0.1500000000000000E-002  0.000000000000000  0.000000000000000  0.000000000000000  0.000000000000000 -.8261774597784211E-010 -.8270266693699568E-009 0.1083219347552955E-009
0.1500000000000000E-002 0.5000000000000000E-003  0.000000000000000  0.000000000000000  0.000000000000000 -.1561823448348321E-009 -.7621054898265811E-009 0.6382358530565568E-010
0.1500000000000000E-002 0.1000000000000000E-002  0.000000000000000  0.000000000000000  0.000000000000000 -.2297441681342605E-009 -.6971871691074938E-009 0.1932451421104986E-010
0.1500000000000000E-002 0.1500000000000000E-002  0.000000000000000  0.000000000000000  0.000000000000000 -.3033032158761273E-009 -.6322717072126949E-009 -.2517533403967320E-010
0.1500000000000000E-002 0.2000000000000000E-002  0.000000000000000  0.000000000000000  0.000000000000000 -.3768594880604326E-009 -.5673591596533356E-009 -.6967595944651350E-010
0.2000000000000000E-002  0.000000000000000  0.000000000000000  0.000000000000000  0.000000000000000 -.1543929428748925E-009 -.8177028498757011E-009 0.9673076228899902E-010
0.2000000000000000E-002 0.5000000000000000E-003  0.000000000000000  0.000000000000000  0.000000000000000 -.2279550437300770E-009 -.7527826972886231E-009 0.5223269039511536E-010
0.2000000000000000E-002 0.1000000000000000E-002  0.000000000000000  0.000000000000000  0.000000000000000 -.3015143690277000E-009 -.6878654035258336E-009 0.7733841345114456E-011
0.2000000000000000E-002 0.1500000000000000E-002  0.000000000000000  0.000000000000000  0.000000000000000 -.3750709187677614E-009 -.6229510240984837E-009 -.3676575710542807E-010
0.2000000000000000E-002 0.2000000000000000E-002  0.000000000000000  0.000000000000000  0.000000000000000 -.4486246651946857E-009 -.5580394479842710E-009 -.8126613271208782E-010
 0.000000000000000  0.000000000000000 -.5000000000000000E-003  0.000000000000000  0.000000000000000 0.1398410276465256E-009 -.1083271222723781E-008 0.1518935810462807E-009
 0.000000000000000 0.5000000000000000E-003 -.5000000000000000E-003  0.000000000000000  0.000000000000000 0.6626793558339727E-010 -.1018336914793139E-008 0.1073947597518554E-009
 0.000000000000000 0.1000000000000000E-002 -.5000000000000000E-003  0.000000000000000  0.000000000000000 -.7302408677745120E-011 -.9534055211979364E-009 0.6289513354573728E-010
 0.000000000000000 0.1500000000000000E-002 -.5000000000000000E-003  0.000000000000000  0.000000000000000 -.8086994962575034E-010 -.8884769586714469E-009 0.1839475793907752E-010
 0.000000000000000 0.2000000000000000E-002 -.5000000000000000E-003  0.000000000000000  0.000000000000000 -.1544347150161940E-009 -.8235512827248215E-009 -.2610633931254824E-010
0.5000000000000000E-003  0.000000000000000 -.5000000000000000E-003  0.000000000000000  0.000000000000000 0.6805814245502972E-010 -.1073942490492641E-008 0.1403024363355598E-009
0.5000000000000000E-003 0.5000000000000000E-003 -.5000000000000000E-003  0.000000000000000  0.000000000000000 -.5512479361868827E-011 -.1009009209518297E-008 0.9580383708573947E-010
0.5000000000000000E-003 0.1000000000000000E-002 -.5000000000000000E-003  0.000000000000000  0.000000000000000 -.7908029786563020E-010 -.9440788428793923E-009 0.5130448843537749E-010
0.5000000000000000E-003 0.1500000000000000E-002 -.5000000000000000E-003  0.000000000000000  0.000000000000000 -.1526453130562544E-009 -.8791513350647762E-009 0.6804362628898275E-011
0.5000000000000000E-003 0.2000000000000000E-002 -.5000000000000000E-003  0.000000000000000  0.000000000000000 -.2262075804448926E-009 -.8142267138300241E-009 -.3769648482254695E-010
0.1000000000000000E-002  0.000000000000000 -.5000000000000000E-003  0.000000000000000  0.000000000000000 -.3722522290416919E-011 -.1064613952550530E-008 0.1287112916248390E-009
0.1000000000000000E-002 0.5000000000000000E-003 -.5000000000000000E-003  0.000000000000000  0.000000000000000 -.7729061834993445E-010 -.9996817262880597E-009 0.8421291441962353E-010
0.1000000000000000E-002 0.1000000000000000E-002 -.5000000000000000E-003  0.000000000000000  0.000000000000000 -.1508559110963148E-009 -.9347523866054530E-009 0.3971381556944209E-010
0.1000000000000000E-002 0.1500000000000000E-002 -.5000000000000000E-003  0.000000000000000  0.000000000000000 -.2244184282851336E-009 -.8698259057471347E-009 -.4786032681280972E-011
0.1000000000000000E-002 0.2000000000000000E-002 -.5000000000000000E-003  0.000000000000000  0.000000000000000 -.2979781976719664E-009 -.8049023114686804E-009 -.4928665808812127E-010
0.1500000000000000E-002  0.000000000000000 -.5000000000000000E-003  0.000000000000000  0.000000000000000 -.7550088332308746E-010 -.1055285636653025E-008 0.1171200914029669E-009
0.1500000000000000E-002 0.5000000000000000E-003 -.5000000000000000E-003  0.000000000000000  0.000000000000000 -.1490664813807996E-009 -.9903544651024276E-009 0.7262199175350759E-010
0.1500000000000000E-002 0.1000000000000000E-002 -.5000000000000000E-003  0.000000000000000  0.000000000000000 -.2226292761253745E-009 -.9254261523761187E-009 0.2812314270350669E-010
0.1500000000000000E-002 0.1500000000000000E-002 -.5000000000000000E-003  0.000000000000000  0.000000000000000 -.2961893230679635E-009 -.8605007262296738E-009 -.1637645574703583E-010
0.1500000000000000E-002 0.2000000000000000E-002 -.5000000000000000E-003  0.000000000000000  0.000000000000000 -.3697465666974153E-009 -.7955781311519416E-009 -.6087683135369559E-010
0.2000000000000000E-002  0.000000000000000 -.5000000000000000E-003  0.000000000000000  0.000000000000000 -.1472770516652844E-009 -.1045957542800124E-008 0.1055289189366704E-009
0.2000000000000000E-002 0.5000000000000000E-003 -.5000000000000000E-003  0.000000000000000  0.000000000000000 -.2208401239656155E-009 -.9810273982058249E-009 0.6103106908739164E-010
0.2000000000000000E-002 0.1000000000000000E-002 -.5000000000000000E-003  0.000000000000000  0.000000000000000 -.2944004207083850E-009 -.9161001124358137E-009 0.1653246983757128E-010
0.2000000000000000E-002 0.1500000000000000E-002 -.5000000000000000E-003  0.000000000000000  0.000000000000000 -.3679579418935930E-009 -.8511757132456665E-009 -.2796685105721508E-010
0.2000000000000000E-002 0.2000000000000000E-002 -.5000000000000000E-003  0.000000000000000  0.000000000000000 -.4415126875212394E-009 -.7862541728798078E-009 -.7246697686369430E-010
 0.000000000000000  0.000000000000000 -.1000000000000000E-002  0.000000000000000  0.000000000000000 0.1469607768811443E-009 -.1311572767059843E-008 0.1606917376939521E-009
 0.000000000000000 0.5000000000000000E-003 -.1000000000000000E-002  0.000000000000000  0.000000000000000 0.7338668561729378E-010 -.1246628467121980E-008 0.1161931384441317E-009
 0.000000000000000 0.1000000000000000E-002 -.1000000000000000E-002  0.000000000000000  0.000000000000000 -.1846023334195479E-012 -.1181687081519556E-008 0.7169376203819411E-010
 0.000000000000000 0.1500000000000000E-002 -.1000000000000000E-002  0.000000000000000  0.000000000000000 -.7375314248214693E-010 -.1116748526985845E-008 0.2719366398729051E-010
 0.000000000000000 0.2000000000000000E-002 -.1000000000000000E-002  0.000000000000000  0.000000000000000 -.1473188793177371E-009 -.1051812859031998E-008 -.1730721121973033E-010
0.5000000000000000E-003  0.000000000000000 -.1000000000000000E-002  0.000000000000000  0.000000000000000 0.7517694800007746E-010 -.1302239732714483E-008 0.1491005929832312E-009
0.5000000000000000E-003 0.5000000000000000E-003 -.1000000000000000E-002  0.000000000000000  0.000000000000000 0.1605382493607976E-011 -.1237296487488493E-008 0.1046022157780158E-009
0.5000000000000000E-003 0.1000000000000000E-002 -.1000000000000000E-002  0.000000000000000  0.000000000000000 -.7196343521087556E-010 -.1172356128842367E-008 0.6010311692783432E-010
0.5000000000000000E-003 0.1500000000000000E-002 -.1000000000000000E-002  0.000000000000000  0.000000000000000 -.1455294218466463E-009 -.1107418601264953E-008 0.1560326867711126E-010
0.5000000000000000E-003 0.2000000000000000E-002 -.1000000000000000E-002  0.000000000000000  0.000000000000000 -.2190926606804311E-009 -.1042483988022980E-008 -.2889735672972904E-010
0.1000000000000000E-002  0.000000000000000 -.1000000000000000E-002  0.000000000000000  0.000000000000000 0.3395367320635501E-011 -.1292906948169303E-008 0.1375093927613591E-009
0.1000000000000000E-002 0.5000000000000000E-003 -.1000000000000000E-002  0.000000000000000  0.000000000000000 -.7017370018402858E-010 -.1227964757655187E-008 0.9301129311189982E-010
0.1000000000000000E-002 0.1000000000000000E-002 -.1000000000000000E-002  0.000000000000000  0.000000000000000 -.1437399643755555E-009 -.1163025398209783E-008 0.4851244406189892E-010
0.1000000000000000E-002 0.1500000000000000E-002 -.1000000000000000E-002  0.000000000000000  0.000000000000000 -.2173034807650964E-009 -.1098088925344243E-008 0.4012845611356397E-011
0.1000000000000000E-002 0.2000000000000000E-002 -.1000000000000000E-002  0.000000000000000  0.000000000000000 -.2908642215970758E-009 -.1033155339058567E-008 -.4048752999530336E-010
0.1500000000000000E-002  0.000000000000000 -.1000000000000000E-002  0.000000000000000  0.000000000000000 -.6838393740160598E-010 -.1283574357913153E-008 0.1259182202950626E-009
0.1500000000000000E-002 0.5000000000000000E-003 -.1000000000000000E-002  0.000000000000000  0.000000000000000 -.1419504791488890E-009 -.1218633194355334E-008 0.8142039820135949E-010
0.1500000000000000E-002 0.1000000000000000E-002 -.1000000000000000E-002  0.000000000000000  0.000000000000000 -.2155142730941861E-009 -.1153694889621804E-008 0.3692177119596352E-010
0.1500000000000000E-002 0.1500000000000000E-002 -.1000000000000000E-002  0.000000000000000  0.000000000000000 -.2890752914819217E-009 -.1088759471468137E-008 -.7577605209974081E-011
0.1500000000000000E-002 0.2000000000000000E-002 -.1000000000000000E-002  0.000000000000000  0.000000000000000 -.3626335065565200E-009 -.1023826884383183E-008 -.5207770326087768E-010
0.2000000000000000E-002  0.000000000000000 -.1000000000000000E-002  0.000000000000000  0.000000000000000 -.1401609939222226E-009 -.1274241989701608E-008 0.1143270200731905E-009
0.2000000000000000E-002 0.5000000000000000E-003 -.1000000000000000E-002  0.000000000000000  0.000000000000000 -.2137250654232759E-009 -.1209301853100087E-008 0.6982944777966793E-010
0.2000000000000000E-002 0.1000000000000000E-002 -.1000000000000000E-002  0.000000000000000  0.000000000000000 -.2872863336111919E-009 -.1144364575322854E-008 0.2533107057445250E-010
0.2000000000000000E-002 0.1500000000000000E-002 -.1000000000000000E-002  0.000000000000000  0.000000000000000 -.3608448262415465E-009 -.1079430184125485E-008 -.1916800052015333E-010
0.2000000000000000E-002 0.2000000000000000E-002 -.1000000000000000E-002  0.000000000000000  0.000000000000000 -.4344005433143394E-009 -.1014498651752405E-008 -.6366787652645201E-010
 0.000000000000000  0.000000000000000 -.1500000000000000E-002  0.000000000000000  0.000000000000000 0.1540806648936410E-009 -.1539904065372966E-008 0.1694898388304722E-009
 0.000000000000000 0.5000000000000000E-003 -.1500000000000000E-002  0.000000000000000  0.000000000000000 0.8050560218464398E-010 -.1474949773427880E-008 0.1249914893808324E-009
 0.000000000000000 0.1000000000000000E-002 -.1500000000000000E-002  0.000000000000000  0.000000000000000 0.6933315033208487E-011 -.1409998368062659E-008 0.8049239053065094E-010
 0.000000000000000 0.1500000000000000E-002 -.1500000000000000E-002  0.000000000000000  0.000000000000000 -.6663619656066544E-010 -.1345049849277302E-008 0.3599254227992787E-010
 0.000000000000000 0.2000000000000000E-002 -.1500000000000000E-002  0.000000000000000  0.000000000000000 -.1402029048414022E-009 -.1280104217071809E-008 -.8508083126912425E-011
0.5000000000000000E-003  0.000000000000000 -.1500000000000000E-002  0.000000000000000  0.000000000000000 0.8229589232300327E-010 -.1530566756668961E-008 0.1578986941197513E-009
0.5000000000000000E-003 0.5000000000000000E-003 -.1500000000000000E-002  0.000000000000000  0.000000000000000 0.8723355371387242E-011 -.1465613519435749E-008 0.1134005944702920E-009
0.5000000000000000E-003 0.1000000000000000E-002 -.1500000000000000E-002  0.000000000000000  0.000000000000000 -.6484643377824284E-010 -.1400663168782401E-008 0.6890171766471553E-010
0.5000000000000000E-003 0.1500000000000000E-002 -.1500000000000000E-002  0.000000000000000  0.000000000000000 -.1384133918591601E-009 -.1335715649197766E-008 0.2440211921417301E-010
0.5000000000000000E-003 0.2000000000000000E-002 -.1500000000000000E-002  0.000000000000000  0.000000000000000 -.2119776298936671E-009 -.1270771043948571E-008 -.2009822863691113E-010
0.1000000000000000E-002  0.000000000000000 -.1500000000000000E-002  0.000000000000000  0.000000000000000 0.1051339570956600E-010 -.1521229697765136E-008 0.1463074938978792E-009
0.1000000000000000E-002 0.5000000000000000E-003 -.1500000000000000E-002  0.000000000000000  0.000000000000000 -.6305661548466901E-010 -.1456277515243798E-008 0.1018096440486005E-009
0.1000000000000000E-002 0.1000000000000000E-002 -.1500000000000000E-002  0.000000000000000  0.000000000000000 -.1366238788769181E-009 -.1391328163791172E-008 0.5731104479878013E-010
0.1000000000000000E-002 0.1500000000000000E-002 -.1500000000000000E-002  0.000000000000000  0.000000000000000 -.2101883944671812E-009 -.1326381698918411E-008 0.1281169614841815E-010
0.1000000000000000E-002 0.2000000000000000E-002 -.1500000000000000E-002  0.000000000000000  0.000000000000000 -.2837501067443071E-009 -.1261438120625513E-008 -.3168842965806107E-010
0.1500000000000000E-002  0.000000000000000 -.1500000000000000E-002  0.000000000000000  0.000000000000000 -.6126682494667079E-010 -.1511892833150341E-008 0.1347163214315827E-009
0.1500000000000000E-002 0.5000000000000000E-003 -.1500000000000000E-002  0.000000000000000  0.000000000000000 -.1348343658946760E-009 -.1446941677585301E-008 0.9021874913806016E-010
0.1500000000000000E-002 0.1000000000000000E-002 -.1500000000000000E-002  0.000000000000000  0.000000000000000 -.2083991312851197E-009 -.1381993380844548E-008 0.4572039968842034E-010
0.1500000000000000E-002 0.1500000000000000E-002 -.1500000000000000E-002  0.000000000000000  0.000000000000000 -.2819611211180018E-009 -.1317047970683660E-008 0.1221273082663288E-011
0.1500000000000000E-002 0.2000000000000000E-002 -.1500000000000000E-002  0.000000000000000  0.000000000000000 -.3555203076377467E-009 -.1252105391591485E-008 -.4327860292363539E-010
0.2000000000000000E-002  0.000000000000000 -.1500000000000000E-002  0.000000000000000  0.000000000000000 -.1330448251568583E-009 -.1502556190580151E-008 0.1231251489652863E-009
0.2000000000000000E-002 0.5000000000000000E-003 -.1500000000000000E-002  0.000000000000000  0.000000000000000 -.2066098403474825E-009 -.1437606089726984E-008 0.7862779871636860E-010
0.2000000000000000E-002 0.1000000000000000E-002 -.1500000000000000E-002  0.000000000000000  0.000000000000000 -.2801721077361208E-009 -.1372658792186954E-008 0.3412969906690932E-010
0.2000000000000000E-002 0.1500000000000000E-002 -.1500000000000000E-002  0.000000000000000  0.000000000000000 -.3537315995671975E-009 -.1307714436737939E-008 -.1036917773866719E-010
0.2000000000000000E-002 0.2000000000000000E-002 -.1500000000000000E-002  0.000000000000000  0.000000000000000 -.4272882880851370E-009 -.1242772884602061E-008 -.5486877618920971E-010
 0.000000000000000  0.000000000000000 -.2000000000000000E-002  0.000000000000000  0.000000000000000 0.1612006639284402E-009 -.1768265117663148E-008 0.1782879677225679E-009
 0.000000000000000 0.5000000000000000E-003 -.2000000000000000E-002  0.000000000000000  0.000000000000000 0.8762462977429664E-010 -.1703300833710841E-008 0.1337898680731087E-009
 0.000000000000000 0.1000000000000000E-002 -.2000000000000000E-002  0.000000000000000  0.000000000000000 0.1405137117771460E-010 -.1638339464093974E-008 0.8929099126753215E-010
 0.000000000000000 0.1500000000000000E-002 -.2000000000000000E-002  0.000000000000000  0.000000000000000 -.5951911186130587E-010 -.1573380925545820E-008 0.4479136506141401E-010
 0.000000000000000 0.2000000000000000E-002 -.2000000000000000E-002  0.000000000000000  0.000000000000000 -.1330867915871892E-009 -.1508425301333105E-008 0.2910172103298692E-012
0.5000000000000000E-003  0.000000000000000 -.2000000000000000E-002  0.000000000000000  0.000000000000000 0.8941500317938278E-010 -.1758923562356074E-008 0.1666967675006958E-009
0.5000000000000000E-003 0.5000000000000000E-003 -.2000000000000000E-002  0.000000000000000  0.000000000000000 0.1584146702704459E-010 -.1693960305360065E-008 0.1221989176514171E-009
0.5000000000000000E-003 0.1000000000000000E-002 -.2000000000000000E-002  0.000000000000000  0.000000000000000 -.5772926581215643E-010 -.1628999962699496E-008 0.7770031840159675E-010
0.5000000000000000E-003 0.1500000000000000E-002 -.2000000000000000E-002  0.000000000000000  0.000000000000000 -.1312972508493715E-009 -.1564042451107639E-008 0.3320096975123477E-010
0.5000000000000000E-003 0.2000000000000000E-002 -.2000000000000000E-002  0.000000000000000  0.000000000000000 -.2048624603290250E-009 -.1499087853851222E-008 -.1129915605524445E-010
0.1000000000000000E-002  0.000000000000000 -.2000000000000000E-002  0.000000000000000  0.000000000000000 0.1763156287637457E-010 -.1749582201338029E-008 0.1551055950343994E-009
0.1000000000000000E-002 0.5000000000000000E-003 -.2000000000000000E-002  0.000000000000000  0.000000000000000 -.5593944751858260E-010 -.1684620026809469E-008 0.1106079949853012E-009
0.1000000000000000E-002 0.1000000000000000E-002 -.2000000000000000E-002  0.000000000000000  0.000000000000000 -.1295076823559782E-009 -.1619660683349622E-008 0.6610964553566134E-010
0.1000000000000000E-002 0.1500000000000000E-002 -.2000000000000000E-002  0.000000000000000  0.000000000000000 -.2030731416358122E-009 -.1554704226469639E-008 0.2161054668547990E-010
0.1000000000000000E-002 0.2000000000000000E-002 -.2000000000000000E-002  0.000000000000000  0.000000000000000 -.2766358531136603E-009 -.1489750656169520E-008 -.2288932932081877E-010
0.1500000000000000E-002  0.000000000000000 -.2000000000000000E-002  0.000000000000000  0.000000000000000 -.5414957371385754E-010 -.1740241090120165E-008 0.1435144225681029E-009
0.1500000000000000E-002 0.5000000000000000E-003 -.2000000000000000E-002  0.000000000000000  0.000000000000000 -.1277181138625849E-009 -.1675279942547903E-008 0.9901707231918522E-010
0.1500000000000000E-002 0.1000000000000000E-002 -.2000000000000000E-002  0.000000000000000  0.000000000000000 -.2012838506981751E-009 -.1610321626044353E-008 0.5451897266972594E-010
0.1500000000000000E-002 0.1500000000000000E-002 -.2000000000000000E-002  0.000000000000000  0.000000000000000 -.2748468119762038E-009 -.1545366223876243E-008 0.1002009586414943E-010
0.1500000000000000E-002 0.2000000000000000E-002 -.2000000000000000E-002  0.000000000000000  0.000000000000000 -.3484069976966708E-009 -.1480413680532422E-008 -.3447950258639310E-010
0.2000000000000000E-002  0.000000000000000 -.2000000000000000E-002  0.000000000000000  0.000000000000000 -.1259284898580404E-009 -.1730900200946905E-008 0.1319232501018064E-009
0.2000000000000000E-002 0.5000000000000000E-003 -.2000000000000000E-002  0.000000000000000  0.000000000000000 -.1994945042493868E-009 -.1665940052575365E-008 0.8742612189749366E-010
0.2000000000000000E-002 0.1000000000000000E-002 -.2000000000000000E-002  0.000000000000000  0.000000000000000 -.2730577430831715E-009 -.1600982790783689E-008 0.4292829980379054E-010
0.2000000000000000E-002 0.1500000000000000E-002 -.2000000000000000E-002  0.000000000000000  0.000000000000000 -.3466182063593948E-009 -.1536028415571877E-008 -.1570327201605437E-011
0.2000000000000000E-002 0.2000000000000000E-002 -.2000000000000000E-002  0.000000000000000  0.000000000000000 -.4201758940780564E-009 -.1471076899184354E-008 -.4606967585196742E-010
