BETA     element
 7.756950000000000      0.000000000000000
 8.162428056289455      1.000000000000000
 25.38805980751600      2.000000000000000
 26.37402914988012      3.000000000000000
 25.31488032467907      4.000000000000000
 22.82085179102603      5.000000000000000
 9.709597578053083      6.000000000000000
 8.565497945774748      7.000000000000000
 8.417711570008997      8.000000000000000
 9.349331257535928      9.000000000000000
 20.33133761670426      10.00000000000000
 22.44701958352214      11.00000000000000
 22.50192220591270      12.00000000000000
 20.45064631814945      13.00000000000000
 9.730402039587943      14.00000000000000
 9.358988915478729      15.00000000000000
 9.145898528218181      16.00000000000000
 8.807010361458902      17.00000000000000
 9.020938346237912      18.00000000000000
 10.25190510462112      19.00000000000000
 24.05433947072802      20.00000000000000
 25.03421162776580      21.00000000000000
 25.63396954874489      22.00000000000000
 26.65329046163743      23.00000000000000
 26.83086685919648      24.00000000000000
 24.44023013455407      25.00000000000000
 11.48443597009468      26.00000000000000
 11.00411832422215      27.00000000000000
 10.72619043621942      28.00000000000000
 10.28008178874951      29.00000000000000
 10.28008144796867      30.00000000000000
 11.48443513935599      31.00000000000000
 24.44022439397931      32.00000000000000
 25.34259522806672      33.00000000000000
 25.89428042473113      34.00000000000000
 26.83086024619176      35.00000000000000
 26.65328347830063      36.00000000000000
 24.05433292538587      37.00000000000000
 10.25190170346356      38.00000000000000
 9.758728739462034      39.00000000000000
 9.474659587786949      40.00000000000000
 9.020935379538193      41.00000000000000
 8.807007630178976      42.00000000000000
 9.730399212325114      43.00000000000000
 20.45064373853762      44.00000000000000
 22.50191979100230      45.00000000000000
 22.44701779477834      46.00000000000000
 20.33133639781294      47.00000000000000
 9.349332776400582      48.00000000000000
 8.417713278697327      49.00000000000000
 8.565500173390978      50.00000000000000
 9.709600361934514      51.00000000000000
 22.82085931366012      52.00000000000000
 25.31488860596333      53.00000000000000
 26.37403771524704      54.00000000000000
 25.38806798059602      55.00000000000000
 8.162429280652557      56.00000000000000
 7.756950864041166      57.00000000000000
