 SGx1               SGx2              SGy1                SGy2              chrom_x            chrom_y            CONS(MU)           quad_Kx                 quad_Ky                 quad_Kz                  alpha_0              alpha_1            eta_1
 0.000000000000000  0.000000000000000  0.000000000000000  0.000000000000000 -9.170757103137932 -8.816105085121523 0.1403053613395166E-006 -.4839188881320606E-002 -.2359878761543381E-001 -3.847696284610469 0.9643320277913103E-001 0.3710930098627234  1.066057082079384
 0.000000000000000 0.1000000000000000E-002  0.000000000000000  0.000000000000000 -5.988078758934698 -11.04815451499180 0.1403053613395166E-006 -.2019361150767631E-001 0.6522376504175727E-002 -4.519803044819175 0.9643320277913103E-001 0.5949992534624651E-001 0.7544639975629072
 0.000000000000000 0.2000000000000000E-002  0.000000000000000  0.000000000000000 -2.805400414731451 -13.28020394486211 0.1403053613395166E-006 -.3554803413392752E-001 0.3664354062157820E-001 -5.191909821776011 0.9643320277913103E-001 -.2520931591702318 0.4428709130464288
 0.000000000000000 0.3000000000000000E-002  0.000000000000000  0.000000000000000 0.3772779294717933 -15.51225337473240 0.1403053613395166E-006 -.5090245675937130E-001 0.6676470474242639E-001 -5.864016943552823 0.9643320277913103E-001 -.5636862436867113 0.1312778285299494
 0.000000000000000 0.4000000000000000E-002  0.000000000000000  0.000000000000000  3.559956273675035 -17.74430280460270 0.1403053613395166E-006 -.6625687938454494E-001 0.9688586885955806E-001 -6.536123699596277 0.9643320277913103E-001 -.8752793282031902 -.1803152559865296
0.1000000000000000E-002  0.000000000000000  0.000000000000000  0.000000000000000 -3.101013563432716 -11.31252710849961 0.1403053613395166E-006 -.5136272531890210E-001 0.2991069334934163E-001 -4.417570823758503 0.9643320277913103E-001 0.2044454404070368 0.8994095126236975
0.1000000000000000E-002 0.1000000000000000E-002  0.000000000000000  0.000000000000000 0.8166478077052691E-001 -13.54457653836990 0.1403053613395166E-006 -.6671714794543376E-001 0.6003185746741080E-001 -5.089677564669224 0.9643320277913103E-001 -.1071476441094403 0.5878164281072203
0.1000000000000000E-002 0.2000000000000000E-002  0.000000000000000  0.000000000000000  3.264343124973770 -15.77662596824019 0.1403053613395166E-006 -.8207157057112982E-001 0.9015302158629200E-001 -5.761784293990962 0.9643320277913103E-001 -.4187407286259195 0.2762233435907411
0.1000000000000000E-002 0.3000000000000000E-002  0.000000000000000  0.000000000000000  6.447021469177015 -18.00867539811049 0.1403053613395166E-006 -.9742599319691408E-001 0.1202741857055070 -6.433891097241975 0.9643320277913103E-001 -.7303338131423982 -.3536974092573753E-001
0.1000000000000000E-002 0.4000000000000000E-002  0.000000000000000  0.000000000000000  9.629699813380254 -20.24072482798078 0.1403053613395166E-006 -.1127804158224898 0.1503953498229606 -7.105997212039936 0.9643320277913103E-001 -1.041926897658877 -.3469628254422165
0.2000000000000000E-002  0.000000000000000  0.000000000000000  0.000000000000000  2.968729976272505 -13.80894913187769 0.1403053613395166E-006 -.9788626175823442E-001 0.8342017431125312E-001 -4.987445920110369 0.9643320277913103E-001 0.3779787095135143E-001 0.7327619431680121
0.2000000000000000E-002 0.1000000000000000E-002  0.000000000000000  0.000000000000000  6.151408320475751 -16.04099856174799 0.1403053613395166E-006 -.1132406843817768 0.1135413384315386 -5.659552098487181 0.9643320277913103E-001 -.2737952135651273 0.4211688586515334
0.2000000000000000E-002 0.2000000000000000E-002  0.000000000000000  0.000000000000000  9.334086664678994 -18.27304799161827 0.1403053613395166E-006 -.1285951070085773 0.1436625025499578 -6.331658841934276 0.9643320277913103E-001 -.5853882980816065 0.1095757741350541
0.2000000000000000E-002 0.3000000000000000E-002  0.000000000000000  0.000000000000000  12.51676500888223 -20.50509742148859 0.1403053613395166E-006 -.1439495296353763 0.1737836666702345 -7.003765563201982 0.9643320277913103E-001 -.8969813825980854 -.2020173103814247
0.2000000000000000E-002 0.4000000000000000E-002  0.000000000000000  0.000000000000000  15.69944335308547 -22.73714685135887 0.1403053613395166E-006 -.1593039522596875 0.2039048307852077 -7.675871734957667 0.9643320277913103E-001 -1.208574467114564 -.5136103948979029
0.3000000000000000E-002  0.000000000000000  0.000000000000000  0.000000000000000  9.038473515977735 -16.30537115525578 0.1403053613395166E-006 -.1444097981941767 0.1369296552763355 -5.557319443719219 0.9643320277913103E-001 -.1288496985043356 0.5661143737123251
0.3000000000000000E-002 0.1000000000000000E-002  0.000000000000000  0.000000000000000  12.22115186018098 -18.53742058512608 0.1403053613395166E-006 -.1597642208219748 0.1670508193950480 -6.229425551832183 0.9643320277913103E-001 -.4404427830208147 0.2545212891958459
0.3000000000000000E-002 0.2000000000000000E-002  0.000000000000000  0.000000000000000  15.40383020438422 -20.76947001499636 0.1403053613395166E-006 -.1751186434436401 0.1971719835072305 -6.901533370329695 0.9643320277913103E-001 -.7520358675372938 -.5707179532063311E-001
0.3000000000000000E-002 0.3000000000000000E-002  0.000000000000000  0.000000000000000  18.58650854858745 -23.00151944486667 0.1403053613395166E-006 -.1904730660707618 0.2272931476356792 -7.573640111147341 0.9643320277913103E-001 -1.063628952053773 -.3686648798371123
0.3000000000000000E-002 0.4000000000000000E-002  0.000000000000000  0.000000000000000  21.76918689279069 -25.23356887473695 0.1403053613395166E-006 -.2058274886955375 0.2574143117517169 -8.245746219686016 0.9643320277913103E-001 -1.375222036570251 -.6802579643535906
0.4000000000000000E-002  0.000000000000000  0.000000000000000  0.000000000000000  15.10821705568294 -18.80179317863386 0.1403053613395166E-006 -.1909333346297929 0.1904391362389242 -6.127193977499594 0.9643320277913103E-001 -.2954972679600227 0.3994668042566379
0.4000000000000000E-002 0.1000000000000000E-002  0.000000000000000  0.000000000000000  18.29089539988619 -21.03384260850416 0.1403053613395166E-006 -.2062877572556609 0.2205603003524176 -6.799300092851606 0.9643320277913103E-001 -.6070903524765022 0.8787371974015845E-001
0.4000000000000000E-002 0.2000000000000000E-002  0.000000000000000  0.000000000000000  21.47357374408945 -23.26589203837444 0.1403053613395166E-006 -.2216421798846351 0.2506814644830809 -7.471406820891903 0.9643320277913103E-001 -.9186834369929807 -.2237193647763201
0.4000000000000000E-002 0.3000000000000000E-002  0.000000000000000  0.000000000000000  24.65625208829270 -25.49794146824475 0.1403053613395166E-006 -.2369966025122961 0.2808026285964559 -8.143513579845367 0.9643320277913103E-001 -1.230276521509460 -.5353124492927990
0.4000000000000000E-002 0.4000000000000000E-002  0.000000000000000  0.000000000000000  27.83893043249590 -27.72999089811503 0.1403053613395166E-006 -.2523510251343347 0.3109237927150179 -8.815620342792085 0.9643320277913103E-001 -1.541869606025939 -.8469055338092779
 0.000000000000000  0.000000000000000 -.2000000000000000E-002  0.000000000000000 -12.42248738951808  3.124211857269084 0.1403053613395166E-006 0.2347606290705050E-001 -.3138294479644019 -2.948634426589840 0.9643320277913103E-001 0.6032585127182972  1.298222584934958
 0.000000000000000 0.1000000000000000E-002 -.2000000000000000E-002  0.000000000000000 -9.239809045314839 0.8921624273987835 0.1403053613395166E-006 0.8121640281327258E-002 -.2837082838482523 -3.620742176397123 0.9643320277913103E-001 0.2916654282018189 0.9866295004184795
 0.000000000000000 0.2000000000000000E-002 -.2000000000000000E-002  0.000000000000000 -6.057130701111596 -1.339887002471508 0.1403053613395166E-006 -.7232782344563304E-002 -.2535871197291750 -4.292848913701601 0.9643320277913103E-001 -.1992765631465790E-001 0.6750364159020028
 0.000000000000000 0.3000000000000000E-002 -.2000000000000000E-002  0.000000000000000 -2.874452356908351 -3.571936432341801 0.1403053613395166E-006 -.2258720496999777E-001 -.2234659556083413 -4.964955649830089 0.9643320277913103E-001 -.3315207408311368 0.3634433313855239
 0.000000000000000 0.4000000000000000E-002 -.2000000000000000E-002  0.000000000000000 0.3082259872948948 -5.803985862212095 0.1403053613395166E-006 -.3794162759569387E-001 -.1933447914905058 -5.637061825581958 0.9643320277913103E-001 -.6431138253476159 0.5185024686904482E-001
0.1000000000000000E-002  0.000000000000000 -.2000000000000000E-002  0.000000000000000 -6.352743849812856 0.6277898338909920 0.1403053613395166E-006 -.2304747353064011E-001 -.2603199670013104 -3.518509519383104 0.9643320277913103E-001 0.4366109432626101  1.131575015479271
0.1000000000000000E-002 0.1000000000000000E-002 -.2000000000000000E-002  0.000000000000000 -3.170065505609614 -1.604259595979304 0.1403053613395166E-006 -.3840189615583744E-001 -.2301988028849937 -4.190615633445732 0.9643320277913103E-001 0.1250178587461329 0.8199819309627936
0.1000000000000000E-002 0.2000000000000000E-002 -.2000000000000000E-002  0.000000000000000 0.1261283859362810E-001 -3.836309025849596 0.1403053613395166E-006 -.5375631878231211E-001 -.2000776387652729 -4.862722436401906 0.9643320277913103E-001 -.1865752257703448 0.5083888464463158
0.1000000000000000E-002 0.3000000000000000E-002 -.2000000000000000E-002  0.000000000000000  3.195291182796872 -6.068358455719892 0.1403053613395166E-006 -.6911074140783183E-001 -.1699564746463353 -5.534829166287465 0.9643320277913103E-001 -.4981683102868247 0.1967957619298360
0.1000000000000000E-002 0.4000000000000000E-002 -.2000000000000000E-002  0.000000000000000  6.377969527000107 -8.300407885590184 0.1403053613395166E-006 -.8446516403337996E-001 -.1398353105263894 -6.206935288038267 0.9643320277913103E-001 -.8097613948033026 -.1147973225866419
0.2000000000000000E-002  0.000000000000000 -.2000000000000000E-002  0.000000000000000 -.2830003101076345 -1.868632189487089 0.1403053613395166E-006 -.6957100996942174E-001 -.2068104860376722 -4.088384087162567 0.9643320277913103E-001 0.2699633738069240 0.9649274460235846
0.2000000000000000E-002 0.1000000000000000E-002 -.2000000000000000E-002  0.000000000000000  2.899678034095604 -4.100681619357387 0.1403053613395166E-006 -.8492543259617451E-001 -.1766893219237997 -4.760490161712032 0.9643320277913103E-001 -.4162971070955330E-001 0.6533343615071073
0.2000000000000000E-002 0.2000000000000000E-002 -.2000000000000000E-002  0.000000000000000  6.082356378298844 -6.332731049227681 0.1403053613395166E-006 -.1002798552192182 -.1465681577989311 -5.432596906371848 0.9643320277913103E-001 -.3532227952260321 0.3417412769906286
0.2000000000000000E-002 0.3000000000000000E-002 -.2000000000000000E-002  0.000000000000000  9.265034722502103 -8.564780479097973 0.1403053613395166E-006 -.1156342778451470 -.1164469936818541 -6.104703710756729 0.9643320277913103E-001 -.6648158797425113 0.3014819247414935E-001
0.2000000000000000E-002 0.4000000000000000E-002 -.2000000000000000E-002  0.000000000000000  12.44771306670534 -10.79682990896826 0.1403053613395166E-006 -.1309887004708272 -.8632582956331042E-001 -6.776809808174995 0.9643320277913103E-001 -.9764089642589903 -.2814448920423296
0.3000000000000000E-002  0.000000000000000 -.2000000000000000E-002  0.000000000000000  5.786743229597588 -4.365054212865179 0.1403053613395166E-006 -.1160945464061652 -.1533010050721968 -4.658258534352512 0.9643320277913103E-001 0.1033158043512379 0.7982798765678986
0.3000000000000000E-002 0.1000000000000000E-002 -.2000000000000000E-002  0.000000000000000  8.969421573800831 -6.597103642735474 0.1403053613395166E-006 -.1314489690303781 -.1231798409530259 -5.330364737805082 0.9643320277913103E-001 -.2082772801652403 0.4866867920514203
0.3000000000000000E-002 0.2000000000000000E-002 -.2000000000000000E-002  0.000000000000000  12.15209991800408 -8.829153072605768 0.1403053613395166E-006 -.1468033916588893 -.9305867683839629E-001 -6.002471444597785 0.9643320277913103E-001 -.5198703646817198 0.1750937075349409
0.3000000000000000E-002 0.3000000000000000E-002 -.2000000000000000E-002  0.000000000000000  15.33477826220732 -11.06120250247606 0.1403053613395166E-006 -.1621578142795327 -.6293751271912068E-001 -6.674578183665361 0.9643320277913103E-001 -.8314634491981987 -.1364993769815381
0.3000000000000000E-002 0.4000000000000000E-002 -.2000000000000000E-002  0.000000000000000  18.51745660641057 -13.29325193234635 0.1403053613395166E-006 -.1775122369080217 -.3281634859895569E-001 -7.346684927177974 0.9643320277913103E-001 -1.143056533714677 -.4480924614980168
0.4000000000000000E-002  0.000000000000000 -.2000000000000000E-002  0.000000000000000  11.85648676930283 -6.861476236243277 0.1403053613395166E-006 -.1626180828413215 -.9979152411170371E-001 -5.228132049855566 0.9643320277913103E-001 -.6333176510444860E-001 0.6316323071122121
0.4000000000000000E-002 0.1000000000000000E-002 -.2000000000000000E-002  0.000000000000000  15.03916511350607 -9.093525666113559 0.1403053613395166E-006 -.1779725054731473 -.6967035998795013E-001 -5.900238791754301 0.9643320277913103E-001 -.3749248496209275 0.3200392225957331
0.4000000000000000E-002 0.2000000000000000E-002 -.2000000000000000E-002  0.000000000000000  18.22184345770930 -11.32557509598385 0.1403053613395166E-006 -.1933269280952631 -.3954919587654392E-001 -6.572344908840009 0.9643320277913103E-001 -.6865179341374070 0.8446138079253651E-002
0.4000000000000000E-002 0.3000000000000000E-002 -.2000000000000000E-002  0.000000000000000  21.40452180191257 -13.55762452585416 0.1403053613395166E-006 -.2086813507190347 -.9428031756315101E-002 -7.244451709219406 0.9643320277913103E-001 -.9981110186538864 -.3031469464372258
0.4000000000000000E-002 0.4000000000000000E-002 -.2000000000000000E-002  0.000000000000000  24.58720014611577 -15.78967395572445 0.1403053613395166E-006 -.2240357733448368 0.2069313236345744E-001 -7.916559459121555 0.9643320277913103E-001 -1.309704103170364 -.6147400309537034
 0.000000000000000  0.000000000000000 -.4000000000000000E-002  0.000000000000000 -15.67421767589824  15.06452879965967 0.1403053613395166E-006 0.5179131469626840E-001 -.6040601083211004 -2.049574132936686 0.9643320277913103E-001 0.8354240155738716  1.530388087790532
 0.000000000000000 0.1000000000000000E-002 -.4000000000000000E-002  0.000000000000000 -12.49153933169498  12.83247936978936 0.1403053613395166E-006 0.3643689207052487E-001 -.5739389441984044 -2.721680250082086 0.9643320277913103E-001 0.5238309310573933  1.218795003274054
 0.000000000000000 0.2000000000000000E-002 -.4000000000000000E-002  0.000000000000000 -9.308860987491737  10.60042993991908 0.1403053613395166E-006 0.2108246944436657E-001 -.5438177800800569 -3.393787028453641 0.9643320277913103E-001 0.2122378465409145 0.9072019187575752
 0.000000000000000 0.3000000000000000E-002 -.4000000000000000E-002  0.000000000000000 -6.126182643288498  8.368380510048787 0.1403053613395166E-006 0.5728046818840305E-002 -.5136966159595912 -4.065893785475410 0.9643320277913103E-001 -.9935523797556263E-001 0.5956088342410980
 0.000000000000000 0.4000000000000000E-002 -.4000000000000000E-002  0.000000000000000 -2.943504299085251  6.136331080178496 0.1403053613395166E-006 -.9626375807072098E-002 -.4835754518384481 -4.737999903488643 0.9643320277913103E-001 -.4109483224920418 0.2840157497246188
0.1000000000000000E-002  0.000000000000000 -.4000000000000000E-002  0.000000000000000 -9.604474136192996  12.56810677628158 0.1403053613395166E-006 0.5267778257958640E-002 -.5505506273554435 -2.619447590895233 0.9643320277913103E-001 0.6687764461181842  1.363740518334845
0.1000000000000000E-002 0.1000000000000000E-002 -.4000000000000000E-002  0.000000000000000 -6.421795791989753  10.33605734641129 0.1403053613395166E-006 -.1008664436723000E-001 -.5204294632320493 -3.291553769142710 0.9643320277913103E-001 0.3571833616017052  1.052147433818366
0.1000000000000000E-002 0.2000000000000000E-002 -.4000000000000000E-002  0.000000000000000 -3.239117447786516  8.104007916540997 0.1403053613395166E-006 -.2544106699265876E-001 -.4903082991164424 -3.963660536448808 0.9643320277913103E-001 0.4559027708522845E-001 0.7405543493018891
0.1000000000000000E-002 0.3000000000000000E-002 -.4000000000000000E-002  0.000000000000000 -.5643910358326906E-001  5.871958486670698 0.1403053613395166E-006 -.4079548961812431E-001 -.4601871349981440 -4.635768256560366 0.9643320277913103E-001 -.2660028074312499 0.4289612647854108
0.1000000000000000E-002 0.4000000000000000E-002 -.4000000000000000E-002  0.000000000000000  3.126239240619967  3.639909056800417 0.1403053613395166E-006 -.5614991224420085E-001 -.4300659708772943 -5.307874998337148 0.9643320277913103E-001 -.5775958919477290 0.1173681802689317
0.2000000000000000E-002  0.000000000000000 -.4000000000000000E-002  0.000000000000000 -3.534730596487779  10.07168475290349 0.1403053613395166E-006 -.4125575817746990E-001 -.4970411463867857 -3.189322129351993 0.9643320277913103E-001 0.5021288766624971  1.197092948879158
0.2000000000000000E-002 0.1000000000000000E-002 -.4000000000000000E-002  0.000000000000000 -.3520522522845335  7.839635323033193 0.1403053613395166E-006 -.5661018080493760E-001 -.4669199822736696 -3.861428867351002 0.9643320277913103E-001 0.1905357921460190 0.8854998643626797
0.2000000000000000E-002 0.2000000000000000E-002 -.4000000000000000E-002  0.000000000000000  2.830626091918707  5.607585893162913 0.1403053613395166E-006 -.7196460342798974E-001 -.4367988181519091 -4.533535032623707 0.9643320277913103E-001 -.1210572923704580 0.5739067798462026
0.2000000000000000E-002 0.3000000000000000E-002 -.4000000000000000E-002  0.000000000000000  6.013304436121950  3.375536463292617 0.1403053613395166E-006 -.8731902605614629E-001 -.4066776540309413 -5.205641778750570 0.9643320277913103E-001 -.4326503768869374 0.2623136953297233
0.2000000000000000E-002 0.4000000000000000E-002 -.4000000000000000E-002  0.000000000000000  9.195982780325192  1.143487033422325 0.1403053613395166E-006 -.1026734486812093 -.3765564899131940 -5.877748511488149 0.9643320277913103E-001 -.7442434614034159 -.4927938918675523E-001
0.3000000000000000E-002  0.000000000000000 -.4000000000000000E-002  0.000000000000000  2.535012943217448  7.575262729525400 0.1403053613395166E-006 -.8777929461836778E-001 -.4435316654210948 -3.759194604799494 0.9643320277913103E-001 0.3354813072068096  1.030445379423470
0.3000000000000000E-002 0.1000000000000000E-002 -.4000000000000000E-002  0.000000000000000  5.717691287420695  5.343213299655122 0.1403053613395166E-006 -.1031337172417048 -.4134105013081177 -4.431303403154882 0.9643320277913103E-001 0.2388822269033382E-001 0.7188522949069944
0.3000000000000000E-002 0.2000000000000000E-002 -.4000000000000000E-002  0.000000000000000  8.900369631623928  3.111163869784831 0.1403053613395166E-006 -.1184881398703719 -.3832893371876205 -5.103409477842856 0.9643320277913103E-001 -.2877048618261451 0.4072592103905156
0.3000000000000000E-002 0.3000000000000000E-002 -.4000000000000000E-002  0.000000000000000  12.08304797582718 0.8791144399145253 0.1403053613395166E-006 -.1338425624964762 -.3531681730640391 -5.775516244622334 0.9643320277913103E-001 -.5992979463426247 0.9566612587403600E-001
0.3000000000000000E-002 0.4000000000000000E-002 -.4000000000000000E-002  0.000000000000000  15.26572632003042 -1.352934989955762 0.1403053613395166E-006 -.1491969851195132 -.3230470089496504 -6.447623058741239 0.9643320277913103E-001 -.9108910308591031 -.2159269586424424
0.4000000000000000E-002  0.000000000000000 -.4000000000000000E-002  0.000000000000000  8.604756482922667  5.078840706147327 0.1403053613395166E-006 -.1343028310569125 -.3900221844602047 -4.329070125366051 0.9643320277913103E-001 0.1688337377511241 0.8637978099677848
0.4000000000000000E-002 0.1000000000000000E-002 -.4000000000000000E-002  0.000000000000000  11.78743482712592  2.846791276277032 0.1403053613395166E-006 -.1496572536775785 -.3599010203485139 -5.001176835473560 0.9643320277913103E-001 -.1427593467653531 0.5522047254513076
0.4000000000000000E-002 0.2000000000000000E-002 -.4000000000000000E-002  0.000000000000000  14.97011317132915 0.6147418464067466 0.1403053613395166E-006 -.1650116763030365 -.3297798562237489 -5.673284050889847 0.9643320277913103E-001 -.4543524312818325 0.2406116409348281
0.4000000000000000E-002 0.3000000000000000E-002 -.4000000000000000E-002  0.000000000000000  18.15279151553242 -1.617307583463557 0.1403053613395166E-006 -.1803660989298370 -.2996586921069264 -6.345390788073440 0.9643320277913103E-001 -.7659455157983117 -.7098144358165104E-001
0.4000000000000000E-002 0.4000000000000000E-002 -.4000000000000000E-002  0.000000000000000  21.33546985973566 -3.849357013333847 0.1403053613395166E-006 -.1957205215556105 -.2695375279892283 -7.017497525395469 0.9643320277913103E-001 -1.077538600314790 -.3825745280981294
 0.000000000000000  0.000000000000000 -.6000000000000000E-002  0.000000000000000 -18.92594796227836  27.00484574205028 0.1403053613395166E-006 0.8010656648554594E-001 -.8942907686716686 -1.150512201901894 0.9643320277913103E-001  1.067589518429446  1.762553590646107
 0.000000000000000 0.1000000000000000E-002 -.6000000000000000E-002  0.000000000000000 -15.74326961807513  24.77279631217998 0.1403053613395166E-006 0.6475214385965840E-001 -.8641696045507741 -1.822618955185696 0.9643320277913103E-001 0.7559964339129670  1.450960506129628
 0.000000000000000 0.2000000000000000E-002 -.6000000000000000E-002  0.000000000000000 -12.56059127387189  22.54074688230970 0.1403053613395166E-006 0.4939772123366343E-001 -.8340484404338852 -2.494725064332793 0.9643320277913103E-001 0.4444033493964878  1.139367421613148
 0.000000000000000 0.3000000000000000E-002 -.6000000000000000E-002  0.000000000000000 -9.377912929668641  20.30869745243938 0.1403053613395166E-006 0.3404329860796743E-001 -.8039272763145787 -3.166831830729659 0.9643320277913103E-001 0.1328102648800103 0.8277743370966710
 0.000000000000000 0.4000000000000000E-002 -.6000000000000000E-002  0.000000000000000 -6.195234585465400  18.07664802256908 0.1403053613395166E-006 0.1868887598363591E-001 -.7738061121944713 -3.838935905457274 0.9643320277913103E-001 -.1787828196364669 0.5161812525801938
0.1000000000000000E-002  0.000000000000000 -.6000000000000000E-002  0.000000000000000 -12.85620442257314  24.50842371867219 0.1403053613395166E-006 0.3358303004841635E-001 -.8407812877098375 -1.720385724794464 0.9643320277913103E-001 0.9009419489737581  1.595906021190419
0.1000000000000000E-002 0.1000000000000000E-002 -.6000000000000000E-002  0.000000000000000 -9.673526078369894  22.27637428880188 0.1403053613395166E-006 0.1822860742162896E-001 -.8106601235855112 -2.392493480983185 0.9643320277913103E-001 0.5893488644572793  1.284312936673940
0.1000000000000000E-002 0.2000000000000000E-002 -.6000000000000000E-002  0.000000000000000 -6.490847734166660  20.04432485893159 0.1403053613395166E-006 0.2874184796201676E-002 -.7805389594647594 -3.064599595790645 0.9643320277913103E-001 0.2777557799408019 0.9727198521574625
0.1000000000000000E-002 0.3000000000000000E-002 -.6000000000000000E-002  0.000000000000000 -3.308169389963416  17.81227542906130 0.1403053613395166E-006 -.1248023782901961E-001 -.7504177953481127 -3.736706333817193 0.9643320277913103E-001 -.3383730457567584E-001 0.6611267676409848
0.1000000000000000E-002 0.4000000000000000E-002 -.6000000000000000E-002  0.000000000000000 -.1254910457601726  15.58022599919101 0.1403053613395166E-006 -.2783466045493032E-001 -.7202966312324068 -4.408813134852275 0.9643320277913103E-001 -.3454303890921543 0.3495336831245064
0.2000000000000000E-002  0.000000000000000 -.6000000000000000E-002  0.000000000000000 -6.786460882867923  22.01200169529413 0.1403053613395166E-006 -.1294050639100195E-001 -.7872718067427790 -2.290260203261283 0.9643320277913103E-001 0.7342943795180717  1.429258451734732
0.2000000000000000E-002 0.1000000000000000E-002 -.6000000000000000E-002  0.000000000000000 -3.603782538664677  19.77995226542382 0.1403053613395166E-006 -.2829492901651156E-001 -.7571506426220892 -2.962366944596485 0.9643320277913103E-001 0.4227012950015925  1.117665367218253
0.2000000000000000E-002 0.2000000000000000E-002 -.6000000000000000E-002  0.000000000000000 -.4211041944614355  17.54790283555353 0.1403053613395166E-006 -.4364935164185144E-001 -.7270294785023153 -3.634473118702051 0.9643320277913103E-001 0.1111082104851150 0.8060722827017757
0.2000000000000000E-002 0.3000000000000000E-002 -.6000000000000000E-002  0.000000000000000  2.761574149741809  15.31585340568320 0.1403053613395166E-006 -.5900377426780041E-001 -.6969083143809841 -4.306579855620281 0.9643320277913103E-001 -.2004848740313625 0.4944791981852981
0.2000000000000000E-002 0.4000000000000000E-002 -.6000000000000000E-002  0.000000000000000  5.944252493945045  13.08380397581292 0.1403053613395166E-006 -.7435819689237562E-001 -.6667871502603359 -4.978686591657937 0.9643320277913103E-001 -.5120779585478420 0.1828861136688187
0.3000000000000000E-002  0.000000000000000 -.6000000000000000E-002  0.000000000000000 -.7167173431626954  19.51557967191600 0.1403053613395166E-006 -.5946404282596788E-001 -.7337623257724577 -2.860134738342929 0.9643320277913103E-001 0.5676468100623842  1.262610882279045
0.3000000000000000E-002 0.1000000000000000E-002 -.6000000000000000E-002  0.000000000000000  2.465961001040545  17.28353024204571 0.1403053613395166E-006 -.7481846545532861E-001 -.7036411616559026 -3.532241478468180 0.9643320277913103E-001 0.2560537255459062 0.9510177977625669
0.3000000000000000E-002 0.2000000000000000E-002 -.6000000000000000E-002  0.000000000000000  5.648639345243795  15.05148081217542 0.1403053613395166E-006 -.9017288807443233E-001 -.6735199975359351 -4.204347583140096 0.9643320277913103E-001 -.5553935897057093E-001 0.6394247132460897
0.3000000000000000E-002 0.3000000000000000E-002 -.6000000000000000E-002  0.000000000000000  8.831317689447038  12.81943138230513 0.1403053613395166E-006 -.1055273107035089 -.6433988334107964 -4.876454389425426 0.9643320277913103E-001 -.3671324434870504 0.3278316287296102
0.3000000000000000E-002 0.4000000000000000E-002 -.6000000000000000E-002  0.000000000000000  12.01399603365027  10.58738195243482 0.1403053613395166E-006 -.1208817333320469 -.6132776692949345 -5.548561133011156 0.9643320277913103E-001 -.6787255280035289 0.1623854421313176E-001
0.4000000000000000E-002  0.000000000000000 -.6000000000000000E-002  0.000000000000000  5.353026196542528  17.01915764853792 0.1403053613395166E-006 -.1059875792624447 -.6802528448116408 -3.430009215595200 0.9643320277913103E-001 0.4009992406066972  1.095963312823358
0.4000000000000000E-002 0.1000000000000000E-002 -.6000000000000000E-002  0.000000000000000  8.535704540745771  14.78710821866761 0.1403053613395166E-006 -.1213420018884292 -.6501316806958433 -4.102116016330214 0.9643320277913103E-001 0.8940615609022026E-001 0.7843702283068810
0.4000000000000000E-002 0.2000000000000000E-002 -.6000000000000000E-002  0.000000000000000  11.71838288494902  12.55505878879735 0.1403053613395166E-006 -.1366964245162482 -.6200105165740945 -4.774222755117282 0.9643320277913103E-001 -.2221869284262577 0.4727771437904029
0.4000000000000000E-002 0.3000000000000000E-002 -.6000000000000000E-002  0.000000000000000  14.90106122915224  10.32300935892704 0.1403053613395166E-006 -.1520508471433394 -.5898893524584715 -5.446328866826138 0.9643320277913103E-001 -.5337800129427376 0.1611840592739231
0.4000000000000000E-002 0.4000000000000000E-002 -.6000000000000000E-002  0.000000000000000  18.08373957335549  8.090959929056753 0.1403053613395166E-006 -.1674052697633563 -.5597681883368404 -6.118435670159805 0.9643320277913103E-001 -.8453730974592158 -.1504090252425552
 0.000000000000000  0.000000000000000 -.8000000000000000E-002  0.000000000000000 -22.17767824865851  38.94516268444088 0.1403053613395166E-006 0.1084218182747537 -1.184521429014231 -.2514502911114826 0.9643320277913103E-001  1.299755021285020  1.994719093501681
 0.000000000000000 0.1000000000000000E-002 -.8000000000000000E-002  0.000000000000000 -18.99499990445526  36.71311325457059 0.1403053613395166E-006 0.9306739564875251E-001 -1.154400264893187 -.9235570179877853 0.9643320277913103E-001 0.9881619367685418  1.683126008985203
 0.000000000000000 0.2000000000000000E-002 -.8000000000000000E-002  0.000000000000000 -15.81232156025202  34.48106382470029 0.1403053613395166E-006 0.7771297302323571E-001 -1.124279100781879 -1.595663190362623 0.9643320277913103E-001 0.6765688522520620  1.371532924468723
 0.000000000000000 0.3000000000000000E-002 -.8000000000000000E-002  0.000000000000000 -12.62964321604878  32.24901439483001 0.1403053613395166E-006 0.6235855039725548E-001 -1.094157936665587 -2.267769937275734 0.9643320277913103E-001 0.3649757677355825  1.059939839952243
 0.000000000000000 0.4000000000000000E-002 -.8000000000000000E-002  0.000000000000000 -9.446964871845532  30.01696496495969 0.1403053613395166E-006 0.4700412777232720E-001 -1.064036772541722 -2.939876668034465 0.9643320277913103E-001 0.5338268321910646E-001 0.7483467554357671
0.1000000000000000E-002  0.000000000000000 -.8000000000000000E-002  0.000000000000000 -16.10793470895328  36.44874066106283 0.1403053613395166E-006 0.6189828183641591E-001 -1.131011948042152 -.8213248070682125 0.9643320277913103E-001  1.133107451829333  1.828071524045994
0.1000000000000000E-002 0.1000000000000000E-002 -.8000000000000000E-002  0.000000000000000 -12.92525636475003  34.21669123119248 0.1403053613395166E-006 0.4654385921210100E-001 -1.100890783942006 -1.493431556944206 0.9643320277913103E-001 0.8215143673128532  1.516478439529514
0.1000000000000000E-002 0.2000000000000000E-002 -.8000000000000000E-002  0.000000000000000 -9.742578020546798  31.98464180132222 0.1403053613395166E-006 0.3118943658572925E-001 -1.070769619826273 -2.165537678605389 0.9643320277913103E-001 0.5099212827963745  1.204885355013035
0.1000000000000000E-002 0.3000000000000000E-002 -.8000000000000000E-002  0.000000000000000 -6.559899676343555  29.75259237145189 0.1403053613395166E-006 0.1583501396034532E-001 -1.040648455703140 -2.837644468042420 0.9643320277913103E-001 0.1983281982798967 0.8932922704965574
0.1000000000000000E-002 0.4000000000000000E-002 -.8000000000000000E-002  0.000000000000000 -3.377221332140315  27.52054294158160 0.1403053613395166E-006 0.4805913340637288E-003 -1.010527291573936 -3.509751207029425 0.9643320277913103E-001 -.1132648862365803 0.5816991859800804
0.2000000000000000E-002  0.000000000000000 -.8000000000000000E-002  0.000000000000000 -10.03819116924805  33.95231863768471 0.1403053613395166E-006 0.1537474539733786E-001 -1.077502467106224 -1.391198285512422 0.9643320277913103E-001 0.9664598823736461  1.661423954590307
0.2000000000000000E-002 0.1000000000000000E-002 -.8000000000000000E-002  0.000000000000000 -6.855512825044818  31.72026920781443 0.1403053613395166E-006 0.2032277192374420E-004 -1.047381302979247 -2.063305071037732 0.9643320277913103E-001 0.6548667978571666  1.349830870073827
0.2000000000000000E-002 0.2000000000000000E-002 -.8000000000000000E-002  0.000000000000000 -3.672834480841578  29.48821977794413 0.1403053613395166E-006 -.1533409985079079E-001 -1.017260138859370 -2.735411811405042 0.9643320277913103E-001 0.3432737133406877  1.038237785557348
0.2000000000000000E-002 0.3000000000000000E-002 -.8000000000000000E-002  0.000000000000000 -.4901561366383312  27.25617034807383 0.1403053613395166E-006 -.3068852247807364E-001 -.9871389747390624 -3.407517928966274 0.9643320277913103E-001 0.3168062882421094E-001 0.7266447010408716
0.2000000000000000E-002 0.4000000000000000E-002 -.8000000000000000E-002  0.000000000000000  2.692522207564908  25.02412091820351 0.1403053613395166E-006 -.4604294510301851E-001 -.9570178106178086 -4.079625680496686 0.9643320277913103E-001 -.2799124556922672 0.4150516165243934
0.3000000000000000E-002  0.000000000000000 -.8000000000000000E-002  0.000000000000000 -3.968447629542838  31.45589661430661 0.1403053613395166E-006 -.3114879103897426E-001 -1.023992986115281 -1.961072813989045 0.9643320277913103E-001 0.7998123129179580  1.494776385134619
0.3000000000000000E-002 0.1000000000000000E-002 -.8000000000000000E-002  0.000000000000000 -.7857692853395923  29.22384718443633 0.1403053613395166E-006 -.4650321366415976E-001 -.9938718220038961 -2.633179557851647 0.9643320277913103E-001 0.4882192284014792  1.183183300618140
0.3000000000000000E-002 0.2000000000000000E-002 -.8000000000000000E-002  0.000000000000000  2.396909058863647  26.99179775456602 0.1403053613395166E-006 -.6185763628996264E-001 -.9637506578824188 -3.305286287873109 0.9643320277913103E-001 0.1766261438850018 0.8715902161016625
0.3000000000000000E-002 0.3000000000000000E-002 -.8000000000000000E-002  0.000000000000000  5.579587403066891  24.75974832469573 0.1403053613395166E-006 -.7721205891279900E-001 -.9336294937614084 -3.977392465664296 0.9643320277913103E-001 -.1349669406314760 0.5599971315851846
0.3000000000000000E-002 0.4000000000000000E-002 -.8000000000000000E-002  0.000000000000000  8.762265747270133  22.52769889482542 0.1403053613395166E-006 -.9256648154182420E-001 -.9035083296454722 -4.649499204026521 0.9643320277913103E-001 -.4465600251479551 0.2484040470687056
0.4000000000000000E-002  0.000000000000000 -.8000000000000000E-002  0.000000000000000  2.101295910162381  28.95947459092851 0.1403053613395166E-006 -.7767232747575281E-001 -.9704835051597525 -2.530947352200109 0.9643320277913103E-001 0.6331647434622707  1.328128815678931
0.4000000000000000E-002 0.1000000000000000E-002 -.8000000000000000E-002  0.000000000000000  5.283974254365624  26.72742516105822 0.1403053613395166E-006 -.9302675010381667E-001 -.9403623410381914 -3.203054088935736 0.9643320277913103E-001 0.3215716589457928  1.016535731162453
0.4000000000000000E-002 0.2000000000000000E-002 -.8000000000000000E-002  0.000000000000000  8.466652598568869  24.49537573118791 0.1403053613395166E-006 -.1083811727305543 -.9102411769236006 -3.875160825297145 0.9643320277913103E-001 0.9978574429315646E-002 0.7049426466459763
0.4000000000000000E-002 0.3000000000000000E-002 -.8000000000000000E-002  0.000000000000000  11.64933094277210  22.26332630131764 0.1403053613395166E-006 -.1237355953522832 -.8801200128042451 -4.547266954529199 0.9643320277913103E-001 -.3016145100871633 0.3933495621294973
0.4000000000000000E-002 0.4000000000000000E-002 -.8000000000000000E-002  0.000000000000000  14.83200928697535  20.03127687144734 0.1403053613395166E-006 -.1390900179769085 -.8499988486798794 -5.219373734262496 0.9643320277913103E-001 -.6132075946036417 0.8175647761301896E-001
