 SGx1               SGx2              SGy1                SGy2              chrom_x            chrom_y            CONS(MU)           quad_Kx                 quad_Ky                 quad_Kz                  alpha_0              alpha_1            eta_1
 0.000000000000000  0.000000000000000  0.000000000000000  0.000000000000000 -9.170757103137932 -8.816105085121523 0.1403053613395166E-006 -.4839188881320606E-002 -.2359878761543381E-001 -3.847696284610469 0.9643320277913103E-001 0.3710930098627234  1.066057082079384
 0.000000000000000  1.000000000000000  0.000000000000000  0.000000000000000 -8.106254094570653 -9.562653456148503 0.1403053613395166E-006 -.4515134464907046E-002 -.2423552947077575E-001 -3.833564264541071 0.9643320277913103E-001 0.2668751970508585 0.9618392692675191
 0.000000000000000  2.000000000000000  0.000000000000000  0.000000000000000 -7.041751086003377 -10.30920182717549 0.1403053613395166E-006 -.4191080047649616E-002 -.2487227132881587E-001 -3.819432667450013 0.9643320277913103E-001 0.1626573842389945 0.8576214564556551
 0.000000000000000  3.000000000000000  0.000000000000000  0.000000000000000 -5.977248077436104 -11.05575019820249 0.1403053613395166E-006 -.3867025630458839E-002 -.2550901318511922E-001 -3.805299954104763 0.9643320277913103E-001 0.5843957142713051E-001 0.7534036436437912
 0.000000000000000  4.000000000000000  0.000000000000000  0.000000000000000 -4.912745068868825 -11.80229856922948 0.1403053613395166E-006 -.3542971213299683E-002 -.2614575504249173E-001 -3.791167972443989 0.9643320277913103E-001 -.4577824138473465E-001 0.6491858308319260
 1.000000000000000  0.000000000000000  0.000000000000000  0.000000000000000 -7.140624126924306 -9.651077541379852 0.1403053613395166E-006 -.4222359878035016E-002 -.2430711853857204E-001 -3.840146516484027 0.9643320277913103E-001 0.3153547856783335  1.010318857894994
 1.000000000000000  1.000000000000000  0.000000000000000  0.000000000000000 -6.076121118357026 -10.39762591240684 0.1403053613395166E-006 -.3898305460810886E-002 -.2494386039540876E-001 -3.826013873005230 0.9643320277913103E-001 0.2111369728664693 0.9061010450831299
 1.000000000000000  2.000000000000000  0.000000000000000  0.000000000000000 -5.011618109789752 -11.14417428343382 0.1403053613395166E-006 -.3574251043642548E-002 -.2558060225226237E-001 -3.811881249263807 0.9643320277913103E-001 0.1069191600546052 0.8018832322712659
 1.000000000000000  3.000000000000000  0.000000000000000  0.000000000000000 -3.947115101222463 -11.89072265446082 0.1403053613395166E-006 -.3250196626424208E-002 -.2621734410855196E-001 -3.797749207387970 0.9643320277913103E-001 0.2701347242740524E-002 0.6976654194594012
 1.000000000000000  4.000000000000000  0.000000000000000  0.000000000000000 -2.882612092655186 -12.63727102548781 0.1403053613395166E-006 -.2926142209213947E-002 -.2685408596555169E-001 -3.783616564036101 0.9643320277913103E-001 -.1015164655691244 0.5934476066475363
 2.000000000000000  0.000000000000000  0.000000000000000  0.000000000000000 -5.110491150710671 -10.48604999763819 0.1403053613395166E-006 -.3605530873985970E-002 -.2501544946120757E-001 -3.832595106008848 0.9643320277913103E-001 0.2596165614939440 0.9545806337106046
 2.000000000000000  1.000000000000000  0.000000000000000  0.000000000000000 -4.045988142143390 -11.23259836866517 0.1403053613395166E-006 -.3281476456767417E-002 -.2565219131950493E-001 -3.818462461733597 0.9643320277913103E-001 0.1553987486820799 0.8503628208987406
 2.000000000000000  2.000000000000000  0.000000000000000  0.000000000000000 -2.981485133576109 -11.97914673969217 0.1403053613395166E-006 -.2957422039553060E-002 -.2628893317578323E-001 -3.804330453042499 0.9643320277913103E-001 0.5118093587021515E-001 0.7461450080868759
 2.000000000000000  3.000000000000000  0.000000000000000  0.000000000000000 -1.916982125008830 -12.72569511071916 0.1403053613395166E-006 -.2633367622436458E-002 -.2692567503060950E-001 -3.790197798412443 0.9643320277913103E-001 -.5303687694164937E-001 0.6419271952750113
 2.000000000000000  4.000000000000000  0.000000000000000  0.000000000000000 -.8524791164415527 -13.47224348174616 0.1403053613395166E-006 -.2309313205268881E-002 -.2756241688839403E-001 -3.776065154451373 0.9643320277913103E-001 -.1572546897535142 0.5377093824631465
 3.000000000000000  0.000000000000000  0.000000000000000  0.000000000000000 -3.080358174497032 -11.32102245389651 0.1403053613395166E-006 -.2988701869901641E-002 -.2572378038588196E-001 -3.825043696099064 0.9643320277913103E-001 0.2038783373095540 0.8988424095262146
 3.000000000000000  1.000000000000000  0.000000000000000  0.000000000000000 -2.015855165929753 -12.06757082492352 0.1403053613395166E-006 -.2664647452684036E-002 -.2636052224210139E-001 -3.810911674454961 0.9643320277913103E-001 0.9966052449769044E-001 0.7946245967143512
 3.000000000000000  2.000000000000000  0.000000000000000  0.000000000000000 -.9513521573624732 -12.81411919595050 0.1403053613395166E-006 -.2340593035500863E-002 -.2699726409884218E-001 -3.796779036786325 0.9643320277913103E-001 -.4557288314174409E-002 0.6904067839024863
 3.000000000000000  3.000000000000000  0.000000000000000  0.000000000000000 0.1131508512048049 -13.56066756697750 0.1403053613395166E-006 -.2016538618211086E-002 -.2763400595510317E-001 -3.782646388218351 0.9643320277913103E-001 -.1087751011260394 0.5861889710906213
 3.000000000000000  4.000000000000000  0.000000000000000  0.000000000000000  1.177653859772083 -14.30721593800448 0.1403053613395166E-006 -.1692484201039203E-002 -.2827074781248107E-001 -3.768514367156182 0.9643320277913103E-001 -.2129929139379042 0.4819711582787565
 4.000000000000000  0.000000000000000  0.000000000000000  0.000000000000000 -1.050225198283398 -12.15599491015485 0.1403053613395166E-006 -.2371872865825804E-002 -.2643211130880542E-001 -3.817492845435290 0.9643320277913103E-001 0.1481401131251651 0.8431041853418257
 4.000000000000000  1.000000000000000  0.000000000000000  0.000000000000000 0.1427781028388163E-001 -12.90254328118186 0.1403053613395166E-006 -.2047818448623035E-002 -.2706885316582770E-001 -3.803360201952676 0.9643320277913103E-001 0.4392230031330043E-001 0.7388863725299610
 4.000000000000000  2.000000000000000  0.000000000000000  0.000000000000000  1.078780818851161 -13.64909165220884 0.1403053613395166E-006 -.1723764031395462E-002 -.2770559502279854E-001 -3.789227552848238 0.9643320277913103E-001 -.6029551249856442E-001 0.6346685597180962
 4.000000000000000  3.000000000000000  0.000000000000000  0.000000000000000  2.143283827418437 -14.39564002323582 0.1403053613395166E-006 -.1399709614245624E-002 -.2834233687963196E-001 -3.775095537525971 0.9643320277913103E-001 -.1645133253104291 0.5304507469062315
 4.000000000000000  4.000000000000000  0.000000000000000  0.000000000000000  3.207786835985716 -15.14218839426281 0.1403053613395166E-006 -.1075655197047432E-002 -.2897907873538978E-001 -3.760962893928008 0.9643320277913103E-001 -.2687311381222943 0.4262329340943664
 0.000000000000000  0.000000000000000 -3.000000000000000  0.000000000000000 -10.80215507925084 -2.825630113826419 0.1403053613395166E-006 -.5335254006449128E-002 -.1849804676487568E-001 -3.863488326356942 0.9643320277913103E-001 0.4875707918817996  1.182534864098460
 0.000000000000000  1.000000000000000 -3.000000000000000  0.000000000000000 -9.737652070683543 -3.572178484853407 0.1403053613395166E-006 -.5011199589223647E-002 -.1913478862059484E-001 -3.849356304893741 0.9643320277913103E-001 0.3833529790699347  1.078317051286595
 0.000000000000000  2.000000000000000 -3.000000000000000  0.000000000000000 -8.673149062116273 -4.318726855880396 0.1403053613395166E-006 -.4687145172028605E-002 -.1977153047736833E-001 -3.835223660405417 0.9643320277913103E-001 0.2791351662580703 0.9740992384747309
 0.000000000000000  3.000000000000000 -3.000000000000000  0.000000000000000 -7.608646053548996 -5.065275226907386 0.1403053613395166E-006 -.4363090754726824E-002 -.2040827233490613E-001 -3.821091048576823 0.9643320277913103E-001 0.1749173534462060 0.8698814256628667
 0.000000000000000  4.000000000000000 -3.000000000000000  0.000000000000000 -6.544143044981719 -5.811823597934374 0.1403053613395166E-006 -.4039036337490719E-002 -.2104501419134107E-001 -3.806958957266057 0.9643320277913103E-001 0.7069954063434161E-001 0.7656636128510023
 1.000000000000000  0.000000000000000 -3.000000000000000  0.000000000000000 -8.772022103037195 -3.660602570084753 0.1403053613395166E-006 -.4718425002324726E-002 -.1920637768819109E-001 -3.855937474073192 0.9643320277913103E-001 0.4318325676974096  1.126796639914070
 1.000000000000000  1.000000000000000 -3.000000000000000  0.000000000000000 -7.707519094469918 -4.407150941111740 0.1403053613395166E-006 -.4394370585129388E-002 -.1984311954473100E-001 -3.841804831783702 0.9643320277913103E-001 0.3276147548855449  1.022578827102205
 1.000000000000000  2.000000000000000 -3.000000000000000  0.000000000000000 -6.643016085902637 -5.153699312138727 0.1403053613395166E-006 -.4070316167916770E-002 -.2047986140136480E-001 -3.827672187327043 0.9643320277913103E-001 0.2233969420736805 0.9183610142903411
 1.000000000000000  3.000000000000000 -3.000000000000000  0.000000000000000 -5.578513077335363 -5.900247683165718 0.1403053613395166E-006 -.3746261750798548E-002 -.2111660325804153E-001 -3.813540190408690 0.9643320277913103E-001 0.1191791292618160 0.8141432014784766
 1.000000000000000  4.000000000000000 -3.000000000000000  0.000000000000000 -4.514010068768079 -6.646796054192710 0.1403053613395166E-006 -.3422207333579217E-002 -.2175334511475674E-001 -3.799407586994283 0.9643320277913103E-001 0.1496131644995206E-001 0.7099253886666128
 2.000000000000000  0.000000000000000 -3.000000000000000  0.000000000000000 -6.741889126823562 -4.495575026343078 0.1403053613395166E-006 -.4101595998295344E-002 -.1991470861103658E-001 -3.848386066732677 0.9643320277913103E-001 0.3760943435130198  1.071058415729680
 2.000000000000000  1.000000000000000 -3.000000000000000  0.000000000000000 -5.677386118256283 -5.242123397370075 0.1403053613395166E-006 -.3777541581083230E-002 -.2055145046771613E-001 -3.834253419903538 0.9643320277913103E-001 0.2718765307011553 0.9668406029178158
 2.000000000000000  2.000000000000000 -3.000000000000000  0.000000000000000 -4.612883109689005 -5.988671768397058 0.1403053613395166E-006 -.3453487163867758E-002 -.2118819232405990E-001 -3.820121400490059 0.9643320277913103E-001 0.1676587178892910 0.8626227901059517
 2.000000000000000  3.000000000000000 -3.000000000000000  0.000000000000000 -3.548380101121725 -6.735220139424054 0.1403053613395166E-006 -.3129432746652970E-002 -.2182493418161136E-001 -3.805988771314337 0.9643320277913103E-001 0.6344090507742690E-001 0.7584049772940875
 2.000000000000000  4.000000000000000 -3.000000000000000  0.000000000000000 -2.483877092554445 -7.481768510451039 0.1403053613395166E-006 -.2805378329480142E-002 -.2246167603795633E-001 -3.791857130539528 0.9643320277913103E-001 -.4077690773443773E-001 0.6541871644822229
 3.000000000000000  0.000000000000000 -3.000000000000000  0.000000000000000 -4.711756150609926 -5.330547482601411 0.1403053613395166E-006 -.3484766994167705E-002 -.2062303953559360E-001 -3.840834655905175 0.9643320277913103E-001 0.3203561193286300  1.015320191545291
 3.000000000000000  1.000000000000000 -3.000000000000000  0.000000000000000 -3.647253142042644 -6.077095853628403 0.1403053613395166E-006 -.3160712576997519E-002 -.2125978139161000E-001 -3.826702634060537 0.9643320277913103E-001 0.2161383065167662 0.9111023787334268
 3.000000000000000  2.000000000000000 -3.000000000000000  0.000000000000000 -2.582750133475367 -6.823644224655389 0.1403053613395166E-006 -.2836658159821583E-002 -.2189652324778944E-001 -3.812569990761611 0.9643320277913103E-001 0.1119204937049011 0.8068845659215618
 3.000000000000000  3.000000000000000 -3.000000000000000  0.000000000000000 -1.518247124908087 -7.570192595682374 0.1403053613395166E-006 -.2512603742618048E-002 -.2253326510486676E-001 -3.798438370762399 0.9643320277913103E-001 0.7702680893037017E-002 0.7026667531096977
 3.000000000000000  4.000000000000000 -3.000000000000000  0.000000000000000 -.4537441163408086 -8.316740966709370 0.1403053613395166E-006 -.2188549325319657E-002 -.2317000696121716E-001 -3.784306343513789 0.9643320277913103E-001 -.9651513191882784E-001 0.5984489402978328
 4.000000000000000  0.000000000000000 -3.000000000000000  0.000000000000000 -2.681623174396288 -6.165519938859750 0.1403053613395166E-006 -.2867937990193967E-002 -.2133137045770032E-001 -3.833283867200420 0.9643320277913103E-001 0.2646178951442407 0.9595819673609012
 4.000000000000000  1.000000000000000 -3.000000000000000  0.000000000000000 -1.617120165829010 -6.912068309886739 0.1403053613395166E-006 -.2543883572922450E-002 -.2196811231515823E-001 -3.819152242557465 0.9643320277913103E-001 0.1604000823323755 0.8553641545490361
 4.000000000000000  2.000000000000000 -3.000000000000000  0.000000000000000 -.5526171572617314 -7.658616680913724 0.1403053613395166E-006 -.2219829155751195E-002 -.2260485417111501E-001 -3.805019598076831 0.9643320277913103E-001 0.5618226952051153E-001 0.7511463417371722
 4.000000000000000  3.000000000000000 -3.000000000000000  0.000000000000000 0.5118858513055482 -8.405165051940717 0.1403053613395166E-006 -.1895774738478258E-002 -.2324159602883354E-001 -3.790887575905890 0.9643320277913103E-001 -.4803554329135288E-001 0.6469285289253077
 4.000000000000000  4.000000000000000 -3.000000000000000  0.000000000000000  1.576388859872826 -9.151713422967715 0.1403053613395166E-006 -.1571720321293058E-002 -.2387833788473858E-001 -3.776754933636737 0.9643320277913103E-001 -.1522533561032177 0.5427107161134429
 0.000000000000000  0.000000000000000 -6.000000000000000  0.000000000000000 -12.43355305536372  3.164844857468685 0.1403053613395166E-006 -.5831319130711424E-002 -.1339730591388554E-001 -3.879279906750196 0.9643320277913103E-001 0.6040485739008761  1.299012646117537
 0.000000000000000  1.000000000000000 -6.000000000000000  0.000000000000000 -11.36905004679644  2.418296486441699 0.1403053613395166E-006 -.5507264713535708E-002 -.1403404776988945E-001 -3.865147265045136 0.9643320277913103E-001 0.4998307610890116  1.194794833305672
 0.000000000000000  2.000000000000000 -6.000000000000000  0.000000000000000 -10.30454703822916  1.671748115414706 0.1403053613395166E-006 -.5183210296353213E-002 -.1467078962665408E-001 -3.851014620995968 0.9643320277913103E-001 0.3956129482771466  1.090577020493807
 0.000000000000000  3.000000000000000 -6.000000000000000  0.000000000000000 -9.240044029661881 0.9251997443877169 0.1403053613395166E-006 -.4859155879262688E-002 -.1530753148359773E-001 -3.836883615953589 0.9643320277913103E-001 0.2913951354652812 0.9863592076819419
 0.000000000000000  4.000000000000000 -6.000000000000000  0.000000000000000 -8.175541021094613 0.1786513733607288 0.1403053613395166E-006 -.4535101461866031E-002 -.1594427334034677E-001 -3.822751007880205 0.9643320277913103E-001 0.1871773226534174 0.8821413948700780
 1.000000000000000  0.000000000000000 -6.000000000000000  0.000000000000000 -10.40342007915008  2.329872401210352 0.1403053613395166E-006 -.5214490126727979E-002 -.1410563683685562E-001 -3.871728499400218 0.9643320277913103E-001 0.5483103497164858  1.243274421933146
 1.000000000000000  1.000000000000000 -6.000000000000000  0.000000000000000 -9.338917070582797  1.583324030183364 0.1403053613395166E-006 -.4890435709463938E-002 -.1474237869311379E-001 -3.857595854731299 0.9643320277913103E-001 0.4440925369046216  1.139056609121282
 1.000000000000000  2.000000000000000 -6.000000000000000  0.000000000000000 -8.274414062015522 0.8367756591563735 0.1403053613395166E-006 -.4566381292320619E-002 -.1537912055148032E-001 -3.843464850310915 0.9643320277913103E-001 0.3398747240927559  1.034838796309417
 1.000000000000000  3.000000000000000 -6.000000000000000  0.000000000000000 -7.209911053448252 0.9022728812938619E-001 0.1403053613395166E-006 -.4242326875010961E-002 -.1601586240757187E-001 -3.829332206476610 0.9643320277913103E-001 0.2356569112808919 0.9306209834975525
 1.000000000000000  4.000000000000000 -6.000000000000000  0.000000000000000 -6.145408044880974 -.6563210828976065 0.1403053613395166E-006 -.3918272457852468E-002 -.1665260426389964E-001 -3.815199588543178 0.9643320277913103E-001 0.1314390984690273 0.8264031706856880
 2.000000000000000  0.000000000000000 -6.000000000000000  0.000000000000000 -8.373287102936450  1.494899944952019 0.1403053613395166E-006 -.4597661122578179E-002 -.1481396776051174E-001 -3.864178104947273 0.9643320277913103E-001 0.4925721255320959  1.187536197748756
 2.000000000000000  1.000000000000000 -6.000000000000000  0.000000000000000 -7.308784094369176 0.7483515739250247 0.1403053613395166E-006 -.4273606705396742E-002 -.1545070961731400E-001 -3.850046084100817 0.9643320277913103E-001 0.3883543127202313  1.083318384936892
 2.000000000000000  2.000000000000000 -6.000000000000000  0.000000000000000 -6.244281085801894 0.1803202898041728E-002 0.1403053613395166E-006 -.3949552288201842E-002 -.1608745147379375E-001 -3.835913440998607 0.9643320277913103E-001 0.2841364999083661 0.9791005721250268
 2.000000000000000  3.000000000000000 -6.000000000000000  0.000000000000000 -5.179778077234618 -.7447451681289508 0.1403053613395166E-006 -.3625497871011746E-002 -.1672419333055128E-001 -3.821780797135697 0.9643320277913103E-001 0.1799186870965021 0.8748827593131627
 2.000000000000000  4.000000000000000 -6.000000000000000  0.000000000000000 -4.115275068667336 -1.491293539155939 0.1403053613395166E-006 -.3301443453830309E-002 -.1736093518693717E-001 -3.807648793227139 0.9643320277913103E-001 0.7570087428463823E-001 0.7706649465012989
 3.000000000000000  0.000000000000000 -6.000000000000000  0.000000000000000 -6.343154126722819 0.6599274886936799 0.1403053613395166E-006 -.3980832118594153E-002 -.1552229868347647E-001 -3.856627255062004 0.9643320277913103E-001 0.4368339013477061  1.131797973564367
 3.000000000000000  1.000000000000000 -6.000000000000000  0.000000000000000 -5.278651118155542 -.8662088233330902E-001 0.1403053613395166E-006 -.3656777701332622E-002 -.1615904054026317E-001 -3.842494611365936 0.9643320277913103E-001 0.3326160885358406  1.027580160752501
 3.000000000000000  2.000000000000000 -6.000000000000000  0.000000000000000 -4.214148109588261 -.8331692533602987 0.1403053613395166E-006 -.3332723284111304E-002 -.1679578239800667E-001 -3.828361965945527 0.9643320277913103E-001 0.2283982757239773 0.9233623479406379
 3.000000000000000  3.000000000000000 -6.000000000000000  0.000000000000000 -3.149645101020982 -1.579717624387283 0.1403053613395166E-006 -.3008668866884121E-002 -.1743252425356968E-001 -3.814229946469968 0.9643320277913103E-001 0.1241804629121127 0.8191445351287734
 3.000000000000000  4.000000000000000 -6.000000000000000  0.000000000000000 -2.085142092453701 -2.326265995414275 0.1403053613395166E-006 -.2684614449842553E-002 -.1806926611097679E-001 -3.800097375162054 0.9643320277913103E-001 0.1996265010024888E-001 0.7149267223169096
 4.000000000000000  0.000000000000000 -6.000000000000000  0.000000000000000 -4.313021150509182 -.1750449675646465 0.1403053613395166E-006 -.3364003114395263E-002 -.1623062960784342E-001 -3.849075844024848 0.9643320277913103E-001 0.3810956771633159  1.076059749379976
 4.000000000000000  1.000000000000000 -6.000000000000000  0.000000000000000 -3.248518141941901 -.9215933385916367 0.1403053613395166E-006 -.3039948697254379E-002 -.1686737146452261E-001 -3.834943201109149 0.9643320277913103E-001 0.2768778643514518 0.9718419365681124
 4.000000000000000  2.000000000000000 -6.000000000000000  0.000000000000000 -2.184015133374625 -1.668141709618627 0.1403053613395166E-006 -.2715894280078417E-002 -.1750411332125529E-001 -3.820811180044211 0.9643320277913103E-001 0.1726600515395877 0.8676241237562484
 4.000000000000000  3.000000000000000 -6.000000000000000  0.000000000000000 -1.119512124807345 -2.414690080645615 0.1403053613395166E-006 -.2391839862886395E-002 -.1814085517746894E-001 -3.806678536967766 0.9643320277913103E-001 0.6844223872772306E-001 0.7634063109443837
 4.000000000000000  4.000000000000000 -6.000000000000000  0.000000000000000 -.5500911624006627E-001 -3.161238451672607 0.1403053613395166E-006 -.2067785445510826E-002 -.1877759703360747E-001 -3.792545892736302 0.9643320277913103E-001 -.3577557408414123E-001 0.6591884981325195
 0.000000000000000  0.000000000000000 -9.000000000000000  0.000000000000000 -14.06495103147662  9.155319828763783 0.1403053613395166E-006 -.6327384254982579E-002 -.8296565062947237E-002 -3.895071885271137 0.9643320277913103E-001 0.7205263559199524  1.415490428136613
 0.000000000000000  1.000000000000000 -9.000000000000000  0.000000000000000 -13.00044802290933  8.408771457736792 0.1403053613395166E-006 -.6003329837859484E-002 -.8933306919811231E-002 -3.880939304580725 0.9643320277913103E-001 0.6163085431080876  1.311272615324748
 0.000000000000000  2.000000000000000 -9.000000000000000  0.000000000000000 -11.93594501434206  7.662223086709800 0.1403053613395166E-006 -.5679275420666083E-002 -.9570048776637443E-002 -3.866806662558590 0.9643320277913103E-001 0.5120907302962220  1.207054802512883
 0.000000000000000  3.000000000000000 -9.000000000000000  0.000000000000000 -10.87144200577477  6.915674715682814 0.1403053613395166E-006 -.5355221003411926E-002 -.1020679063301619E-001 -3.852674640065922 0.9643320277913103E-001 0.4078729174843579  1.102836989701018
 0.000000000000000  4.000000000000000 -9.000000000000000  0.000000000000000 -9.806938997207501  6.169126344655830 0.1403053613395166E-006 -.5031166586354515E-002 -.1084353249051536E-001 -3.838541996446410 0.9643320277913103E-001 0.3036551046724930 0.9986191768891535
 1.000000000000000  0.000000000000000 -9.000000000000000  0.000000000000000 -12.03481805526298  8.320347372505458 0.1403053613395166E-006 -.5710555251078222E-002 -.9004895986843923E-002 -3.887520474012387 0.9643320277913103E-001 0.6647881317355631  1.359752203952224
 1.000000000000000  1.000000000000000 -9.000000000000000  0.000000000000000 -10.97031504669571  7.573799001478461 0.1403053613395166E-006 -.5386500833831061E-002 -.9641637843147971E-002 -3.873387829525112 0.9643320277913103E-001 0.5605703189236971  1.255534391140358
 1.000000000000000  2.000000000000000 -9.000000000000000  0.000000000000000 -9.905812038128422  6.827250630451472 0.1403053613395166E-006 -.5062446416589348E-002 -.1027837969944711E-001 -3.859255808682167 0.9643320277913103E-001 0.4563525061118324  1.151316578328493
 1.000000000000000  3.000000000000000 -9.000000000000000  0.000000000000000 -8.841309029561137  6.080702259424485 0.1403053613395166E-006 -.4738391999475653E-002 -.1091512155664446E-001 -3.845123166982499 0.9643320277913103E-001 0.3521346932999674  1.047098765516628
 1.000000000000000  4.000000000000000 -9.000000000000000  0.000000000000000 -7.776806020993851  5.334153888397491 0.1403053613395166E-006 -.4414337582139411E-002 -.1155186341372194E-001 -3.830990522937800 0.9643320277913103E-001 0.2479168804881034 0.9428809527047639
 2.000000000000000  0.000000000000000 -9.000000000000000  0.000000000000000 -10.00468507904935  7.485374916247121 0.1403053613395166E-006 -.5093726246836586E-002 -.9713226909632767E-002 -3.879969064666425 0.9643320277913103E-001 0.6090499075511723  1.304013979767833
 2.000000000000000  1.000000000000000 -9.000000000000000  0.000000000000000 -8.940182070482066  6.738826545220133 0.1403053613395166E-006 -.4769671829674796E-002 -.1034996876722595E-001 -3.865837045253796 0.9643320277913103E-001 0.5048320947393076  1.199796166955968
 2.000000000000000  2.000000000000000 -9.000000000000000  0.000000000000000 -7.875679061914784  5.992278174193142 0.1403053613395166E-006 -.4445617412512651E-002 -.1098671062337806E-001 -3.851704400558533 0.9643320277913103E-001 0.4006142819274426  1.095578354144103
 2.000000000000000  3.000000000000000 -9.000000000000000  0.000000000000000 -6.811176053347510  5.245729803166145 0.1403053613395166E-006 -.4121562995307995E-002 -.1162345247963525E-001 -3.837571756289651 0.9643320277913103E-001 0.2963964691155779 0.9913605413322384
 2.000000000000000  4.000000000000000 -9.000000000000000  0.000000000000000 -5.746673044780234  4.499181432139162 0.1403053613395166E-006 -.3797508578135184E-002 -.1226019433651856E-001 -3.823439735658404 0.9643320277913103E-001 0.1921786563037138 0.8871427285203745
 3.000000000000000  0.000000000000000 -9.000000000000000  0.000000000000000 -7.974552102835714  6.650402459988784 0.1403053613395166E-006 -.4476897242868083E-002 -.1042155783358475E-001 -3.872418277266867 0.9643320277913103E-001 0.5533116833667828  1.248275755583443
 3.000000000000000  1.000000000000000 -9.000000000000000  0.000000000000000 -6.910049094268429  5.903854088961788 0.1403053613395166E-006 -.4152842825718231E-002 -.1105829969021511E-001 -3.858285634566376 0.9643320277913103E-001 0.4490938705549182  1.144057942771579
 3.000000000000000  2.000000000000000 -9.000000000000000  0.000000000000000 -5.845546085701152  5.157305717934796 0.1403053613395166E-006 -.3828788408451124E-002 -.1169504154639400E-001 -3.844152990516556 0.9643320277913103E-001 0.3448760577430522  1.039840129959713
 3.000000000000000  3.000000000000000 -9.000000000000000  0.000000000000000 -4.781043077133869  4.410757346907818 0.1403053613395166E-006 -.3504733991285845E-002 -.1233178340311888E-001 -3.830020970454522 0.9643320277913103E-001 0.2406582449311884 0.9356223171478490
 3.000000000000000  4.000000000000000 -9.000000000000000  0.000000000000000 -3.716540068566594  3.664208975880830 0.1403053613395166E-006 -.3180679574061449E-002 -.1296852526067172E-001 -3.815889343160171 0.9643320277913103E-001 0.1364404321193241 0.8314045043359848
 4.000000000000000  0.000000000000000 -9.000000000000000  0.000000000000000 -5.944419126622077  5.815430003730446 0.1403053613395166E-006 -.3860068240656783E-002 -.1112988875700072E-001 -3.864866868354849 0.9643320277913103E-001 0.4975734591823928  1.192537531399053
 4.000000000000000  1.000000000000000 -9.000000000000000  0.000000000000000 -4.879916118054802  5.068881632703461 0.1403053613395166E-006 -.3536013821521081E-002 -.1176663061392760E-001 -3.850734224653625 0.9643320277913103E-001 0.3933556463705274  1.088319718587188
 4.000000000000000  2.000000000000000 -9.000000000000000  0.000000000000000 -3.815413109487515  4.322333261676477 0.1403053613395166E-006 -.3211959405180818E-002 -.1240337247034804E-001 -3.836602202808119 0.9643320277913103E-001 0.2891378335586627 0.9841019057753233
 4.000000000000000  3.000000000000000 -9.000000000000000  0.000000000000000 -2.750910100920235  3.575784890649484 0.1403053613395166E-006 -.2887904987147184E-002 -.1304011432651104E-001 -3.822470576158107 0.9643320277913103E-001 0.1849200207467990 0.8798840929634597
 4.000000000000000  4.000000000000000 -9.000000000000000  0.000000000000000 -1.686407092352957  2.829236519622499 0.1403053613395166E-006 -.2563850568839752E-002 -.1367685618306168E-001 -3.808337933076487 0.9643320277913103E-001 0.8070220793493416E-001 0.7756662801515948
 0.000000000000000  0.000000000000000 -12.00000000000000  0.000000000000000 -15.69634900758950  15.14579480005888 0.1403053613395166E-006 -.6823449379427642E-002 -.3195824211755265E-002 -3.910862907604467 0.9643320277913103E-001 0.8370041379390291  1.531968210155690
 0.000000000000000  1.000000000000000 -12.00000000000000  0.000000000000000 -14.63184599902223  14.39924642903189 0.1403053613395166E-006 -.6499394962143079E-002 -.3832566069623283E-002 -3.896730262440592 0.9643320277913103E-001 0.7327863251271645  1.427750397343825
 0.000000000000000  2.000000000000000 -12.00000000000000  0.000000000000000 -13.56734299045496  13.65269805800491 0.1403053613395166E-006 -.6175340545937928E-002 -.4469307924876093E-002 -3.882598244221649 0.9643320277913103E-001 0.6285685123152996  1.323532584531960
 0.000000000000000  3.000000000000000 -12.00000000000000  0.000000000000000 -12.50283998188766  12.90614968697791 0.1403053613395166E-006 -.5851286127832354E-002 -.5106049782735313E-002 -3.868465598872440 0.9643320277913103E-001 0.5243506995034344  1.219314771720095
 0.000000000000000  4.000000000000000 -12.00000000000000  0.000000000000000 -11.43833697332039  12.15960131595092 0.1403053613395166E-006 -.5527231710668127E-002 -.5742791639414510E-002 -3.854332955826501 0.9643320277913103E-001 0.4201328866915696  1.115096958908230
 1.000000000000000  0.000000000000000 -12.00000000000000  0.000000000000000 -13.66621603137587  14.31082234380055 0.1403053613395166E-006 -.6206620375408223E-002 -.3904155136004566E-002 -3.903311498345789 0.9643320277913103E-001 0.7812659137546398  1.476229985971301
 1.000000000000000  1.000000000000000 -12.00000000000000  0.000000000000000 -12.60171302280860  13.56427397277355 0.1403053613395166E-006 -.5882565959062453E-002 -.4540896992526262E-002 -3.889179476929922 0.9643320277913103E-001 0.6770481009427743  1.372012173159435
 1.000000000000000  2.000000000000000 -12.00000000000000  0.000000000000000 -11.53721001424132  12.81772560174657 0.1403053613395166E-006 -.5558511540915437E-002 -.5177638849069699E-002 -3.875046833604325 0.9643320277913103E-001 0.5728302881309092  1.267794360347570
 1.000000000000000  3.000000000000000 -12.00000000000000  0.000000000000000 -10.47270700567404  12.07117723071958 0.1403053613395166E-006 -.5234457123708294E-002 -.5814380705992166E-002 -3.860915206764780 0.9643320277913103E-001 0.4686124753190442  1.163576547535705
 1.000000000000000  4.000000000000000 -12.00000000000000  0.000000000000000 -9.408203997106755  11.32462885969260 0.1403053613395166E-006 -.4910402706552909E-002 -.6451122562358134E-002 -3.846782561708944 0.9643320277913103E-001 0.3643946625071794  1.059358734723840
 2.000000000000000  0.000000000000000 -12.00000000000000  0.000000000000000 -11.63608305516223  13.47584988754221 0.1403053613395166E-006 -.5589791372918525E-002 -.4612486060083752E-002 -3.895760646331257 0.9643320277913103E-001 0.7255276895702493  1.420491761786910
 2.000000000000000  1.000000000000000 -12.00000000000000  0.000000000000000 -10.57158004659496  12.72930151651523 0.1403053613395166E-006 -.5265736954074169E-002 -.5249227915637235E-002 -3.881628001764569 0.9643320277913103E-001 0.6213098767583841  1.316273948975045
 2.000000000000000  2.000000000000000 -12.00000000000000  0.000000000000000 -9.507077038027683  11.98275314548824 0.1403053613395166E-006 -.4941682536830671E-002 -.5885969771867785E-002 -3.867496375352057 0.9643320277913103E-001 0.5170920639465192  1.212056136163180
 2.000000000000000  3.000000000000000 -12.00000000000000  0.000000000000000 -8.442574029460399  11.23620477446124 0.1403053613395166E-006 -.4617628119621513E-002 -.6522711629813658E-002 -3.853363732332824 0.9643320277913103E-001 0.4128742511346537  1.107838323351314
 2.000000000000000  4.000000000000000 -12.00000000000000  0.000000000000000 -7.378071020893122  10.48965640343425 0.1403053613395166E-006 -.4293573702393571E-002 -.7159453485894592E-002 -3.839231711840212 0.9643320277913103E-001 0.3086564383227893  1.003620510539450
 3.000000000000000  0.000000000000000 -12.00000000000000  0.000000000000000 -9.605950078948597  12.64087743128387 0.1403053613395166E-006 -.4972962367109962E-002 -.5320816982890833E-002 -3.888210255005251 0.9643320277913103E-001 0.6697894653858590  1.364753537602520
 3.000000000000000  1.000000000000000 -12.00000000000000  0.000000000000000 -8.541447070381325  11.89432906025688 0.1403053613395166E-006 -.4648907949960805E-002 -.5957558839723787E-002 -3.874077611735419 0.9643320277913103E-001 0.5655716525739939  1.260535724790655
 3.000000000000000  2.000000000000000 -12.00000000000000  0.000000000000000 -7.476944061814047  11.14778068922990 0.1403053613395166E-006 -.4324853532770760E-002 -.6594300696065205E-002 -3.859944968040474 0.9643320277913103E-001 0.4613538397621291  1.156317911978790
 3.000000000000000  3.000000000000000 -12.00000000000000  0.000000000000000 -6.412441053246766  10.40123231820291 0.1403053613395166E-006 -.4000799115586173E-002 -.7231042553470133E-002 -3.845812945813224 0.9643320277913103E-001 0.3571360269502646  1.052100099166925
 3.000000000000000  4.000000000000000 -12.00000000000000  0.000000000000000 -5.347938044679488  9.654683947175926 0.1403053613395166E-006 -.3676744698380019E-002 -.7867784408872062E-002 -3.831680302361224 0.9643320277913103E-001 0.2529182141383994 0.9478822863550600
 4.000000000000000  0.000000000000000 -12.00000000000000  0.000000000000000 -7.575817102734966  11.80590497502554 0.1403053613395166E-006 -.4356133363112918E-002 -.6029147906142205E-002 -3.880658844853679 0.9643320277913103E-001 0.6140512412014694  1.309015313418130
 4.000000000000000  1.000000000000000 -12.00000000000000  0.000000000000000 -6.511314094167684  11.05935660399856 0.1403053613395166E-006 -.4032078945947244E-002 -.6665889762138016E-002 -3.866526201178800 0.9643320277913103E-001 0.5098334283896043  1.204797500606265
 4.000000000000000  2.000000000000000 -12.00000000000000  0.000000000000000 -5.446811085600407  10.31280823297157 0.1403053613395166E-006 -.3708024528731802E-002 -.7302631619939702E-002 -3.852394179189864 0.9643320277913103E-001 0.4056156155777392  1.100579687794400
 4.000000000000000  3.000000000000000 -12.00000000000000  0.000000000000000 -4.382308077033130  9.566259861944580 0.1403053613395166E-006 -.3383970111496333E-002 -.7939373477071889E-002 -3.838261534935620 0.9643320277913103E-001 0.3013978027658749 0.9963618749825354
 4.000000000000000  4.000000000000000 -12.00000000000000  0.000000000000000 -3.317805068465852  8.819711490917593 0.1403053613395166E-006 -.3059915694282512E-002 -.8576115332828710E-002 -3.824128892232686 0.9643320277913103E-001 0.1971799899540103 0.8921440621706710
