 SGx1               SGx2               SGy1               SGy2               spin_ref          spin_x                  spin_y                  spin_z
 0.000000000000000  0.000000000000000  0.000000000000000  0.000000000000000  0.000000000000000 -.3373639302918557E-007 -.8278794907335289E-007 -.6142611327159664E-007
 0.000000000000000 0.1000000000000000E-002  0.000000000000000  0.000000000000000  0.000000000000000 -.1006490366577860E-006 0.3173722077330341E-007 -.6369687166468510E-007
 0.000000000000000 0.2000000000000000E-002  0.000000000000000  0.000000000000000  0.000000000000000 -.1675059985896285E-006 0.1462625516012413E-006 -.6596766149636376E-007
 0.000000000000000 0.3000000000000000E-002  0.000000000000000  0.000000000000000  0.000000000000000 -.2343072788216869E-006 0.2607880434316266E-006 -.6823848634997037E-007
 0.000000000000000 0.4000000000000000E-002  0.000000000000000  0.000000000000000  0.000000000000000 -.3010528773562975E-006 0.3753136962389084E-006 -.7050934352506000E-007
0.1000000000000000E-002  0.000000000000000  0.000000000000000  0.000000000000000  0.000000000000000 -.2366420704389541E-006 0.1206632348566641E-006 -.6335146165914286E-007
0.1000000000000000E-002 0.1000000000000000E-002  0.000000000000000  0.000000000000000  0.000000000000000 -.3034858371933634E-006 0.2351884960628169E-006 -.6562224029370650E-007
0.1000000000000000E-002 0.2000000000000000E-002  0.000000000000000  0.000000000000000  0.000000000000000 -.3702739222478486E-006 0.3497139182618259E-006 -.6789305219467602E-007
0.1000000000000000E-002 0.3000000000000000E-002  0.000000000000000  0.000000000000000  0.000000000000000 -.4370063256064179E-006 0.4642395014520592E-006 -.7016390130850302E-007
0.1000000000000000E-002 0.4000000000000000E-002  0.000000000000000  0.000000000000000  0.000000000000000 -.5036830472678694E-006 0.5787652456243561E-006 -.7243477809512654E-007
0.2000000000000000E-002  0.000000000000000  0.000000000000000  0.000000000000000  0.000000000000000 -.4396418306341460E-006 0.3241148047244237E-006 -.6527682941291924E-007
0.2000000000000000E-002 0.1000000000000000E-002  0.000000000000000  0.000000000000000  0.000000000000000 -.5064167205005793E-006 0.4386401573039496E-006 -.6754762530116630E-007
0.2000000000000000E-002 0.2000000000000000E-002  0.000000000000000  0.000000000000000  0.000000000000000 -.5731359286849822E-006 0.5531656708655762E-006 -.6981846181008610E-007
0.2000000000000000E-002 0.3000000000000000E-002  0.000000000000000  0.000000000000000  0.000000000000000 -.6397994551729955E-006 0.6676913454278196E-006 -.7208932867702428E-007
0.2000000000000000E-002 0.4000000000000000E-002  0.000000000000000  0.000000000000000  0.000000000000000 -.7064072999539588E-006 0.7822171809544244E-006 -.7436022921838676E-007
0.3000000000000000E-002  0.000000000000000  0.000000000000000  0.000000000000000  0.000000000000000 -.6427356735923599E-006 0.5275667605520977E-006 -.6720220687561372E-007
0.3000000000000000E-002 0.1000000000000000E-002  0.000000000000000  0.000000000000000  0.000000000000000 -.7094416866024346E-006 0.6420922044915752E-006 -.6947302511462959E-007
0.3000000000000000E-002 0.2000000000000000E-002  0.000000000000000  0.000000000000000  0.000000000000000 -.7760920178896055E-006 0.7566178093942011E-006 -.7174388756363331E-007
0.3000000000000000E-002 0.3000000000000000E-002  0.000000000000000  0.000000000000000  0.000000000000000 -.8426866675042108E-006 0.8711435753506594E-006 -.7401477645657895E-007
0.3000000000000000E-002 0.4000000000000000E-002  0.000000000000000  0.000000000000000  0.000000000000000 -.9092256354122866E-006 0.9856695022522670E-006 -.7628569739833891E-007
0.4000000000000000E-002  0.000000000000000  0.000000000000000  0.000000000000000  0.000000000000000 -.8459235993270305E-006 0.7310191023182524E-006 -.6912759833519328E-007
0.4000000000000000E-002 0.1000000000000000E-002  0.000000000000000  0.000000000000000  0.000000000000000 -.9125607354538379E-006 0.8455446376045687E-006 -.7139844280504387E-007
0.4000000000000000E-002 0.2000000000000000E-002  0.000000000000000  0.000000000000000  0.000000000000000 -.9791421898975442E-006 0.9600703339443305E-006 -.7366931982979321E-007
0.4000000000000000E-002 0.3000000000000000E-002  0.000000000000000  0.000000000000000  0.000000000000000 -.1045667962639001E-005 0.1074596191208205E-005 -.7594023246996606E-007
0.4000000000000000E-002 0.4000000000000000E-002  0.000000000000000  0.000000000000000  0.000000000000000 -.1112138053660910E-005 0.1189122209481402E-005 -.7821117890172209E-007
 0.000000000000000  0.000000000000000 -.2000000000000000E-002  0.000000000000000  0.000000000000000 0.8973403438772257E-007 -.1186286316358129E-005 -.5838861825878996E-007
 0.000000000000000 0.1000000000000000E-002 -.2000000000000000E-002  0.000000000000000  0.000000000000000 0.2276410876570767E-007 -.1071762079128396E-005 -.6065934354639601E-007
 0.000000000000000 0.2000000000000000E-002 -.2000000000000000E-002  0.000000000000000  0.000000000000000 -.4415013516083597E-007 -.9572376808971633E-006 -.6293010080241804E-007
 0.000000000000000 0.3000000000000000E-002 -.2000000000000000E-002  0.000000000000000  0.000000000000000 -.1110086973891400E-006 -.8427131216694212E-006 -.6520089112379926E-007
 0.000000000000000 0.4000000000000000E-002 -.2000000000000000E-002  0.000000000000000  0.000000000000000 -.1778115779223185E-006 -.7281884014630452E-006 -.6747171351182923E-007
0.1000000000000000E-002  0.000000000000000 -.2000000000000000E-002  0.000000000000000  0.000000000000000 -.1131609821722057E-006 -.9828361529915217E-006 -.6031394631303696E-007
0.1000000000000000E-002 0.1000000000000000E-002 -.2000000000000000E-002  0.000000000000000  0.000000000000000 -.1800620309170607E-006 -.8683118243952956E-006 -.6258469078324308E-007
0.1000000000000000E-002 0.2000000000000000E-002 -.2000000000000000E-002  0.000000000000000  0.000000000000000 -.2469073979712279E-006 -.7537873347965486E-006 -.6485546793396400E-007
0.1000000000000000E-002 0.3000000000000000E-002 -.2000000000000000E-002  0.000000000000000  0.000000000000000 -.3136970833249621E-006 -.6392626842107370E-006 -.6712628169675476E-007
0.1000000000000000E-002 0.4000000000000000E-002 -.2000000000000000E-002  0.000000000000000  0.000000000000000 -.3804310869826170E-006 -.5247378726309243E-006 -.6939712495699246E-007
0.2000000000000000E-002  0.000000000000000 -.2000000000000000E-002  0.000000000000000  0.000000000000000 -.3161500815148069E-006 -.7793856036743855E-006 -.6223929023910558E-007
0.2000000000000000E-002 0.1000000000000000E-002 -.2000000000000000E-002  0.000000000000000  0.000000000000000 -.3829822533914942E-006 -.6648611837223036E-006 -.6451005340780391E-007
0.2000000000000000E-002 0.2000000000000000E-002 -.2000000000000000E-002  0.000000000000000  0.000000000000000 -.4497587435558576E-006 -.5503366027382549E-006 -.6678085304575516E-007
0.2000000000000000E-002 0.3000000000000000E-002 -.2000000000000000E-002  0.000000000000000  0.000000000000000 -.5164795520364449E-006 -.4358118607939013E-006 -.6905168691295808E-007
0.2000000000000000E-002 0.4000000000000000E-002 -.2000000000000000E-002  0.000000000000000  0.000000000000000 -.5831446788197215E-006 -.3212869578543387E-006 -.7132255472757698E-007
0.3000000000000000E-002  0.000000000000000 -.2000000000000000E-002  0.000000000000000  0.000000000000000 -.5192332636263331E-006 -.5759346684020867E-006 -.6416464551678877E-007
0.3000000000000000E-002 0.1000000000000000E-002 -.2000000000000000E-002  0.000000000000000  0.000000000000000 -.5859965586171751E-006 -.4614101570644235E-006 -.6643543208615130E-007
0.3000000000000000E-002 0.2000000000000000E-002 -.2000000000000000E-002  0.000000000000000  0.000000000000000 -.6527041719304163E-006 -.3468854847540660E-006 -.6870625574181576E-007
0.3000000000000000E-002 0.3000000000000000E-002 -.2000000000000000E-002  0.000000000000000  0.000000000000000 -.7193561035128920E-006 -.2323606514358044E-006 -.7097711221984454E-007
0.3000000000000000E-002 0.4000000000000000E-002 -.2000000000000000E-002  0.000000000000000  0.000000000000000 -.7859523534333262E-006 -.1178356571244899E-006 -.7324800275346834E-007
0.4000000000000000E-002  0.000000000000000 -.2000000000000000E-002  0.000000000000000  0.000000000000000 -.7224105285088088E-006 -.3724833472006000E-006 -.6609001559573686E-007
0.4000000000000000E-002 0.1000000000000000E-002 -.2000000000000000E-002  0.000000000000000  0.000000000000000 -.7891049466574805E-006 -.2579587444800741E-006 -.6836082523355059E-007
0.4000000000000000E-002 0.2000000000000000E-002 -.2000000000000000E-002  0.000000000000000  0.000000000000000 -.8557436830681574E-006 -.1434339808167604E-006 -.7063167165901314E-007
0.4000000000000000E-002 0.3000000000000000E-002 -.2000000000000000E-002  0.000000000000000  0.000000000000000 -.9223267377888718E-006 -.2890905612947471E-007 -.7290254710943210E-007
0.4000000000000000E-002 0.4000000000000000E-002 -.2000000000000000E-002  0.000000000000000  0.000000000000000 -.9888541108226269E-006 0.8561602954620995E-007 -.7517346028403625E-007
 0.000000000000000  0.000000000000000 -.4000000000000000E-002  0.000000000000000  0.000000000000000 0.2132262690777420E-006 -.2289780741088514E-005 -.5535116122924804E-007
 0.000000000000000 0.1000000000000000E-002 -.4000000000000000E-002  0.000000000000000  0.000000000000000 0.1461990614591819E-006 -.2175257436435431E-005 -.5762184856144114E-007
 0.000000000000000 0.2000000000000000E-002 -.4000000000000000E-002  0.000000000000000  0.000000000000000 0.7922753553509910E-007 -.2060733970810319E-005 -.5989257074512535E-007
 0.000000000000000 0.3000000000000000E-002 -.4000000000000000E-002  0.000000000000000  0.000000000000000 0.1231169131013791E-007 -.1946210344186385E-005 -.6216332528590695E-007
 0.000000000000000 0.4000000000000000E-002 -.4000000000000000E-002  0.000000000000000  0.000000000000000 -.5454847122024485E-007 -.1831686556570895E-005 -.6443411286835220E-007
0.1000000000000000E-002  0.000000000000000 -.4000000000000000E-002  0.000000000000000  0.000000000000000 0.1034191336513230E-007 -.2086331598267589E-005 -.5727646320375044E-007
0.1000000000000000E-002 0.1000000000000000E-002 -.4000000000000000E-002  0.000000000000000  0.000000000000000 -.5661641737603821E-007 -.1971808202247976E-005 -.5954717257924024E-007
0.1000000000000000E-002 0.2000000000000000E-002 -.4000000000000000E-002  0.000000000000000  0.000000000000000 -.1235190664218847E-006 -.1857284645267142E-005 -.6181791612538431E-007
0.1000000000000000E-002 0.3000000000000000E-002 -.4000000000000000E-002  0.000000000000000  0.000000000000000 -.1903660337716819E-006 -.1742760927287026E-005 -.6408869771849247E-007
0.1000000000000000E-002 0.4000000000000000E-002 -.4000000000000000E-002  0.000000000000000  0.000000000000000 -.2571573194278649E-006 -.1628237048307011E-005 -.6635950923032158E-007
0.2000000000000000E-002  0.000000000000000 -.4000000000000000E-002  0.000000000000000  0.000000000000000 -.1926365251126591E-006 -.1882882069487965E-005 -.5920178472149200E-007
0.2000000000000000E-002 0.1000000000000000E-002 -.4000000000000000E-002  0.000000000000000  0.000000000000000 -.2595259789887558E-006 -.1768358582141678E-005 -.6147251738357524E-007
0.2000000000000000E-002 0.2000000000000000E-002 -.4000000000000000E-002  0.000000000000000  0.000000000000000 -.3263597511493868E-006 -.1653834933772787E-005 -.6374328148035639E-007
0.2000000000000000E-002 0.3000000000000000E-002 -.4000000000000000E-002  0.000000000000000  0.000000000000000 -.3931378416358967E-006 -.1539311124417209E-005 -.6601407829131650E-007
0.2000000000000000E-002 0.4000000000000000E-002 -.4000000000000000E-002  0.000000000000000  0.000000000000000 -.4598602504126517E-006 -.1424787154083618E-005 -.6828491313679889E-007
0.3000000000000000E-002  0.000000000000000 -.4000000000000000E-002  0.000000000000000  0.000000000000000 -.3957090463920331E-006 -.1679432154771381E-005 -.6112711226117445E-007
0.3000000000000000E-002 0.1000000000000000E-002 -.4000000000000000E-002  0.000000000000000  0.000000000000000 -.4625296233752582E-006 -.1564908576060222E-005 -.6339787476627204E-007
0.3000000000000000E-002 0.2000000000000000E-002 -.4000000000000000E-002  0.000000000000000  0.000000000000000 -.5292945186853172E-006 -.1450384836331466E-005 -.6566865771270221E-007
0.3000000000000000E-002 0.3000000000000000E-002 -.4000000000000000E-002  0.000000000000000  0.000000000000000 -.5960037322881755E-006 -.1335860935600106E-005 -.6793948177618333E-007
0.3000000000000000E-002 0.4000000000000000E-002 -.4000000000000000E-002  0.000000000000000  0.000000000000000 -.6626572641812672E-006 -.1221336873914143E-005 -.7021033590586145E-007
0.4000000000000000E-002  0.000000000000000 -.4000000000000000E-002  0.000000000000000  0.000000000000000 -.5988756504391158E-006 -.1475981854125932E-005 -.6305246718489702E-007
0.4000000000000000E-002 0.1000000000000000E-002 -.4000000000000000E-002  0.000000000000000  0.000000000000000 -.6656273505356019E-006 -.1361458184053678E-005 -.6532324344228446E-007
0.4000000000000000E-002 0.2000000000000000E-002 -.4000000000000000E-002  0.000000000000000  0.000000000000000 -.7323233689567877E-006 -.1246934352942942E-005 -.6759405418029312E-007
0.4000000000000000E-002 0.3000000000000000E-002 -.4000000000000000E-002  0.000000000000000  0.000000000000000 -.7989637056879147E-006 -.1132410360872081E-005 -.6986489676482032E-007
0.4000000000000000E-002 0.4000000000000000E-002 -.4000000000000000E-002  0.000000000000000  0.000000000000000 -.8655483607179073E-006 -.1017886207808474E-005 -.7213577389412757E-007
 0.000000000000000  0.000000000000000 -.6000000000000000E-002  0.000000000000000  0.000000000000000 0.3367403110367413E-006 -.3393271223203379E-005 -.5231373431737565E-007
 0.000000000000000 0.1000000000000000E-002 -.6000000000000000E-002  0.000000000000000  0.000000000000000 0.2696558214217150E-006 -.3278748851163882E-005 -.5458438848029966E-007
 0.000000000000000 0.2000000000000000E-002 -.6000000000000000E-002  0.000000000000000  0.000000000000000 0.2026270135018574E-006 -.3164226318147703E-005 -.5685507153405496E-007
 0.000000000000000 0.3000000000000000E-002 -.6000000000000000E-002  0.000000000000000  0.000000000000000 0.1356538872797513E-006 -.3049703624132371E-005 -.5912579450012337E-007
 0.000000000000000 0.4000000000000000E-002 -.6000000000000000E-002  0.000000000000000  0.000000000000000 0.6873644275993184E-007 -.2935180769122915E-005 -.6139654146223384E-007
0.1000000000000000E-002  0.000000000000000 -.6000000000000000E-002  0.000000000000000  0.000000000000000 0.1338666161797730E-006 -.3189823100957732E-005 -.5423901414263497E-007
0.1000000000000000E-002 0.1000000000000000E-002 -.6000000000000000E-002  0.000000000000000  0.000000000000000 0.6685100343533026E-007 -.3075300637538013E-005 -.5650969281916370E-007
0.1000000000000000E-002 0.2000000000000000E-002 -.6000000000000000E-002  0.000000000000000  0.000000000000000 -.1089276069152709E-009 -.2960778013142518E-005 -.5878039978634671E-007
0.1000000000000000E-002 0.3000000000000000E-002 -.6000000000000000E-002  0.000000000000000  0.000000000000000 -.6701317695191423E-007 -.2846255227769793E-005 -.6105114358108089E-007
0.1000000000000000E-002 0.4000000000000000E-002 -.6000000000000000E-002  0.000000000000000  0.000000000000000 -.1338617446037332E-006 -.2731732281413875E-005 -.6332192146498360E-007
0.2000000000000000E-002  0.000000000000000 -.6000000000000000E-002  0.000000000000000  0.000000000000000 -.6910116146529891E-007 -.2986374592740207E-005 -.5616431122115843E-007
0.2000000000000000E-002 0.1000000000000000E-002 -.6000000000000000E-002  0.000000000000000  0.000000000000000 -.1360478973291935E-006 -.2871852037970573E-005 -.5843501106234490E-007
0.2000000000000000E-002 0.2000000000000000E-002 -.6000000000000000E-002  0.000000000000000  0.000000000000000 -.2029389514960527E-006 -.2757329322211287E-005 -.6070573937182726E-007
0.2000000000000000E-002 0.3000000000000000E-002 -.6000000000000000E-002  0.000000000000000  0.000000000000000 -.2697743239692756E-006 -.2642806445456737E-005 -.6297650461343486E-007
0.2000000000000000E-002 0.4000000000000000E-002 -.6000000000000000E-002  0.000000000000000  0.000000000000000 -.3365540147403168E-006 -.2528283407716309E-005 -.6524730345901236E-007
0.3000000000000000E-002  0.000000000000000 -.6000000000000000E-002  0.000000000000000  0.000000000000000 -.2721630218685748E-006 -.2782925698561567E-005 -.5808962642735990E-007
0.3000000000000000E-002 0.1000000000000000E-002 -.6000000000000000E-002  0.000000000000000  0.000000000000000 -.3390408808744258E-006 -.2668403052443394E-005 -.6036034673471702E-007
0.3000000000000000E-002 0.2000000000000000E-002 -.6000000000000000E-002  0.000000000000000  0.000000000000000 -.4058630581391748E-006 -.2553880245319832E-005 -.6263109552246788E-007
0.3000000000000000E-002 0.3000000000000000E-002 -.6000000000000000E-002  0.000000000000000  0.000000000000000 -.4726295537511093E-006 -.2439357277185124E-005 -.6490188293939328E-007
0.3000000000000000E-002 0.4000000000000000E-002 -.6000000000000000E-002  0.000000000000000  0.000000000000000 -.5393403676643100E-006 -.2324834148096887E-005 -.6717270663260667E-007
0.4000000000000000E-002  0.000000000000000 -.6000000000000000E-002  0.000000000000000  0.000000000000000 -.4753189650564307E-006 -.2579476418475534E-005 -.6001495452472457E-007
0.4000000000000000E-002 0.1000000000000000E-002 -.6000000000000000E-002  0.000000000000000  0.000000000000000 -.5421279471723933E-006 -.2464953680990763E-005 -.6228569662418855E-007
0.4000000000000000E-002 0.2000000000000000E-002 -.6000000000000000E-002  0.000000000000000  0.000000000000000 -.6088812476003305E-006 -.2350430782495110E-005 -.6455647134489548E-007
0.4000000000000000E-002 0.3000000000000000E-002 -.6000000000000000E-002  0.000000000000000  0.000000000000000 -.6755788663288033E-006 -.2235907723032794E-005 -.6682728023618299E-007
0.4000000000000000E-002 0.4000000000000000E-002 -.6000000000000000E-002  0.000000000000000  0.000000000000000 -.7422208033298440E-006 -.2121384502556084E-005 -.6909812265678763E-007
 0.000000000000000  0.000000000000000 -.8000000000000000E-002  0.000000000000000  0.000000000000000 0.4602761602651235E-006 -.4496757762706786E-005 -.4927633726700645E-007
 0.000000000000000 0.1000000000000000E-002 -.8000000000000000E-002  0.000000000000000  0.000000000000000 0.3931343886519701E-006 -.4382236323265859E-005 -.5154695752254085E-007
 0.000000000000000 0.2000000000000000E-002 -.8000000000000000E-002  0.000000000000000  0.000000000000000 0.3260482987385061E-006 -.4267714722873105E-005 -.5381760865284350E-007
 0.000000000000000 0.3000000000000000E-002 -.8000000000000000E-002  0.000000000000000  0.000000000000000 0.2590178905191073E-006 -.4153192961470841E-005 -.5608829649218019E-007
 0.000000000000000 0.4000000000000000E-002 -.8000000000000000E-002  0.000000000000000  0.000000000000000 0.1920431640005395E-006 -.4038671039055666E-005 -.5835901632378203E-007
0.1000000000000000E-002  0.000000000000000 -.8000000000000000E-002  0.000000000000000  0.000000000000000 0.2574131262525014E-006 -.4293310660977024E-005 -.5120160134842422E-007
0.1000000000000000E-002 0.1000000000000000E-002 -.8000000000000000E-002  0.000000000000000  0.000000000000000 0.1903402315227280E-006 -.4178789130255118E-005 -.5347224161921302E-007
0.1000000000000000E-002 0.2000000000000000E-002 -.8000000000000000E-002  0.000000000000000  0.000000000000000 0.1233230184802233E-006 -.4064267438477009E-005 -.5574291632647208E-007
0.1000000000000000E-002 0.3000000000000000E-002 -.8000000000000000E-002  0.000000000000000  0.000000000000000 0.5636148713805248E-007 -.3949745585686576E-005 -.5801362187026773E-007
0.1000000000000000E-002 0.4000000000000000E-002 -.8000000000000000E-002  0.000000000000000  0.000000000000000 -.1054436251165407E-007 -.3835223571880647E-005 -.6028436526995342E-007
0.2000000000000000E-002  0.000000000000000 -.8000000000000000E-002  0.000000000000000  0.000000000000000 0.5445600945929493E-007 -.4089863173432909E-005 -.5312687343415633E-007
0.2000000000000000E-002 0.1000000000000000E-002 -.8000000000000000E-002  0.000000000000000  0.000000000000000 -.1254800840048487E-007 -.3975341551242012E-005 -.5539753665926910E-007
0.2000000000000000E-002 0.2000000000000000E-002 -.8000000000000000E-002  0.000000000000000  0.000000000000000 -.7949634455216937E-007 -.3860819768089883E-005 -.5766823433969564E-007
0.2000000000000000E-002 0.3000000000000000E-002 -.8000000000000000E-002  0.000000000000000  0.000000000000000 -.1463889990275415E-006 -.3746297823942881E-005 -.5993896089926967E-007
0.2000000000000000E-002 0.4000000000000000E-002 -.8000000000000000E-002  0.000000000000000  0.000000000000000 -.2132259717964170E-006 -.3631775718802099E-005 -.6220972839591426E-007
0.3000000000000000E-002  0.000000000000000 -.8000000000000000E-002  0.000000000000000  0.000000000000000 -.1485951900997201E-006 -.3886415299736880E-005 -.5505216576258925E-007
0.3000000000000000E-002 0.1000000000000000E-002 -.8000000000000000E-002  0.000000000000000  0.000000000000000 -.2155303310835210E-006 -.3771893586239834E-005 -.5732284932162096E-007
0.3000000000000000E-002 0.2000000000000000E-002 -.8000000000000000E-002  0.000000000000000  0.000000000000000 -.2824097903737860E-006 -.3657371711711050E-005 -.5959356766149437E-007
0.3000000000000000E-002 0.3000000000000000E-002 -.8000000000000000E-002  0.000000000000000  0.000000000000000 -.3492335679548370E-006 -.3542849676196523E-005 -.6186432085212728E-007
0.3000000000000000E-002 0.4000000000000000E-002 -.8000000000000000E-002  0.000000000000000  0.000000000000000 -.4160016638667094E-006 -.3428327479712474E-005 -.6413510760856690E-007
0.4000000000000000E-002  0.000000000000000 -.8000000000000000E-002  0.000000000000000  0.000000000000000 -.3517404724386681E-006 -.3682967040223837E-005 -.5697747210555488E-007
0.4000000000000000E-002 0.1000000000000000E-002 -.8000000000000000E-002  0.000000000000000  0.000000000000000 -.4186067365600451E-006 -.3568445235322854E-005 -.5924817829972132E-007
0.4000000000000000E-002 0.2000000000000000E-002 -.8000000000000000E-002  0.000000000000000  0.000000000000000 -.4854173189795466E-006 -.3453923269457311E-005 -.6151891982558269E-007
0.4000000000000000E-002 0.3000000000000000E-002 -.8000000000000000E-002  0.000000000000000  0.000000000000000 -.5521722196807845E-006 -.3339401142584738E-005 -.6378969482482209E-007
0.4000000000000000E-002 0.4000000000000000E-002 -.8000000000000000E-002  0.000000000000000  0.000000000000000 -.6188714386983283E-006 -.3224878854702145E-005 -.6606050118067316E-007
