 SGx1               SGx2               SGy1               SGy2               spin_ref          spin_x                  spin_y                  spin_z
 0.000000000000000  0.000000000000000  0.000000000000000  0.000000000000000  0.000000000000000 -.1137513374838022E-007 -.1954542986688952E-007 -.1570686406746728E-006
 0.000000000000000 0.1000000000000000E-002  0.000000000000000  0.000000000000000  0.000000000000000 -.2741642551513315E-007 0.9830798423747276E-008 -.1685136402172935E-006
 0.000000000000000 0.2000000000000000E-002  0.000000000000000  0.000000000000000  0.000000000000000 -.4345075706973906E-007 0.3920704683594076E-007 -.1799588911011545E-006
 0.000000000000000 0.3000000000000000E-002  0.000000000000000  0.000000000000000  0.000000000000000 -.5947812841146825E-007 0.6858331537516299E-007 -.1914044187122392E-006
 0.000000000000000 0.4000000000000000E-002  0.000000000000000  0.000000000000000  0.000000000000000 -.7549853954088140E-007 0.9795960403463907E-007 -.2028502085525218E-006
0.1000000000000000E-002  0.000000000000000  0.000000000000000  0.000000000000000  0.000000000000000 -.6000011164339204E-007 0.3264070860675030E-007 -.1667726823835622E-006
0.1000000000000000E-002 0.1000000000000000E-002  0.000000000000000  0.000000000000000  0.000000000000000 -.7603279380095905E-007 0.6201694831655402E-007 -.1782178440509643E-006
0.1000000000000000E-002 0.2000000000000000E-002  0.000000000000000  0.000000000000000  0.000000000000000 -.9205851574561772E-007 0.9139320815087072E-007 -.1896632719655030E-006
0.1000000000000000E-002 0.3000000000000000E-002  0.000000000000000  0.000000000000000  0.000000000000000 -.1080772774783310E-006 0.1207694881092573E-006 -.2011089968436089E-006
0.1000000000000000E-002 0.4000000000000000E-002  0.000000000000000  0.000000000000000  0.000000000000000 -.1240890789988003E-006 0.1501457881895213E-006 -.2125549499886173E-006
0.2000000000000000E-002  0.000000000000000  0.000000000000000  0.000000000000000  0.000000000000000 -.1086368498874572E-006 0.8482689532117601E-007 -.1764768734502546E-006
0.2000000000000000E-002 0.1000000000000000E-002  0.000000000000000  0.000000000000000  0.000000000000000 -.1246609224325325E-006 0.1142031464537595E-006 -.1879221787724631E-006
0.2000000000000000E-002 0.2000000000000000E-002  0.000000000000000  0.000000000000000  0.000000000000000 -.1406780347689831E-006 0.1435794177081725E-006 -.1993678034093505E-006
0.2000000000000000E-002 0.3000000000000000E-002  0.000000000000000  0.000000000000000  0.000000000000000 -.1566881868933843E-006 0.1729557090885912E-006 -.2108136711321789E-006
0.2000000000000000E-002 0.4000000000000000E-002  0.000000000000000  0.000000000000000  0.000000000000000 -.1726913788031603E-006 0.2023320205869034E-006 -.2222598137455219E-006
0.3000000000000000E-002  0.000000000000000  0.000000000000000  0.000000000000000  0.000000000000000 -.1572853484752051E-006 0.1370131302821764E-006 -.1861811579157220E-006
0.3000000000000000E-002 0.1000000000000000E-002  0.000000000000000  0.000000000000000  0.000000000000000 -.1733008114153634E-006 0.1663893928339674E-006 -.1976266427467193E-006
0.3000000000000000E-002 0.2000000000000000E-002  0.000000000000000  0.000000000000000  0.000000000000000 -.1893093141370925E-006 0.1957656755028869E-006 -.2090724641537740E-006
0.3000000000000000E-002 0.3000000000000000E-002  0.000000000000000  0.000000000000000  0.000000000000000 -.2053108566524790E-006 0.2251419783116685E-006 -.2205185078891626E-006
0.3000000000000000E-002 0.4000000000000000E-002  0.000000000000000  0.000000000000000  0.000000000000000 -.2213054389533763E-006 0.2545183012323883E-006 -.2319648143378556E-006
0.4000000000000000E-002  0.000000000000000  0.000000000000000  0.000000000000000  0.000000000000000 -.2059456074098470E-006 0.1891994134842401E-006 -.1958855442545548E-006
0.4000000000000000E-002 0.1000000000000000E-002  0.000000000000000  0.000000000000000  0.000000000000000 -.2219524607386319E-006 0.2185756874517764E-006 -.2073312388598394E-006
0.4000000000000000E-002 0.2000000000000000E-002  0.000000000000000  0.000000000000000  0.000000000000000 -.2379523538585823E-006 0.2479519815595783E-006 -.2187771877774312E-006
0.4000000000000000E-002 0.3000000000000000E-002  0.000000000000000  0.000000000000000  0.000000000000000 -.2539452867650949E-006 0.2773282957742501E-006 -.2302234213092793E-006
0.4000000000000000E-002 0.4000000000000000E-002  0.000000000000000  0.000000000000000  0.000000000000000 -.2699312594538528E-006 0.3067046301176806E-006 -.2416699251338603E-006
 0.000000000000000  0.000000000000000 -.2000000000000000E-002  0.000000000000000  0.000000000000000 0.1821629557291884E-007 -.3025980559519706E-006 -.1417592991524258E-006
 0.000000000000000 0.1000000000000000E-002 -.2000000000000000E-002  0.000000000000000  0.000000000000000 0.2167843557305364E-008 -.2732219442401792E-006 -.1532040239552012E-006
 0.000000000000000 0.2000000000000000E-002 -.2000000000000000E-002  0.000000000000000  0.000000000000000 -.1387364824645790E-007 -.2438458124017364E-006 -.1646490146303329E-006
 0.000000000000000 0.3000000000000000E-002 -.2000000000000000E-002  0.000000000000000  0.000000000000000 -.2990817983771312E-007 -.2144696604378518E-006 -.1760942698400976E-006
 0.000000000000000 0.4000000000000000E-002 -.2000000000000000E-002  0.000000000000000  0.000000000000000 -.4593575121720849E-007 -.1850934883531371E-006 -.1875397871868187E-006
0.1000000000000000E-002  0.000000000000000 -.2000000000000000E-002  0.000000000000000  0.000000000000000 -.3040734971591749E-007 -.2504120450495989E-006 -.1514631726584691E-006
0.1000000000000000E-002 0.1000000000000000E-002 -.2000000000000000E-002  0.000000000000000  0.000000000000000 -.4644719212162304E-007 -.2210359219169123E-006 -.1629080672794918E-006
0.1000000000000000E-002 0.2000000000000000E-002 -.2000000000000000E-002  0.000000000000000  0.000000000000000 -.6248007431663128E-007 -.1916597786572085E-006 -.1743532164556975E-006
0.1000000000000000E-002 0.3000000000000000E-002 -.2000000000000000E-002  0.000000000000000  0.000000000000000 -.7850599629860791E-007 -.1622836152745133E-006 -.1857986592591679E-006
0.1000000000000000E-002 0.4000000000000000E-002 -.2000000000000000E-002  0.000000000000000  0.000000000000000 -.9452495806858885E-007 -.1329074317670637E-006 -.1972443441235615E-006
0.2000000000000000E-002  0.000000000000000 -.2000000000000000E-002  0.000000000000000  0.000000000000000 -.7904275535313348E-007 -.1982259859031378E-006 -.1611671783892234E-006
0.2000000000000000E-002 0.1000000000000000E-002 -.2000000000000000E-002  0.000000000000000  0.000000000000000 -.9507398815109575E-007 -.1688498513521913E-006 -.1726122229933154E-006
0.2000000000000000E-002 0.2000000000000000E-002 -.2000000000000000E-002  0.000000000000000  0.000000000000000 -.1110982607331630E-006 -.1394736966667509E-006 -.1840575526503272E-006
0.2000000000000000E-002 0.3000000000000000E-002 -.2000000000000000E-002  0.000000000000000  0.000000000000000 -.1271155731062008E-006 -.1100975218651682E-006 -.1955031555441018E-006
0.2000000000000000E-002 0.4000000000000000E-002 -.2000000000000000E-002  0.000000000000000  0.000000000000000 -.1431259252669505E-006 -.8072132693845106E-007 -.2069490370868704E-006
0.3000000000000000E-002  0.000000000000000 -.2000000000000000E-002  0.000000000000000  0.000000000000000 -.1276899213354460E-006 -.1460398785113627E-006 -.1708712761387895E-006
0.3000000000000000E-002 0.1000000000000000E-002 -.2000000000000000E-002  0.000000000000000  0.000000000000000 -.1437125445214077E-006 -.1166637325345694E-006 -.1823165066591640E-006
0.3000000000000000E-002 0.2000000000000000E-002 -.2000000000000000E-002  0.000000000000000  0.000000000000000 -.1597282074998184E-006 -.8728756643845990E-007 -.1937620288365527E-006
0.3000000000000000E-002 0.3000000000000000E-002 -.2000000000000000E-002  0.000000000000000  0.000000000000000 -.1757369102579496E-006 -.5791138021403940E-007 -.2052078132701072E-006
0.3000000000000000E-002 0.4000000000000000E-002 -.2000000000000000E-002  0.000000000000000  0.000000000000000 -.1917386528122484E-006 -.2853517386504259E-007 -.2166538701039714E-006
0.4000000000000000E-002  0.000000000000000 -.2000000000000000E-002  0.000000000000000  0.000000000000000 -.1763488476633336E-006 -.9385372288093037E-007 -.1805755016153437E-006
0.4000000000000000E-002 0.1000000000000000E-002 -.2000000000000000E-002  0.000000000000000  0.000000000000000 -.1923628612478305E-006 -.6447756547898783E-007 -.1920209112988662E-006
0.4000000000000000E-002 0.2000000000000000E-002 -.2000000000000000E-002  0.000000000000000  0.000000000000000 -.2083699146102229E-006 -.3510138796537051E-007 -.2034666215317096E-006
0.4000000000000000E-002 0.3000000000000000E-002 -.2000000000000000E-002  0.000000000000000  0.000000000000000 -.2243700077621980E-006 -.5725190319345405E-008 -.2149125571312672E-006
0.4000000000000000E-002 0.4000000000000000E-002 -.2000000000000000E-002  0.000000000000000  0.000000000000000 -.2403631407043185E-006 0.2365102745000144E-007 -.2263587850290790E-006
 0.000000000000000  0.000000000000000 -.4000000000000000E-002  0.000000000000000  0.000000000000000 0.4781045080378021E-007 -.5856501892216179E-006 -.1264502458526219E-006
 0.000000000000000 0.1000000000000000E-002 -.4000000000000000E-002  0.000000000000000  0.000000000000000 0.3175483853858844E-007 -.5562741940786346E-006 -.1378946833387127E-006
 0.000000000000000 0.2000000000000000E-002 -.4000000000000000E-002  0.000000000000000  0.000000000000000 0.1570618648499892E-007 -.5268981788163219E-006 -.1493393930244708E-006
 0.000000000000000 0.3000000000000000E-002 -.4000000000000000E-002  0.000000000000000  0.000000000000000 -.3355053558843486E-009 -.4975221434280972E-006 -.1607843617805060E-006
 0.000000000000000 0.4000000000000000E-002 -.4000000000000000E-002  0.000000000000000  0.000000000000000 -.1637023698513838E-007 -.4681460879155894E-006 -.1722296012599357E-006
0.1000000000000000E-002  0.000000000000000 -.4000000000000000E-002  0.000000000000000  0.000000000000000 -.8118618794508764E-009 -.5334643058861740E-006 -.1361539270690557E-006
0.1000000000000000E-002 0.1000000000000000E-002 -.4000000000000000E-002  0.000000000000000  0.000000000000000 -.1685886453469152E-007 -.5040882993220252E-006 -.1475985402904993E-006
0.1000000000000000E-002 0.2000000000000000E-002 -.4000000000000000E-002  0.000000000000000  0.000000000000000 -.3289890697813669E-007 -.4747122726416174E-006 -.1590434209865909E-006
0.1000000000000000E-002 0.3000000000000000E-002 -.4000000000000000E-002  0.000000000000000  0.000000000000000 -.4893198920959411E-007 -.4453362258349537E-006 -.1704885965303405E-006
0.1000000000000000E-002 0.4000000000000000E-002 -.4000000000000000E-002  0.000000000000000  0.000000000000000 -.6495811122965527E-007 -.4159601589020271E-006 -.1819340212072057E-006
0.2000000000000000E-002  0.000000000000000 -.4000000000000000E-002  0.000000000000000  0.000000000000000 -.4944593490688906E-007 -.4812783743043920E-006 -.1458577538264205E-006
0.2000000000000000E-002 0.1000000000000000E-002 -.4000000000000000E-002  0.000000000000000  0.000000000000000 -.6548432795513501E-007 -.4519023563295481E-006 -.1573025477430964E-006
0.2000000000000000E-002 0.2000000000000000E-002 -.4000000000000000E-002  0.000000000000000  0.000000000000000 -.8151576078673995E-007 -.4225263182225564E-006 -.1687475988646184E-006
0.2000000000000000E-002 0.3000000000000000E-002 -.4000000000000000E-002  0.000000000000000  0.000000000000000 -.9754023341163196E-007 -.3931502599926252E-006 -.1801929058910308E-006
0.2000000000000000E-002 0.4000000000000000E-002 -.4000000000000000E-002  0.000000000000000  0.000000000000000 -.1135577458212579E-006 -.3637741816420527E-006 -.1916385173275141E-006
0.3000000000000000E-002  0.000000000000000 -.4000000000000000E-002  0.000000000000000  0.000000000000000 -.9809176828725977E-007 -.4290923944819735E-006 -.1555616493894052E-006
0.3000000000000000E-002 0.1000000000000000E-002 -.4000000000000000E-002  0.000000000000000  0.000000000000000 -.1141215517218314E-006 -.3997163650865901E-006 -.1670066614466320E-006
0.3000000000000000E-002 0.2000000000000000E-002 -.4000000000000000E-002  0.000000000000000  0.000000000000000 -.1301443749499223E-006 -.3703403155602470E-006 -.1784518642711936E-006
0.3000000000000000E-002 0.3000000000000000E-002 -.4000000000000000E-002  0.000000000000000  0.000000000000000 -.1461602379633318E-006 -.3409642459070363E-006 -.1898973891112478E-006
0.3000000000000000E-002 0.4000000000000000E-002 -.4000000000000000E-002  0.000000000000000  0.000000000000000 -.1621691407614867E-006 -.3115881561390966E-006 -.2013431540074837E-006
0.4000000000000000E-002  0.000000000000000 -.4000000000000000E-002  0.000000000000000  0.000000000000000 -.1467493620124175E-006 -.3769063664208472E-006 -.1652657335735201E-006
0.4000000000000000E-002 0.1000000000000000E-002 -.4000000000000000E-002  0.000000000000000  0.000000000000000 -.1627705358348112E-006 -.3475303256059702E-006 -.1767108765315446E-006
0.4000000000000000E-002 0.2000000000000000E-002 -.4000000000000000E-002  0.000000000000000  0.000000000000000 -.1787847494501884E-006 -.3181542646547458E-006 -.1881562902814509E-006
0.4000000000000000E-002 0.3000000000000000E-002 -.4000000000000000E-002  0.000000000000000  0.000000000000000 -.1947920028549796E-006 -.2887781835874768E-006 -.1996019635858326E-006
0.4000000000000000E-002 0.4000000000000000E-002 -.4000000000000000E-002  0.000000000000000  0.000000000000000 -.2107922960466154E-006 -.2594020823956769E-006 -.2110479132470703E-006
 0.000000000000000  0.000000000000000 -.6000000000000000E-002  0.000000000000000  0.000000000000000 0.7740733194329388E-007 -.8687018296612602E-006 -.1111414498679907E-006
 0.000000000000000 0.1000000000000000E-002 -.6000000000000000E-002  0.000000000000000  0.000000000000000 0.6134455942847187E-007 -.8393259510958758E-006 -.1225856156385448E-006
 0.000000000000000 0.2000000000000000E-002 -.6000000000000000E-002  0.000000000000000  0.000000000000000 0.4528874712549215E-007 -.8099500524104090E-006 -.1340300189771162E-006
 0.000000000000000 0.3000000000000000E-002 -.6000000000000000E-002  0.000000000000000  0.000000000000000 0.2923989503488090E-007 -.7805741335988392E-006 -.1454747350416949E-006
 0.000000000000000 0.4000000000000000E-002 -.6000000000000000E-002  0.000000000000000  0.000000000000000 0.1319800315773770E-007 -.7511981946626035E-006 -.1569196699913025E-006
0.1000000000000000E-002  0.000000000000000 -.6000000000000000E-002  0.000000000000000  0.000000000000000 0.2878635186760807E-007 -.8165160738996387E-006 -.1208449532411396E-006
0.1000000000000000E-002 0.1000000000000000E-002 -.6000000000000000E-002  0.000000000000000  0.000000000000000 0.1273218896115905E-007 -.7871401839100107E-006 -.1322893050914822E-006
0.1000000000000000E-002 0.2000000000000000E-002 -.6000000000000000E-002  0.000000000000000  0.000000000000000 -.3315013731835296E-008 -.7577642738001980E-006 -.1437338996808717E-006
0.1000000000000000E-002 0.3000000000000000E-002 -.6000000000000000E-002  0.000000000000000  0.000000000000000 -.1935525621257081E-007 -.7283883435702840E-006 -.1551787826584797E-006
0.1000000000000000E-002 0.4000000000000000E-002 -.6000000000000000E-002  0.000000000000000  0.000000000000000 -.3538853848200355E-007 -.6990123932179413E-006 -.1666239377193506E-006
0.2000000000000000E-002  0.000000000000000 -.6000000000000000E-002  0.000000000000000  0.000000000000000 -.1984638855773507E-007 -.7643302698889188E-006 -.1305485850846590E-006
0.2000000000000000E-002 0.1000000000000000E-002 -.6000000000000000E-002  0.000000000000000  0.000000000000000 -.3589194185347671E-007 -.7349543684823698E-006 -.1419931164007988E-006
0.2000000000000000E-002 0.2000000000000000E-002 -.6000000000000000E-002  0.000000000000000  0.000000000000000 -.5193053493700405E-007 -.7055784469525720E-006 -.1534378811356021E-006
0.2000000000000000E-002 0.3000000000000000E-002 -.6000000000000000E-002  0.000000000000000  0.000000000000000 -.6796216780913139E-007 -.6762025052975877E-006 -.1648829356992806E-006
0.2000000000000000E-002 0.4000000000000000E-002 -.6000000000000000E-002  0.000000000000000  0.000000000000000 -.8398684046779914E-007 -.6468265435197101E-006 -.1763282591035240E-006
0.3000000000000000E-002  0.000000000000000 -.6000000000000000E-002  0.000000000000000  0.000000000000000 -.6849088932562752E-007 -.7121444176314281E-006 -.1402523613834543E-006
0.3000000000000000E-002 0.1000000000000000E-002 -.6000000000000000E-002  0.000000000000000  0.000000000000000 -.8452783301603926E-007 -.6827685048083790E-006 -.1516970564410588E-006
0.3000000000000000E-002 0.2000000000000000E-002 -.6000000000000000E-002  0.000000000000000  0.000000000000000 -.1005578164836847E-006 -.6533925718579499E-006 -.1631419856963465E-006
0.3000000000000000E-002 0.3000000000000000E-002 -.6000000000000000E-002  0.000000000000000  0.000000000000000 -.1165808397497149E-006 -.6240166187785421E-006 -.1745872169688964E-006
0.3000000000000000E-002 0.4000000000000000E-002 -.6000000000000000E-002  0.000000000000000  0.000000000000000 -.1325969028031339E-006 -.5946406455845817E-006 -.1860327390787463E-006
0.4000000000000000E-002  0.000000000000000 -.6000000000000000E-002  0.000000000000000  0.000000000000000 -.1171471504423479E-006 -.6599585171402657E-006 -.1499562413898490E-006
0.4000000000000000E-002 0.1000000000000000E-002 -.6000000000000000E-002  0.000000000000000  0.000000000000000 -.1331754845198355E-006 -.6305825928967706E-006 -.1614011101782107E-006
0.4000000000000000E-002 0.2000000000000000E-002 -.6000000000000000E-002  0.000000000000000  0.000000000000000 -.1491968583872371E-006 -.6012066485239395E-006 -.1728462405559955E-006
0.4000000000000000E-002 0.3000000000000000E-002 -.6000000000000000E-002  0.000000000000000  0.000000000000000 -.1652112720418419E-006 -.5718306840333385E-006 -.1842916505692070E-006
0.4000000000000000E-002 0.4000000000000000E-002 -.6000000000000000E-002  0.000000000000000  0.000000000000000 -.1812187254769804E-006 -.5424546994129342E-006 -.1957373219007074E-006
 0.000000000000000  0.000000000000000 -.8000000000000000E-002  0.000000000000000  0.000000000000000 0.1070069389914456E-006 -.1151752977270467E-005 -.9583289257294125E-007
 0.000000000000000 0.1000000000000000E-002 -.8000000000000000E-002  0.000000000000000  0.000000000000000 0.9093700622680079E-007 -.1122377215279829E-005 -.1072767873484534E-006
 0.000000000000000 0.2000000000000000E-002 -.8000000000000000E-002  0.000000000000000  0.000000000000000 0.7487403367485937E-007 -.1093001433175081E-005 -.1187209346671262E-006
 0.000000000000000 0.3000000000000000E-002 -.8000000000000000E-002  0.000000000000000  0.000000000000000 0.5881802133444441E-007 -.1063625630941652E-005 -.1301653699126886E-006
 0.000000000000000 0.4000000000000000E-002 -.8000000000000000E-002  0.000000000000000  0.000000000000000 0.4276896920715930E-007 -.1034249808577823E-005 -.1416100612579160E-006
0.1000000000000000E-002  0.000000000000000 -.8000000000000000E-002  0.000000000000000  0.000000000000000 0.5838729152069887E-007 -.1099567349068207E-005 -.1055362600647161E-006
0.1000000000000000E-002 0.1000000000000000E-002 -.8000000000000000E-002  0.000000000000000  0.000000000000000 0.4232596836731978E-007 -.1070191575677896E-005 -.1169803147322666E-006
0.1000000000000000E-002 0.2000000000000000E-002 -.8000000000000000E-002  0.000000000000000  0.000000000000000 0.2627160542382083E-007 -.1040815782147766E-005 -.1284246511737272E-006
0.1000000000000000E-002 0.3000000000000000E-002 -.8000000000000000E-002  0.000000000000000  0.000000000000000 0.1022420269335747E-007 -.1011439968487396E-005 -.1398692276297221E-006
0.1000000000000000E-002 0.4000000000000000E-002 -.8000000000000000E-002  0.000000000000000  0.000000000000000 -.5816239825996643E-008 -.9820641346970522E-006 -.1513141074373375E-006
0.2000000000000000E-002  0.000000000000000 -.8000000000000000E-002  0.000000000000000  0.000000000000000 0.9755883702009045E-008 -.1047381672657229E-005 -.1152397019661309E-006
0.2000000000000000E-002 0.1000000000000000E-002 -.8000000000000000E-002  0.000000000000000  0.000000000000000 -.6296829843170459E-008 -.1018005887819878E-005 -.1266839399117800E-006
0.2000000000000000E-002 0.2000000000000000E-002 -.8000000000000000E-002  0.000000000000000  0.000000000000000 -.2234258317348831E-007 -.9886300828659239E-006 -.1381284539515191E-006
0.2000000000000000E-002 0.3000000000000000E-002 -.8000000000000000E-002  0.000000000000000  0.000000000000000 -.3838137629655123E-007 -.9592542577873949E-006 -.1495732052524991E-006
0.2000000000000000E-002 0.4000000000000000E-002 -.8000000000000000E-002  0.000000000000000  0.000000000000000 -.5441320920513312E-007 -.9298784125841701E-006 -.1610182677103516E-006
0.3000000000000000E-002  0.000000000000000 -.8000000000000000E-002  0.000000000000000  0.000000000000000 -.3888728446102387E-007 -.9951959479497541E-006 -.1249432953088281E-006
0.3000000000000000E-002 0.1000000000000000E-002 -.8000000000000000E-002  0.000000000000000  0.000000000000000 -.5493138839659174E-007 -.9658201517069308E-006 -.1363876963424557E-006
0.3000000000000000E-002 0.2000000000000000E-002 -.8000000000000000E-002  0.000000000000000  0.000000000000000 -.7096853212077631E-007 -.9364443353300941E-006 -.1478323757612283E-006
0.3000000000000000E-002 0.3000000000000000E-002 -.8000000000000000E-002  0.000000000000000  0.000000000000000 -.8699871562982586E-007 -.9070684988302732E-006 -.1592773395083798E-006
0.3000000000000000E-002 0.4000000000000000E-002 -.8000000000000000E-002  0.000000000000000  0.000000000000000 -.1030219389333225E-006 -.8776926422117990E-006 -.1707225661762745E-006
0.4000000000000000E-002  0.000000000000000 -.8000000000000000E-002  0.000000000000000  0.000000000000000 -.8754221297178166E-007 -.9430101750328594E-006 -.1346470006704424E-006
0.4000000000000000E-002 0.1000000000000000E-002 -.8000000000000000E-002  0.000000000000000  0.000000000000000 -.1035777073009857E-006 -.9136343673594559E-006 -.1460915828564177E-006
0.4000000000000000E-002 0.2000000000000000E-002 -.8000000000000000E-002  0.000000000000000  0.000000000000000 -.1196062414167922E-006 -.8842585395689677E-006 -.1575364476996946E-006
0.4000000000000000E-002 0.3000000000000000E-002 -.8000000000000000E-002  0.000000000000000  0.000000000000000 -.1356278153153114E-006 -.8548826916502183E-006 -.1689815864012892E-006
0.4000000000000000E-002 0.4000000000000000E-002 -.8000000000000000E-002  0.000000000000000  0.000000000000000 -.1516424290048170E-006 -.8255068236027114E-006 -.1804269694507648E-006
