BETA     element
 5.015320000000000      0.000000000000000
 5.132663127159884      1.000000000000000
 5.427605770846258      2.000000000000000
 19.31187898320004      3.000000000000000
 20.31954401159370      4.000000000000000
 20.10847924545584      5.000000000000000
 18.86480745997029      6.000000000000000
 3.347943020234956      7.000000000000000
 3.135839169741183      8.000000000000000
 3.133699675138317      9.000000000000000
 3.211982884827083      10.00000000000000
 3.343293177744309      11.00000000000000
 18.82160055113384      12.00000000000000
 20.06416530175572      13.00000000000000
 20.27701610724043      14.00000000000000
 19.87136932094857      15.00000000000000
 19.27244182728888      16.00000000000000
 5.423987352500736      17.00000000000000
 5.129314436044513      18.00000000000000
 5.125238272755513      19.00000000000000
 5.237323821259198      20.00000000000000
 5.414985592279850      21.00000000000000
 19.15111313445708      22.00000000000000
 20.15007461858763      23.00000000000000
 19.94107069876826      24.00000000000000
 19.44249676449627      25.00000000000000
 18.70839324659385      26.00000000000000
 3.339289178918189      27.00000000000000
 3.130053715280940      28.00000000000000
 3.131808817486377      29.00000000000000
 3.211002501695184      30.00000000000000
 3.343750291719300      31.00000000000000
 18.92903193281576      32.00000000000000
 20.17928492326370      33.00000000000000
 20.39350941827299      34.00000000000000
 19.38277065995573      35.00000000000000
 5.421868744298886      36.00000000000000
 5.122810607499554      37.00000000000000
 5.001718580407156      38.00000000000000
 5.116373363363698      39.00000000000000
 5.428923983690456      40.00000000000000
 19.96515685196363      41.00000000000000
 21.01638006176483      42.00000000000000
 20.84087217699522      43.00000000000000
 19.58311496072770      44.00000000000000
 3.557398884983561      45.00000000000000
 3.311640548685715      46.00000000000000
 3.291411346054013      47.00000000000000
 3.511157093260225      48.00000000000000
 18.84341874359884      49.00000000000000
 20.06212939599006      50.00000000000000
 20.24337212903265      51.00000000000000
 19.23788159079548      52.00000000000000
 5.376657200559878      53.00000000000000
 5.081702482571573      54.00000000000000
 5.117877293648855      55.00000000000000
 5.461171418083985      56.00000000000000
 21.09611813709787      57.00000000000000
 22.21967800186751      58.00000000000000
 22.05130514756904      59.00000000000000
 20.72962089591508      60.00000000000000
 3.666726266184678      61.00000000000000
 3.387587981963736      62.00000000000000
 3.269574284967183      63.00000000000000
 3.316126541699584      64.00000000000000
 3.490139959568901      65.00000000000000
 17.17813240696362      66.00000000000000
 18.28831180960761      67.00000000000000
 18.44718498030250      68.00000000000000
 17.51457730543247      69.00000000000000
 5.008399134953513      70.00000000000000
 4.767690541545933      71.00000000000000
 4.826028734195534      72.00000000000000
 4.947584256398252      73.00000000000000
 5.140464666598346      74.00000000000000
 20.20667564734181      75.00000000000000
 21.30573552509281      76.00000000000000
 21.15553533363146      77.00000000000000
 20.64331503089164      78.00000000000000
 19.88853811388611      79.00000000000000
 3.626180244821112      80.00000000000000
 3.367460431894794      81.00000000000000
 3.299895668257430      82.00000000000000
 3.364796699702497      83.00000000000000
 3.474782774289292      84.00000000000000
 17.22130976761526      85.00000000000000
 18.33610713062922      86.00000000000000
 18.49768273499848      87.00000000000000
 18.12028357425122      88.00000000000000
 17.56346017800896      89.00000000000000
 5.002756134172360      90.00000000000000
 4.758546863727790      91.00000000000000
 4.809884115405134      92.00000000000000
 4.929441153553508      93.00000000000000
 5.119240474818906      94.00000000000000
 20.01106562950419      95.00000000000000
 21.09884438844199      96.00000000000000
 20.94966310384313      97.00000000000000
 19.69507874515998      98.00000000000000
 3.600001516690872      99.00000000000000
 3.344562933599146      100.0000000000000
 3.231424278068680      101.0000000000000
 3.284120859699489      102.0000000000000
 3.476572862606375      103.0000000000000
 17.82133914681382      104.0000000000000
 18.97469778377376      105.0000000000000
 19.14864587654177      106.0000000000000
 18.19987181042012      107.0000000000000
 5.230123566523763      108.0000000000000
 4.962089715583271      109.0000000000000
 5.030685721857736      110.0000000000000
 5.390505818592480      111.0000000000000
 21.75861480398923      112.0000000000000
 22.93443319662454      113.0000000000000
 22.78539232627566      114.0000000000000
 21.43419908929836      115.0000000000000
 3.772366175504632      116.0000000000000
 3.466545126992867      117.0000000000000
 3.361650034162841      118.0000000000000
 3.529962440999598      119.0000000000000
 16.83437199653376      120.0000000000000
 17.91426507330228      121.0000000000000
 18.06633570221873      122.0000000000000
 17.16526675340787      123.0000000000000
 5.051084475885641      124.0000000000000
 4.815613792097226      125.0000000000000
 4.754570788715912      126.0000000000000
