BETA     element
 20.70840000000000      0.000000000000000
 20.27777625890243      1.000000000000000
 19.27475374527539      2.000000000000000
 4.359967299080787      3.000000000000000
 4.041441596354015      4.000000000000000
 3.961462204104910      5.000000000000000
 4.179665454241798      6.000000000000000
 16.11944214773380      7.000000000000000
 16.95918167471077      8.000000000000000
 16.95838934731698      9.000000000000000
 16.61865112220853      10.00000000000000
 16.11777067521712      11.00000000000000
 4.179766627886342      12.00000000000000
 3.962599590985995      13.00000000000000
 4.044322423604160      14.00000000000000
 4.167069850960448      15.00000000000000
 4.363716606374853      16.00000000000000
 19.26455038698187      17.00000000000000
 20.26546812258733      18.00000000000000
 20.26152413556898      19.00000000000000
 19.85554940020831      20.00000000000000
 19.25616586615101      21.00000000000000
 4.336590696788567      22.00000000000000
 4.019976437470927      23.00000000000000
 3.941886629556718      24.00000000000000
 4.024789867893486      25.00000000000000
 4.160267674552292      26.00000000000000
 16.09843506335603      27.00000000000000
 16.93785420048992      28.00000000000000
 16.93828944245924      29.00000000000000
 16.59924838876616      30.00000000000000
 16.09940188409412      31.00000000000000
 4.188436648211182      32.00000000000000
 3.971934314181995      33.00000000000000
 4.055204925452478      34.00000000000000
 4.375597112558072      35.00000000000000
 19.23085802871654      36.00000000000000
 20.22673970433384      37.00000000000000
 20.65226366256997      38.00000000000000
 20.19232746394082      39.00000000000000
 19.07572179712966      40.00000000000000
 4.348422070920356      41.00000000000000
 4.083328219220664      42.00000000000000
 4.088071862021660      43.00000000000000
 4.359410156219546      44.00000000000000
 19.28328894001136      45.00000000000000
 20.41209300138616      46.00000000000000
 20.41355423515128      47.00000000000000
 19.28649557736636      48.00000000000000
 4.405929888973929      49.00000000000000
 4.136909779499788      50.00000000000000
 4.140347621231274      51.00000000000000
 4.412802798363492      52.00000000000000
 19.12902005237198      53.00000000000000
 20.23722464805464      54.00000000000000
 20.22825399638064      55.00000000000000
 19.10954306314512      56.00000000000000
 4.353597738538753      57.00000000000000
 4.087921653840686      58.00000000000000
 4.091251291062799      59.00000000000000
 4.361287633505706      60.00000000000000
 19.24627550682924      61.00000000000000
 20.37273281630882      62.00000000000000
 20.83482025228743      63.00000000000000
 20.39987103762736      64.00000000000000
 19.38677365161593      65.00000000000000
 4.362297093368010      66.00000000000000
 4.044126997352013      67.00000000000000
 3.967319946590042      68.00000000000000
 4.187480205289800      69.00000000000000
 15.91658003934828      70.00000000000000
 16.73569520179212      71.00000000000000
 16.72461711877678      72.00000000000000
 16.38854751196116      73.00000000000000
 15.89311463541022      74.00000000000000
 4.121387448837432      75.00000000000000
 3.909837447145573      76.00000000000000
 3.995253475891406      77.00000000000000
 4.117766499844695      78.00000000000000
 4.314197015236309      79.00000000000000
 19.31532676505900      80.00000000000000
 20.32558202689629      81.00000000000000
 20.32556711042163      82.00000000000000
 19.91759275293643      83.00000000000000
 19.31528203370340      84.00000000000000
 4.346767405070175      85.00000000000000
 4.030743594946554      86.00000000000000
 3.956299812704895      87.00000000000000
 4.040289331361237      88.00000000000000
 4.177005480338581      89.00000000000000
 15.86353981134935      90.00000000000000
 16.67833798121415      91.00000000000000
 16.66468388042465      92.00000000000000
 16.32918790877767      93.00000000000000
 15.83461676786041      94.00000000000000
 4.099968709646831      95.00000000000000
 3.890268791900777      96.00000000000000
 3.976786267156144      97.00000000000000
 4.294979087905552      98.00000000000000
 19.22304711332064      99.00000000000000
 20.22757934423493      100.0000000000000
 20.65885388646925      101.0000000000000
 20.20064793866648      102.0000000000000
 19.08366289551454      103.0000000000000
 4.364909411480753      104.0000000000000
 4.100996735427785      105.0000000000000
 4.110210369678300      106.0000000000000
 4.384664542800185      107.0000000000000
 19.04167299131085      108.0000000000000
 20.14232368415949      109.0000000000000
 20.12908288112901      110.0000000000000
 19.01297673106579      111.0000000000000
 4.319724035779033      112.0000000000000
 4.057324923380163      113.0000000000000
 4.062203082559630      114.0000000000000
 4.330389795584972      115.0000000000000
 19.04053968672766      116.0000000000000
 20.15244351301844      117.0000000000000
 20.15043122620700      118.0000000000000
 19.03611775665094      119.0000000000000
 4.355706974004714      120.0000000000000
 4.092719995616071      121.0000000000000
 4.103500938792930      122.0000000000000
 4.379171023434916      123.0000000000000
 19.08748748827237      124.0000000000000
 20.19173593285027      125.0000000000000
 20.64105047709009      126.0000000000000
