DISP     element
 0.000000000000000      0.000000000000000
 0.000000000000000      1.000000000000000
 0.000000000000000      2.000000000000000
 1.033049371857913      3.000000000000000
 1.128720228494370      4.000000000000000
 1.345846748680115      5.000000000000000
 1.510700982021989      6.000000000000000
 5.853430335174256      7.000000000000000
 6.090756915910171      8.000000000000000
 6.228221905569772      9.000000000000000
 6.198292784871978      10.00000000000000
 6.153399103825288      11.00000000000000
 5.163682986571125      12.00000000000000
 5.146848030860780      13.00000000000000
 5.362590150114593      14.00000000000000
 5.472870631722969      15.00000000000000
 5.638291354135531      16.00000000000000
 11.96955713905677      17.00000000000000
 12.28019540509150      18.00000000000000
 12.27902279393760      19.00000000000000
 12.15421040770089      20.00000000000000
 11.96699182834583      21.00000000000000
 5.606989431235056      22.00000000000000
 5.330019624823838      23.00000000000000
 5.111657721980071      24.00000000000000
 5.117643578196863      25.00000000000000
 5.126622362522051      26.00000000000000
 6.080305699295195      27.00000000000000
 6.153661815025405      28.00000000000000
 6.016296104199550      29.00000000000000
 5.921999134494221      30.00000000000000
 5.780553679936226      31.00000000000000
 1.476280934805596      32.00000000000000
 1.313404017204358      33.00000000000000
 1.099192031291312      34.00000000000000
 1.005036367339073      35.00000000000000
0.5595910566639273E-002      36.00000000000000
0.7193244528719442E-002      37.00000000000000
0.8451373460644210E-002      38.00000000000000
0.9475196857589536E-002      39.00000000000000
0.1063726781238010E-001      40.00000000000000
0.3540990039282401E-001      41.00000000000000
0.3657197134761457E-001      42.00000000000000
0.3905158057417817E-001      43.00000000000000
0.4100781375754421E-001      44.00000000000000
0.8271012607627252E-001      45.00000000000000
0.8466635925963857E-001      46.00000000000000
0.8464167841418044E-001      47.00000000000000
0.8265549606214756E-001      48.00000000000000
0.4031473757245631E-001      49.00000000000000
0.3832855522042344E-001      50.00000000000000
0.3566762887552823E-001      51.00000000000000
0.3430674362796940E-001      52.00000000000000
0.5295855710202564E-002      53.00000000000000
0.3934970462643731E-002      54.00000000000000
0.1700456278229458E-002      55.00000000000000
0.2752154830707980E-003      56.00000000000000
-.3010758206605852E-001      57.00000000000000
-.3153282286121719E-001      58.00000000000000
-.3436382584872708E-001      59.00000000000000
-.3649890087689547E-001      60.00000000000000
-.8201370269381959E-001      61.00000000000000
-.8414877772198799E-001      62.00000000000000
-.8507187541420518E-001      63.00000000000000
-.8446822849084239E-001      64.00000000000000
-.8286653993755277E-001      65.00000000000000
0.9897640853538718      66.00000000000000
 1.087498879229849      67.00000000000000
 1.307487269382818      68.00000000000000
 1.473707666667226      69.00000000000000
 5.847633603229742      70.00000000000000
 6.086483140272643      71.00000000000000
 6.226537276778480      72.00000000000000
 6.197228543827383      73.00000000000000
 6.153265444400738      74.00000000000000
 5.195779276887612      75.00000000000000
 5.180378172270299      76.00000000000000
 5.399237715131153      77.00000000000000
 5.510438735900648      78.00000000000000
 5.677240267054890      79.00000000000000
 12.05334935179660      80.00000000000000
 12.36583921462324      81.00000000000000
 12.36474617468124      82.00000000000000
 12.23923160942867      83.00000000000000
 12.05095976154980      84.00000000000000
 5.648098089411151      85.00000000000000
 5.368914526677303      86.00000000000000
 5.147341837855673      87.00000000000000
 5.152673728567983      88.00000000000000
 5.160671564636448      89.00000000000000
 6.077799427296191      90.00000000000000
 6.149405048869597      91.00000000000000
 6.009420888751877      92.00000000000000
 5.914580682240061      93.00000000000000
 5.772320372472336      94.00000000000000
 1.440461401368457      95.00000000000000
 1.276387811275441      96.00000000000000
 1.059318463500653      97.00000000000000
0.9629362416824254      98.00000000000000
-.7955395790131142E-001      99.00000000000000
-.7971690918542459E-001      100.0000000000000
-.7916813968634169E-001      101.0000000000000
-.7726882468461668E-001      102.0000000000000
-.7399788254706052E-001      103.0000000000000
-.4269052795718797E-002      104.0000000000000
-.9981106581626379E-003      105.0000000000000
0.4458702549675824E-002      106.0000000000000
0.8051883261693982E-002      107.0000000000000
0.8465008512451042E-001      108.0000000000000
0.8824326583652857E-001      109.0000000000000
0.9049395964422727E-001      110.0000000000000
0.8970740826804001E-001      111.0000000000000
0.7293997408718937E-001      112.0000000000000
0.7215342271100213E-001      113.0000000000000
0.7218006879898954E-001      114.0000000000000
0.7299894191976029E-001      115.0000000000000
0.9045540003639151E-001      116.0000000000000
0.9127427315716224E-001      117.0000000000000
0.8922099439354111E-001      118.0000000000000
0.8584456878851340E-001      119.0000000000000
0.1386707842637882E-001      120.0000000000000
0.1049065282135111E-001      121.0000000000000
0.5037213244824661E-002      122.0000000000000
0.1553604076154247E-002      123.0000000000000
-.7270878896755696E-001      124.0000000000000
-.7619239813622737E-001      125.0000000000000
-.7821931207414998E-001      126.0000000000000
