BETA     element
 13.43280000000000      0.000000000000000
 13.43307828631264      1.000000000000000
 12.96171988968161      2.000000000000000
 2.666886418543189      3.000000000000000
 2.528178619789360      4.000000000000000
 2.519633706733534      5.000000000000000
 2.627595484702577      6.000000000000000
 12.17783806151956      7.000000000000000
 12.62190719771493      8.000000000000000
 12.62190655709787      9.000000000000000
 12.17782911082027      10.00000000000000
 2.629754290083862      11.00000000000000
 2.522145072210023      12.00000000000000
 2.530928692610726      13.00000000000000
 2.670101814790556      14.00000000000000
 12.96120034105799      15.00000000000000
 13.43162892029250      16.00000000000000
 13.43109832537953      17.00000000000000
 12.95886034189893      18.00000000000000
 2.662575401499858      19.00000000000000
 2.524382008439676      20.00000000000000
 2.516079531373069      21.00000000000000
 2.624358219545423      22.00000000000000
 12.17482029262023      23.00000000000000
 12.61884370634981      24.00000000000000
 12.61888329260058      25.00000000000000
 12.17497532611445      26.00000000000000
 2.631721249137706      27.00000000000000
 2.524476383899915      28.00000000000000
 2.533494413288127      29.00000000000000
 2.673105667471571      30.00000000000000
 12.95747668511772      31.00000000000000
 13.42678644297118      32.00000000000000
 13.42597782798661      33.00000000000000
 13.42570496473315      34.00000000000000
 12.95298078065697      35.00000000000000
 2.947659377526322      36.00000000000000
 2.819479399701372      37.00000000000000
 2.818512568175973      38.00000000000000
 2.943310738655278      39.00000000000000
 12.89724320623270      40.00000000000000
 13.36750784905534      41.00000000000000
 13.36715671454839      42.00000000000000
 13.36735172533122      43.00000000000000
 12.89623951648794      44.00000000000000
 2.656731464905477      45.00000000000000
 2.523867006649434      46.00000000000000
 2.518734706134841      47.00000000000000
 2.632687880207032      48.00000000000000
 12.21563588321832      49.00000000000000
 12.65764452334590      50.00000000000000
 12.65657312119418      51.00000000000000
 12.21092734021231      52.00000000000000
 2.622743921712352      53.00000000000000
 2.511223060463020      54.00000000000000
 2.517526046640650      55.00000000000000
 2.651966655587441      56.00000000000000
 12.88762746334445      57.00000000000000
 13.35767509106218      58.00000000000000
 13.35744040799791      59.00000000000000
 12.88653816140539      60.00000000000000
 2.656234287039965      61.00000000000000
 2.523875385070419      62.00000000000000
 2.519016244103709      63.00000000000000
 2.633406907537561      64.00000000000000
 12.20913381633684      65.00000000000000
 12.65013559202350      66.00000000000000
 12.64863228284047      67.00000000000000
 12.20251968958788      68.00000000000000
 2.618347013254752      69.00000000000000
 2.507324329198747      70.00000000000000
 2.513832495273405      71.00000000000000
 2.648471087377672      72.00000000000000
 12.87514998238372      73.00000000000000
 13.34459348685900      74.00000000000000
 13.34416428904904      75.00000000000000
 13.34428058337176      76.00000000000000
 12.87397613106045      77.00000000000000
 2.942799787360509      78.00000000000000
 2.820391728380025      79.00000000000000
 2.822902957109703      80.00000000000000
 2.954036433805536      81.00000000000000
 12.95670714954388      82.00000000000000
 13.42562419101978      83.00000000000000
 13.42476249688643      84.00000000000000
 13.42443536472307      85.00000000000000
 12.95122699555319      86.00000000000000
 2.661910560377204      87.00000000000000
 2.524926822934458      88.00000000000000
 2.517097231259333      89.00000000000000
 2.625715434846416      90.00000000000000
 12.12976434059535      91.00000000000000
 12.57037530895998      92.00000000000000
 12.56949413757471      93.00000000000000
 12.12578376473519      94.00000000000000
 2.617257279253808      95.00000000000000
 2.511971237857222      96.00000000000000
 2.522041403006771      97.00000000000000
 2.663381563354353      98.00000000000000
 12.94871094706842      99.00000000000000
 13.41667436831200      100.0000000000000
 13.41495380665117      101.0000000000000
 12.94115885121957      102.0000000000000
 2.655409505692779      103.0000000000000
 2.518870737990497      104.0000000000000
 2.511178754606125      105.0000000000000
 2.619803376009915      106.0000000000000
 12.10870055810864      107.0000000000000
 12.54857311876362      108.0000000000000
 12.54771584730808      109.0000000000000
 12.10481261311270      110.0000000000000
 2.616186455014896      111.0000000000000
 2.511580572560360      112.0000000000000
 2.521986986526881      113.0000000000000
 2.663819148156041      114.0000000000000
 12.93770582061088      115.0000000000000
 13.40432363848895      116.0000000000000
 13.40293130015886      117.0000000000000
 13.40207169170482      118.0000000000000
 12.92808276957244      119.0000000000000
 2.936760095437206      120.0000000000000
 2.810022357789489      121.0000000000000
 2.809480403602187      122.0000000000000
 2.934177565787285      123.0000000000000
 12.81128267309583      124.0000000000000
 13.27678559296705      125.0000000000000
 13.27604477563406      126.0000000000000
