BETA     element
 2.797120000000000      0.000000000000000
 2.798429208140258      1.000000000000000
 2.925360976843207      2.000000000000000
 12.93548422108545      3.000000000000000
 13.38606868321132      4.000000000000000
 13.36107271624450      5.000000000000000
 12.82625513568030      6.000000000000000
 2.408333362466921      7.000000000000000
 2.295412413055178      8.000000000000000
 2.295366011507389      9.000000000000000
 2.408144712109576      10.00000000000000
 12.83515336887816      11.00000000000000
 13.37078005312932      12.00000000000000
 13.39601570349846      13.00000000000000
 12.94544622207601      14.00000000000000
 2.925957875809564      15.00000000000000
 2.798297468597189      16.00000000000000
 2.797831022249058      17.00000000000000
 2.923841578483546      18.00000000000000
 12.91758652285073      19.00000000000000
 13.36788929881393      20.00000000000000
 13.34313933462838      21.00000000000000
 12.80944875891906      22.00000000000000
 2.407732928888966      23.00000000000000
 2.294859766299735      24.00000000000000
 2.294810059398628      25.00000000000000
 2.407580363567476      26.00000000000000
 12.84559762035176      27.00000000000000
 13.38208337958229      28.00000000000000
 13.40755151542300      29.00000000000000
 12.95692279484270      30.00000000000000
 2.926043733195546      31.00000000000000
 2.797526615187709      32.00000000000000
 2.795751717946432      33.00000000000000
 2.796549640003669      34.00000000000000
 2.921547544745323      35.00000000000000
 12.89298191224810      36.00000000000000
 13.36576837505097      37.00000000000000
 13.36754847239053      38.00000000000000
 12.90093122833117      39.00000000000000
 2.974410699738194      40.00000000000000
 2.848479058690983      41.00000000000000
 2.847366850758509      42.00000000000000
 2.848818562904160      43.00000000000000
 2.976088061959881      44.00000000000000
 12.97078525760235      45.00000000000000
 13.41845567994768      46.00000000000000
 13.39128434689953      47.00000000000000
 12.85180078710765      48.00000000000000
 2.363808727471630      49.00000000000000
 2.248122359440874      50.00000000000000
 2.246511986559380      51.00000000000000
 2.356527173739619      52.00000000000000
 12.76372227057618      53.00000000000000
 13.30230655606345      54.00000000000000
 13.33066874002172      55.00000000000000
 12.88799285732157      56.00000000000000
 2.972387567845536      57.00000000000000
 2.846410347626269      58.00000000000000
 2.846698189452596      59.00000000000000
 2.973805733703463      60.00000000000000
 12.97087686322090      61.00000000000000
 13.41905792196709      62.00000000000000
 13.39217821209207      63.00000000000000
 12.85318352257741      64.00000000000000
 2.363470335257139      65.00000000000000
 2.247051897310447      66.00000000000000
 2.244980199520368      67.00000000000000
 2.354107995436270      68.00000000000000
 12.74329126473935      69.00000000000000
 13.28144650756083      70.00000000000000
 13.30999476618522      71.00000000000000
 12.86839077868454      72.00000000000000
 2.969584739269461      73.00000000000000
 2.843653350638642      74.00000000000000
 2.842491070889944      75.00000000000000
 2.843889619370634      76.00000000000000
 2.970744108574218      77.00000000000000
 12.96425536925856      78.00000000000000
 13.43588052087545      79.00000000000000
 13.43576726462880      80.00000000000000
 12.96368983684216      81.00000000000000
 2.931525177121284      82.00000000000000
 2.800819679984565      83.00000000000000
 2.798381604720482      84.00000000000000
 2.798508175640857      85.00000000000000
 2.921162033627394      86.00000000000000
 12.85523496366556      87.00000000000000
 13.30391440349793      88.00000000000000
 13.27939680397112      89.00000000000000
 12.74814549826026      90.00000000000000
 2.395486131044748      91.00000000000000
 2.283580860351647      92.00000000000000
 2.283866345676926      93.00000000000000
 2.396927369787831      94.00000000000000
 12.85177290802026      95.00000000000000
 13.39033367651891      96.00000000000000
 13.41702202529871      97.00000000000000
 12.96849303384565      98.00000000000000
 2.930761142390702      99.00000000000000
 2.799242082882798      100.0000000000000
 2.796441994947303      101.0000000000000
 2.918119125394302      102.0000000000000
 12.82612158333411      103.0000000000000
 13.27393095629096      104.0000000000000
 13.24957012443335      105.0000000000000
 12.71973268338890      106.0000000000000
 2.391426755861360      107.0000000000000
 2.279673260390121      108.0000000000000
 2.279935797139261      109.0000000000000
 2.392813236572766      110.0000000000000
 12.84845916351299      111.0000000000000
 13.38750425235461      112.0000000000000
 13.41451141366914      113.0000000000000
 12.96658946513639      114.0000000000000
 2.929220517602026      115.0000000000000
 2.796981630789699      116.0000000000000
 2.794059992100872      117.0000000000000
 2.793694082007521      118.0000000000000
 2.914304793443434      119.0000000000000
 12.79032963641738      120.0000000000000
 13.25982207266553      121.0000000000000
 13.26165742991584      122.0000000000000
 12.79855359992576      123.0000000000000
 2.948172011766703      124.0000000000000
 2.823529445302542      125.0000000000000
 2.822557219654928      126.0000000000000
