DISP     element
0.4738760000000000E-002      0.000000000000000
0.4719792080000000E-002      1.000000000000000
0.4569340038119475E-002      2.000000000000000
0.4629351286981917      3.000000000000000
0.5261180882185645      4.000000000000000
0.5676348585640063      5.000000000000000
0.6514611577625208      6.000000000000000
 2.689465605993968      7.000000000000000
 2.784357444398778      8.000000000000000
 2.810187151833702      9.000000000000000
 2.804704334329926      10.00000000000000
 2.232715644409605      11.00000000000000
 2.263444680924129      12.00000000000000
 2.305014115200697      13.00000000000000
 2.421481646301489      14.00000000000000
 5.493042340050546      15.00000000000000
 5.593365098032200      16.00000000000000
 5.593333765560442      17.00000000000000
 5.492899997898070      18.00000000000000
 2.419452659724111      19.00000000000000
 2.302920065294475      20.00000000000000
 2.261338686052598      21.00000000000000
 2.230634064687913      22.00000000000000
 2.803861094134334      23.00000000000000
 2.809384607985507      24.00000000000000
 2.783558153865841      25.00000000000000
 2.688636882434258      26.00000000000000
0.6495788292752328      27.00000000000000
0.5657424845700599      28.00000000000000
0.5242480533098555      29.00000000000000
0.4611525914368892      30.00000000000000
0.5113651394416955E-002      31.00000000000000
0.5387600811919325E-002      32.00000000000000
0.5437895578723942E-002      33.00000000000000
0.5488190345528559E-002      34.00000000000000
0.5567580565249781E-002      35.00000000000000
0.5291357333870483E-002      36.00000000000000
0.5290766192611051E-002      37.00000000000000
0.5298874737876913E-002      38.00000000000000
0.5326430607048621E-002      39.00000000000000
0.6022051925937197E-002      40.00000000000000
0.6009625355426032E-002      41.00000000000000
0.5990743935171960E-002      42.00000000000000
0.5971862514917887E-002      43.00000000000000
0.5854076751426152E-002      44.00000000000000
0.4652683953865486      45.00000000000000
0.5284513503045282      46.00000000000000
0.5699348955399033      47.00000000000000
0.6536452018197714      48.00000000000000
 2.688673376607886      49.00000000000000
 2.783413600461004      50.00000000000000
 2.809170414382172      51.00000000000000
 2.803581255978860      52.00000000000000
 2.230192518815183      53.00000000000000
 2.260877401655153      54.00000000000000
 2.302441716158977      55.00000000000000
 2.418937259848783      56.00000000000000
 5.491674486349948      57.00000000000000
 5.592039983764414      58.00000000000000
 5.592015670427642      59.00000000000000
 5.491562941384913      60.00000000000000
 2.417315456090638      61.00000000000000
 2.300800988715569      62.00000000000000
 2.259265352834599      63.00000000000000
 2.228702927296799      64.00000000000000
 2.805410505628796      65.00000000000000
 2.811100529138966      66.00000000000000
 2.785347593442304      67.00000000000000
 2.690519930009833      68.00000000000000
0.6523930782463759      69.00000000000000
0.5685774819643082      70.00000000000000
0.5270776938292432      71.00000000000000
0.4639405290996305      72.00000000000000
0.6564029460052788E-002      73.00000000000000
0.6784015504023491E-002      74.00000000000000
0.6827204359370162E-002      75.00000000000000
0.6870393214716830E-002      76.00000000000000
0.6955048952627362E-002      77.00000000000000
0.7285143332828663E-002      78.00000000000000
0.7259146490832680E-002      79.00000000000000
0.7217531088620888E-002      80.00000000000000
0.7095884717010727E-002      81.00000000000000
0.4215946501921167E-002      82.00000000000000
0.4041205674363356E-002      83.00000000000000
0.3989826511512029E-002      84.00000000000000
0.3938447348660706E-002      85.00000000000000
0.3753063824719699E-002      86.00000000000000
0.4628653665307311      87.00000000000000
0.5260503045438327      88.00000000000000
0.5675441705059093      89.00000000000000
0.6512910225389743      90.00000000000000
 2.687325942495969      91.00000000000000
 2.782105509437442      92.00000000000000
 2.807871171361254      93.00000000000000
 2.802272115306138      94.00000000000000
 2.228328683216140      95.00000000000000
 2.259050467942448      96.00000000000000
 2.300674047559792      97.00000000000000
 2.417341325072088      98.00000000000000
 5.494145063222001      99.00000000000000
 5.594687558572397      100.0000000000000
 5.594729684043365      101.0000000000000
 5.494334891891694      102.0000000000000
 2.420002111117030      103.0000000000000
 2.303467048760210      104.0000000000000
 2.261913316649903      105.0000000000000
 2.231305426386327      106.0000000000000
 2.806926116433603      107.0000000000000
 2.812568664609675      108.0000000000000
 2.786800547506005      109.0000000000000
 2.691968986516537      110.0000000000000
0.6541173170529854      111.0000000000000
0.5702457793427010      112.0000000000000
0.5286742856120702      113.0000000000000
0.4653403761555386      114.0000000000000
0.3428875765426105E-002      115.0000000000000
0.3457248616029678E-002      116.0000000000000
0.3466507692131862E-002      117.0000000000000
0.3475766768234047E-002      118.0000000000000
0.3512144148100618E-002      119.0000000000000
0.4200888055850284E-002      120.0000000000000
0.4198636880680059E-002      121.0000000000000
0.4172639472204386E-002      122.0000000000000
0.4084534299336935E-002      123.0000000000000
0.1883513149455758E-002      124.0000000000000
0.1739405344671340E-002      125.0000000000000
0.1693979565762068E-002      126.0000000000000
