 SGx1               SGx2              SGy1                SGy2              chrom_x            chrom_y            CONS(MU)           quad_Kx                 quad_Ky                 quad_Kz                  alpha_0              alpha_1            eta_1
 0.000000000000000  0.000000000000000  0.000000000000000  0.000000000000000 -3.735647759396200 -3.745471491189460 0.1635648284944908 -.1507817013027023E-003 -.7010675839712779E-003 0.1115072938811378E-001 0.1038035621050880 0.2472532728213623  1.022232683595873
 0.000000000000000 0.2000000000000000E-001  0.000000000000000  0.000000000000000 0.4068731663526173 -.2607548844294830 0.1635648284944908 -.4547395862809361E-003 -.4259214396384299E-002 0.7648085707629358E-002 0.1038035621050880 -.4723311058520052E-001 0.7277463001893103
 0.000000000000000 0.4000000000000000E-001  0.000000000000000  0.000000000000000  4.549394092101434  3.223961722330492 0.1635648284944908 -.7586974712591384E-003 -.7817361208797157E-002 0.4145442167128374E-002 0.1038035621050880 -.3417194939917642 0.4332599167827466
 0.000000000000000 0.6000000000000000E-001  0.000000000000000  0.000000000000000  8.691915017850238  6.708678329090463 0.1635648284944908 -.1062655356237350E-002 -.1137550802121009E-001 0.6427984387145525E-003 0.1038035621050880 -.6362058773983287 0.1387735333761821
 0.000000000000000 0.8000000000000000E-001  0.000000000000000  0.000000000000000  12.83443594359907  10.19339493585045 0.1635648284944908 -.1366613241215607E-002 -.1493365483362325E-001 -.2859844815613789E-002 0.1038035621050880 -.9306922608048930 -.1557128500303823
0.2000000000000000E-001  0.000000000000000  0.000000000000000  0.000000000000000 0.5754707816827740 -.2760450735411445 0.1635648284944908 -.4940059360900273E-003 -.3519608632892126E-002 -.7615591797425602E-003 0.1038035621050880 -.9301331286598542 -.1551537178853434
0.2000000000000000E-001 0.2000000000000000E-001  0.000000000000000  0.000000000000000  4.717991707431595  3.208671533218833 0.1635648284944908 -.7979638210682023E-003 -.7077755445304861E-002 -.4264202863945461E-002 0.1038035621050880 -1.224619512066419 -.4496401012919077
0.2000000000000000E-001 0.4000000000000000E-001  0.000000000000000  0.000000000000000  8.860512633180399  6.693388139978802 0.1635648284944908 -.1101921706046491E-002 -.1063590225771814E-001 -.7766846350475925E-002 0.1038035621050880 -1.519105895472983 -.7441264846984718
0.2000000000000000E-001 0.6000000000000000E-001  0.000000000000000  0.000000000000000  13.00303355892923  10.17810474673880 0.1635648284944908 -.1405879591024631E-002 -.1419404907013067E-001 -.1126949013232295E-001 0.1038035621050880 -1.813592278879548 -1.038612868105037
0.2000000000000000E-001 0.8000000000000000E-001  0.000000000000000  0.000000000000000  17.14555448467804  13.66282135349875 0.1635648284944908 -.1709837476002819E-002 -.1775219588254348E-001 -.1477213342758353E-001 0.1038035621050880 -2.108078662286112 -1.333099251511601
0.4000000000000000E-001  0.000000000000000  0.000000000000000  0.000000000000000  4.886589322761752  3.193381344107175 0.1635648284944908 -.8372301708768134E-003 -.6338149681810386E-002 -.1267384771222657E-001 0.1038035621050880 -2.107519530141073 -1.332540119366562
0.4000000000000000E-001 0.2000000000000000E-001  0.000000000000000  0.000000000000000  9.029110248510566  6.678097950867155 0.1635648284944908 -.1141188055855014E-002 -.9896296494223232E-002 -.1617649140976719E-001 0.1038035621050880 -2.402005913547636 -1.627026502773125
0.4000000000000000E-001 0.4000000000000000E-001  0.000000000000000  0.000000000000000  13.17163117425939  10.16281455762713 0.1635648284944908 -.1445145940833235E-002 -.1345444330663620E-001 -.1967913495741380E-001 0.1038035621050880 -2.696492296954200 -1.921512886179689
0.4000000000000000E-001 0.6000000000000000E-001  0.000000000000000  0.000000000000000  17.31415210000822  13.64753116438711 0.1635648284944908 -.1749103825811456E-002 -.1701259011904915E-001 -.2318177864371987E-001 0.1038035621050880 -2.990978680360765 -2.215999269586254
0.4000000000000000E-001 0.8000000000000000E-001  0.000000000000000  0.000000000000000  21.45667302575706  17.13224777114711 0.1635648284944908 -.2053061710789596E-002 -.2057073693146178E-001 -.2668442200784452E-001 0.1038035621050880 -3.285465063767329 -2.510485652992818
0.6000000000000000E-001  0.000000000000000  0.000000000000000  0.000000000000000  9.197707863840742  6.662807761755508 0.1635648284944908 -.1180454405664571E-002 -.9156690730733181E-002 -.2458613629149843E-001 0.1038035621050880 -3.284905931622290 -2.509926520847779
0.6000000000000000E-001 0.2000000000000000E-001  0.000000000000000  0.000000000000000  13.34022878958955  10.14752436851548 0.1635648284944908 -.1484412290642736E-002 -.1271483754314589E-001 -.2808877997232301E-001 0.1038035621050880 -3.579392315028854 -2.804412904254343
0.6000000000000000E-001 0.4000000000000000E-001  0.000000000000000  0.000000000000000  17.48274971533838  13.63224097527546 0.1635648284944908 -.1788370175621003E-002 -.1627298435555905E-001 -.3159142349651226E-001 0.1038035621050880 -3.873878698435419 -3.098899287660908
0.6000000000000000E-001 0.6000000000000000E-001  0.000000000000000  0.000000000000000  21.62527064108719  17.11695758203543 0.1635648284944908 -.2092328060599272E-002 -.1983113116797227E-001 -.3509406725007069E-001 0.1038035621050880 -4.168365081841981 -3.393385671067470
0.6000000000000000E-001 0.8000000000000000E-001  0.000000000000000  0.000000000000000  25.76779156683601  20.60167418879541 0.1635648284944908 -.2396285945577340E-002 -.2338927798038452E-001 -.3859671057990909E-001 0.1038035621050880 -4.462851465248542 -3.687872054474032
0.8000000000000000E-001  0.000000000000000  0.000000000000000  0.000000000000000  13.50882640491972  10.13223417940382 0.1635648284944908 -.1523678640451765E-002 -.1197523177965339E-001 -.3649842500768424E-001 0.1038035621050880 -4.462292333103505 -3.687312922328994
0.8000000000000000E-001 0.2000000000000000E-001  0.000000000000000  0.000000000000000  17.65134733066852  13.61695078616379 0.1635648284944908 -.1827636525429978E-002 -.1553337859206636E-001 -.4000106868253196E-001 0.1038035621050880 -4.756778716510065 -3.981799305735554
0.8000000000000000E-001 0.4000000000000000E-001  0.000000000000000  0.000000000000000  21.79386825641734  17.10166739292378 0.1635648284944908 -.2131594410408373E-002 -.1909152540448069E-001 -.4350371220649360E-001 0.1038035621050880 -5.051265099916632 -4.276285689142122
0.8000000000000000E-001 0.6000000000000000E-001  0.000000000000000  0.000000000000000  25.93638918216614  20.58638399968373 0.1635648284944908 -.2435552295386411E-002 -.2264967221689220E-001 -.4700635592637584E-001 0.1038035621050880 -5.345751483323196 -4.570772072548685
0.8000000000000000E-001 0.8000000000000000E-001  0.000000000000000  0.000000000000000  30.07891010791496  24.07110060644371 0.1635648284944908 -.2739510180364781E-002 -.2620781902930653E-001 -.5050899934666313E-001 0.1038035621050880 -5.640237866729762 -4.865258455955251
 0.000000000000000  0.000000000000000 -.3000000000000000E-001  0.000000000000000  1.023137623113926  1.323291200392125 0.1635648284944908 -.1781742046949126E-002 -.4968628983725621E-002 0.1264694853401096E-001 0.1038035621050880 0.4871141755022071  1.262093586276718
 0.000000000000000 0.2000000000000000E-001 -.3000000000000000E-001  0.000000000000000  5.165658548862734  4.808007807152096 0.1635648284944908 -.2085699931927345E-002 -.8526775796138567E-002 0.9144304848465658E-002 0.1038035621050880 0.1926277920956438 0.9676072028701546
 0.000000000000000 0.4000000000000000E-001 -.3000000000000000E-001  0.000000000000000  9.308179474611558  8.292724413912078 0.1635648284944908 -.2389657816905540E-002 -.1208492260855142E-001 0.5641661211913094E-002 0.1038035621050880 -.1018585913109182 0.6731208194635926
 0.000000000000000 0.6000000000000000E-001 -.3000000000000000E-001  0.000000000000000  13.45070040036035  11.77744102067204 0.1635648284944908 -.2693615701883811E-002 -.1564306942096454E-001 0.2139017464765833E-002 0.1038035621050880 -.3963449747174829 0.3786344360570279
 0.000000000000000 0.8000000000000000E-001 -.3000000000000000E-001  0.000000000000000  17.59322132610921  15.26215762743204 0.1635648284944908 -.2997573586862017E-002 -.1920121623337752E-001 -.1363625735685903E-002 0.1038035621050880 -.6908313581240473 0.8414805265046349E-001
0.2000000000000000E-001  0.000000000000000 -.3000000000000000E-001  0.000000000000000  5.334256164192896  4.792717618040439 0.1635648284944908 -.2124966281736460E-002 -.7787170032646438E-002 0.7346598172324221E-003 0.1038035621050880 -.6902722259790085 0.8470718479550227E-001
0.2000000000000000E-001 0.2000000000000000E-001 -.3000000000000000E-001  0.000000000000000  9.476777089941711  8.277434224800414 0.1635648284944908 -.2428924166714633E-002 -.1134531684505927E-001 -.2767983821527928E-002 0.1038035621050880 -.9847586093855728 -.2097791986110621
0.2000000000000000E-001 0.4000000000000000E-001 -.3000000000000000E-001  0.000000000000000  13.61929801569052  11.76215083156039 0.1635648284944908 -.2732882051692833E-002 -.1490346365747206E-001 -.6270627219549601E-002 0.1038035621050880 -1.279244992792137 -.5042655820176264
0.2000000000000000E-001 0.6000000000000000E-001 -.3000000000000000E-001  0.000000000000000  17.76181894143936  15.24686743832038 0.1635648284944908 -.3036839936671033E-002 -.1846161046988491E-001 -.9773271062247476E-002 0.1038035621050880 -1.573731376198701 -.7987519654241898
0.2000000000000000E-001 0.8000000000000000E-001 -.3000000000000000E-001  0.000000000000000  21.90433986718816  18.73158404508034 0.1635648284944908 -.3340797821649344E-002 -.2201975728229826E-001 -.1327591432259428E-001 0.1038035621050880 -1.868217759605266 -1.093238348830756
0.4000000000000000E-001  0.000000000000000 -.3000000000000000E-001  0.000000000000000  9.645374705271877  8.262144035688760 0.1635648284944908 -.2468190516523301E-002 -.1060571108156494E-001 -.1117762872782719E-001 0.1038035621050880 -1.867658627460228 -1.092679216685717
0.4000000000000000E-001 0.2000000000000000E-001 -.3000000000000000E-001  0.000000000000000  13.78789563102069  11.74686064244873 0.1635648284944908 -.2772148401501460E-002 -.1416385789397764E-001 -.1468027229975731E-001 0.1038035621050880 -2.162145010866790 -1.387165600092279
0.4000000000000000E-001 0.4000000000000000E-001 -.3000000000000000E-001  0.000000000000000  17.93041655676949  15.23157724920870 0.1635648284944908 -.3076106286479639E-002 -.1772200470639043E-001 -.1818291578414459E-001 0.1038035621050880 -2.456631394273354 -1.681651983498843
0.4000000000000000E-001 0.6000000000000000E-001 -.3000000000000000E-001  0.000000000000000  22.07293748251833  18.71629385596870 0.1635648284944908 -.3380064171457943E-002 -.2128015151880376E-001 -.2168555955458689E-001 0.1038035621050880 -2.751117777679919 -1.976138366905408
0.4000000000000000E-001 0.8000000000000000E-001 -.3000000000000000E-001  0.000000000000000  26.21545840826712  22.20101046272865 0.1635648284944908 -.3684022056436248E-002 -.2483829833121710E-001 -.2518820292760279E-001 0.1038035621050880 -3.045604161086484 -2.270624750311973
0.6000000000000000E-001  0.000000000000000 -.3000000000000000E-001  0.000000000000000  13.95649324635085  11.73157045333708 0.1635648284944908 -.2811414751310956E-002 -.1342425213048731E-001 -.2308991729600718E-001 0.1038035621050880 -3.045045028941444 -2.270065618166933
0.6000000000000000E-001 0.2000000000000000E-001 -.3000000000000000E-001  0.000000000000000  18.09901417209966  15.21628706009704 0.1635648284944908 -.3115372636289131E-002 -.1698239894290002E-001 -.2659256086785590E-001 0.1038035621050880 -3.339531412348008 -2.564552001573497
0.6000000000000000E-001 0.4000000000000000E-001 -.3000000000000000E-001  0.000000000000000  22.24153509784848  18.70100366685703 0.1635648284944908 -.3419330521267291E-002 -.2054054575531309E-001 -.3009520439842018E-001 0.1038035621050880 -3.634017795754573 -2.859038384980062
0.6000000000000000E-001 0.6000000000000000E-001 -.3000000000000000E-001  0.000000000000000  26.38405602359732  22.18572027361703 0.1635648284944908 -.3723288406245613E-002 -.2409869256772647E-001 -.3359784807688374E-001 0.1038035621050880 -3.928504179161135 -3.153524768386625
0.6000000000000000E-001 0.8000000000000000E-001 -.3000000000000000E-001  0.000000000000000  30.52657694934612  25.67043688037698 0.1635648284944908 -.4027246291223825E-002 -.2765683938013953E-001 -.3710049149080900E-001 0.1038035621050880 -4.222990562567699 -3.448011151793188
0.8000000000000000E-001  0.000000000000000 -.3000000000000000E-001  0.000000000000000  18.26761178742983  15.20099687098541 0.1635648284944908 -.3154638986098314E-002 -.1624279317940832E-001 -.3500220600972426E-001 0.1038035621050880 -4.222431430422663 -3.447452019648152
0.8000000000000000E-001 0.2000000000000000E-001 -.3000000000000000E-001  0.000000000000000  22.41013271317863  18.68571347774536 0.1635648284944908 -.3458596871076822E-002 -.1980093999182224E-001 -.3850484958177490E-001 0.1038035621050880 -4.516917813829225 -3.741938403054714
0.8000000000000000E-001 0.4000000000000000E-001 -.3000000000000000E-001  0.000000000000000  26.55265363892745  22.17043008450534 0.1635648284944908 -.3762554756054818E-002 -.2335908680423417E-001 -.4200749311281728E-001 0.1038035621050880 -4.811404197235789 -4.036424786461279
0.8000000000000000E-001 0.6000000000000000E-001 -.3000000000000000E-001  0.000000000000000  30.69517456467629  25.65514669126533 0.1635648284944908 -.4066512641033082E-002 -.2691723361664823E-001 -.4551013683560750E-001 0.1038035621050880 -5.105890580642352 -4.330911169867841
0.8000000000000000E-001 0.8000000000000000E-001 -.3000000000000000E-001  0.000000000000000  34.83769549042510  29.13986329802531 0.1635648284944908 -.4370470526011218E-002 -.3047538042906047E-001 -.4901278017208922E-001 0.1038035621050880 -5.400376964048917 -4.625397553274406
 0.000000000000000  0.000000000000000 -.6000000000000000E-001  0.000000000000000  5.781923005624033  6.392053891973695 0.1635648284944908 -.3412702392595441E-002 -.9236190383479394E-002 0.1414316752502166E-001 0.1038035621050880 0.7269750781830537  1.501954488957565
 0.000000000000000 0.2000000000000000E-001 -.6000000000000000E-001  0.000000000000000  9.924443931372853  9.876770498733675 0.1635648284944908 -.3716660277573695E-002 -.1279433719589252E-001 0.1064052392157855E-001 0.1038035621050880 0.4324886947764886  1.207468105550999
 0.000000000000000 0.4000000000000000E-001 -.6000000000000000E-001  0.000000000000000  14.06696485712168  13.36148710549366 0.1635648284944908 -.4020618162551943E-002 -.1635248400830561E-001 0.7137880348186629E-002 0.1038035621050880 0.1380023113699261 0.9129817221444370
 0.000000000000000 0.6000000000000000E-001 -.6000000000000000E-001  0.000000000000000  18.20948578287049  16.84620371225363 0.1635648284944908 -.4324576047530176E-002 -.1991063082071863E-001 0.3635236629052009E-002 0.1038035621050880 -.1564840720366369 0.6184953387378738
 0.000000000000000 0.8000000000000000E-001 -.6000000000000000E-001  0.000000000000000  22.35200670861933  20.33092031901363 0.1635648284944908 -.4628533932508229E-002 -.2346877763313081E-001 0.1325932433394263E-003 0.1038035621050880 -.4509704554432010 0.3240089553313098
0.2000000000000000E-001  0.000000000000000 -.6000000000000000E-001  0.000000000000000  10.09304154670301  9.861480309622017 0.1635648284944908 -.3755926627382826E-002 -.1205473143240041E-001 0.2230878865116646E-002 0.1038035621050880 -.4504113232981625 0.3245680874763482
0.2000000000000000E-001 0.2000000000000000E-001 -.6000000000000000E-001  0.000000000000000  14.23556247245182  13.34619691638199 0.1635648284944908 -.4059884512360990E-002 -.1561287824481323E-001 -.1271764644325285E-002 0.1038035621050880 -.7448977067047270 0.3008170406978372E-001
0.2000000000000000E-001 0.4000000000000000E-001 -.6000000000000000E-001  0.000000000000000  18.37808339820066  16.83091352314198 0.1635648284944908 -.4363842397339227E-002 -.1917102505722623E-001 -.4774408174431558E-002 0.1038035621050880 -1.039384090111292 -.2644046793367808
0.2000000000000000E-001 0.6000000000000000E-001 -.6000000000000000E-001  0.000000000000000  22.52060432394946  20.31563012990194 0.1635648284944908 -.4667800282317469E-002 -.2272917186963928E-001 -.8277051897823786E-002 0.1038035621050880 -1.333870473517856 -.5588910627433449
0.2000000000000000E-001 0.8000000000000000E-001 -.6000000000000000E-001  0.000000000000000  26.66312524969827  23.80034673666192 0.1635648284944908 -.4971758167295642E-002 -.2628731868205192E-001 -.1177969533566960E-001 0.1038035621050880 -1.628356856924420 -.8533774461499087
0.4000000000000000E-001  0.000000000000000 -.6000000000000000E-001  0.000000000000000  14.40416008778199  13.33090672727034 0.1635648284944908 -.4099150862169730E-002 -.1487327248131929E-001 -.9681409711344648E-002 0.1038035621050880 -1.627797724779381 -.8528183140048703
0.4000000000000000E-001 0.2000000000000000E-001 -.6000000000000000E-001  0.000000000000000  18.54668101353082  16.81562333403032 0.1635648284944908 -.4403108747147982E-002 -.1843141929373236E-001 -.1318405321080627E-001 0.1038035621050880 -1.922284108185945 -1.147304697411434
0.4000000000000000E-001 0.4000000000000000E-001 -.6000000000000000E-001  0.000000000000000  22.68920193927963  20.30033994079030 0.1635648284944908 -.4707066632126233E-002 -.2198956610614555E-001 -.1668669674166832E-001 0.1038035621050880 -2.216770491592511 -1.441791080818000
0.4000000000000000E-001 0.6000000000000000E-001 -.6000000000000000E-001  0.000000000000000  26.83172286502846  23.78505654755028 0.1635648284944908 -.5011024517104442E-002 -.2554771291855842E-001 -.2018934046478782E-001 0.1038035621050880 -2.511256874999074 -1.736277464224563
0.4000000000000000E-001 0.8000000000000000E-001 -.6000000000000000E-001  0.000000000000000  30.97424379077726  27.26977315431025 0.1635648284944908 -.5314982402082619E-002 -.2910585973097125E-001 -.2369198383751886E-001 0.1038035621050880 -2.805743258405637 -2.030763847631126
0.6000000000000000E-001  0.000000000000000 -.6000000000000000E-001  0.000000000000000  18.71527862886099  16.80033314491867 0.1635648284944908 -.4442375096957254E-002 -.1769181353024099E-001 -.2159369824789701E-001 0.1038035621050880 -2.805184126260601 -2.030204715486090
0.6000000000000000E-001 0.2000000000000000E-001 -.6000000000000000E-001  0.000000000000000  22.85779955460979  20.28504975167863 0.1635648284944908 -.4746332981935258E-002 -.2124996034265300E-001 -.2509634177837660E-001 0.1038035621050880 -3.099670509667161 -2.324691098892650
0.6000000000000000E-001 0.4000000000000000E-001 -.6000000000000000E-001  0.000000000000000  27.00032048035861  23.76976635843861 0.1635648284944908 -.5050290866913544E-002 -.2480810715506621E-001 -.2859898530926849E-001 0.1038035621050880 -3.394156893073727 -2.619177482299216
0.6000000000000000E-001 0.6000000000000000E-001 -.6000000000000000E-001  0.000000000000000  31.14284140610741  27.25448296519858 0.1635648284944908 -.5354248751891819E-002 -.2836625396747943E-001 -.3210162903251899E-001 0.1038035621050880 -3.688643276480290 -2.913663865705779
0.6000000000000000E-001 0.8000000000000000E-001 -.6000000000000000E-001  0.000000000000000  35.28536233185622  30.73919957195855 0.1635648284944908 -.5658206636870067E-002 -.3192440077989255E-001 -.3560427240216304E-001 0.1038035621050880 -3.983129659886858 -3.208150249112347
0.8000000000000000E-001  0.000000000000000 -.6000000000000000E-001  0.000000000000000  23.02639716993995  20.26975956256698 0.1635648284944908 -.4785599331744676E-002 -.2051035457916229E-001 -.3350598696143431E-001 0.1038035621050880 -3.982570527741814 -3.207591116967303
0.8000000000000000E-001 0.2000000000000000E-001 -.6000000000000000E-001  0.000000000000000  27.16891809568875  23.75447616932696 0.1635648284944908 -.5089557216722823E-002 -.2406850139157488E-001 -.3700863049169537E-001 0.1038035621050880 -4.277056911148377 -3.502077500373866
0.8000000000000000E-001 0.4000000000000000E-001 -.6000000000000000E-001  0.000000000000000  31.31143902143761  27.23919277608696 0.1635648284944908 -.5393515101701088E-002 -.2762664820398809E-001 -.4051127402307050E-001 0.1038035621050880 -4.571543294554945 -3.796563883780434
0.8000000000000000E-001 0.6000000000000000E-001 -.6000000000000000E-001  0.000000000000000  35.45395994718637  30.72390938284688 0.1635648284944908 -.5697472986679331E-002 -.3118479501640118E-001 -.4401391774551409E-001 0.1038035621050880 -4.866029677961506 -4.091050267186995
0.8000000000000000E-001 0.8000000000000000E-001 -.6000000000000000E-001  0.000000000000000  39.59648087293519  34.20862598960688 0.1635648284944908 -.6001430871657601E-002 -.3474294182881459E-001 -.4751656111795180E-001 0.1038035621050880 -5.160516061368068 -4.385536650593558
 0.000000000000000  0.000000000000000 -.9000000000000000E-001  0.000000000000000  10.54070838813416  11.46081658355528 0.1635648284944908 -.5043662738241857E-002 -.1350375178323314E-001 0.1563938646594984E-001 0.1038035621050880 0.9668359808638985  1.741815391638409
 0.000000000000000 0.2000000000000000E-001 -.9000000000000000E-001  0.000000000000000  14.68322931388296  14.94553319031525 0.1635648284944908 -.5347620623220088E-002 -.1706189859564667E-001 0.1213674291480108E-001 0.1038035621050880 0.6723495974573336  1.447329008231844
 0.000000000000000 0.4000000000000000E-001 -.9000000000000000E-001  0.000000000000000  18.82575023963179  18.43024979707524 0.1635648284944908 -.5651578508198351E-002 -.2062004540805989E-001 0.8634099362465420E-002 0.1038035621050880 0.3778632140507694  1.152842624825280
 0.000000000000000 0.6000000000000000E-001 -.9000000000000000E-001  0.000000000000000  22.96827116538061  21.91496640383522 0.1635648284944908 -.5955536393176521E-002 -.2417819222047254E-001 0.5131455721173449E-002 0.1038035621050880 0.8337683064420678E-001 0.8583562414187176
 0.000000000000000 0.8000000000000000E-001 -.9000000000000000E-001  0.000000000000000  27.11079209112944  25.39968301059520 0.1635648284944908 -.6259494278154886E-002 -.2773633903288618E-001 0.1628812226001493E-002 0.1038035621050880 -.2111095527623556 0.5638698580121552
0.2000000000000000E-001  0.000000000000000 -.9000000000000000E-001  0.000000000000000  14.85182692921312  14.93024300120358 0.1635648284944908 -.5386886973029173E-002 -.1632229283215439E-001 0.3727096493686525E-002 0.1038035621050880 -.2105504206173164 0.5644289901571944
0.2000000000000000E-001 0.2000000000000000E-001 -.9000000000000000E-001  0.000000000000000  18.99434785496194  18.41495960796356 0.1635648284944908 -.5690844858007379E-002 -.1988043964456773E-001 0.2244543253880936E-003 0.1038035621050880 -.5050368040238805 0.2699426067506303
0.2000000000000000E-001 0.4000000000000000E-001 -.9000000000000000E-001  0.000000000000000  23.13686878071075  21.89967621472352 0.1635648284944908 -.5994802742985507E-002 -.2343858645698030E-001 -.3278189209799293E-002 0.1038035621050880 -.7995231874304457 -.2454377665593499E-001
0.2000000000000000E-001 0.6000000000000000E-001 -.9000000000000000E-001  0.000000000000000  27.27938970645959  25.38439282148352 0.1635648284944908 -.6298760627963876E-002 -.2699673326939350E-001 -.6780832931590146E-002 0.1038035621050880 -1.094009570837009 -.3190301600624984
0.2000000000000000E-001 0.8000000000000000E-001 -.9000000000000000E-001  0.000000000000000  31.42191063220841  28.86910942824352 0.1635648284944908 -.6602718512942140E-002 -.3055488008180660E-001 -.1028347630747774E-001 0.1038035621050880 -1.388495954243574 -.6135165434690629
0.4000000000000000E-001  0.000000000000000 -.9000000000000000E-001  0.000000000000000  19.16294547029209  18.39966941885190 0.1635648284944908 -.5730111207816100E-002 -.1914083388107332E-001 -.8185190663514768E-002 0.1038035621050880 -1.387936822098535 -.6129574113240245
0.4000000000000000E-001 0.2000000000000000E-001 -.9000000000000000E-001  0.000000000000000  23.30546639604093  21.88438602561189 0.1635648284944908 -.6034069092794461E-002 -.2269898069348656E-001 -.1168783421469726E-001 0.1038035621050880 -1.682423205505100 -.9074437947305892
0.4000000000000000E-001 0.4000000000000000E-001 -.9000000000000000E-001  0.000000000000000  27.44798732178975  25.36910263237185 0.1635648284944908 -.6338026977772626E-002 -.2625712750589967E-001 -.1519047771692442E-001 0.1038035621050880 -1.976909588911665 -1.201930178137155
0.4000000000000000E-001 0.6000000000000000E-001 -.9000000000000000E-001  0.000000000000000  31.59050824753856  28.85381923913184 0.1635648284944908 -.6641984862750719E-002 -.2981527431831198E-001 -.1869312149061938E-001 0.1038035621050880 -2.271395972318229 -1.496416561543718
0.4000000000000000E-001 0.8000000000000000E-001 -.9000000000000000E-001  0.000000000000000  35.73302917328737  32.33853584589182 0.1635648284944908 -.6945942747729069E-002 -.3337342113072556E-001 -.2219576495123195E-001 0.1038035621050880 -2.565882355724793 -1.790902944950282
0.6000000000000000E-001  0.000000000000000 -.9000000000000000E-001  0.000000000000000  23.47406401137107  21.86909583650022 0.1635648284944908 -.6073335442603585E-002 -.2195937492999477E-001 -.2009747923105627E-001 0.1038035621050880 -2.565323223579752 -1.790343812805241
0.6000000000000000E-001 0.2000000000000000E-001 -.9000000000000000E-001  0.000000000000000  27.61658493711990  25.35381244326020 0.1635648284944908 -.6377293327581833E-002 -.2551752174240791E-001 -.2360012278251763E-001 0.1038035621050880 -2.859809606986317 -2.084830196211806
0.6000000000000000E-001 0.4000000000000000E-001 -.9000000000000000E-001  0.000000000000000  31.75910586286870  28.83852905002017 0.1635648284944908 -.6681251212559850E-002 -.2907566855481992E-001 -.2710276633516883E-001 0.1038035621050880 -3.154295990392880 -2.379316579618370
0.6000000000000000E-001 0.6000000000000000E-001 -.9000000000000000E-001  0.000000000000000  35.90162678861756  32.32324565678019 0.1635648284944908 -.6985209097538152E-002 -.3263381536723297E-001 -.3060541005810715E-001 0.1038035621050880 -3.448782373799444 -2.673802963024933
0.6000000000000000E-001 0.8000000000000000E-001 -.9000000000000000E-001  0.000000000000000  40.04414771436637  35.80796226354016 0.1635648284944908 -.7289166982516412E-002 -.3619196217964683E-001 -.3410805343084546E-001 0.1038035621050880 -3.743268757206008 -2.968289346431497
0.8000000000000000E-001  0.000000000000000 -.9000000000000000E-001  0.000000000000000  27.78518255245006  25.33852225414855 0.1635648284944908 -.6416559677391238E-002 -.2477791597891723E-001 -.3200976793357604E-001 0.1038035621050880 -3.742709625060972 -2.967730214286461
0.8000000000000000E-001 0.2000000000000000E-001 -.9000000000000000E-001  0.000000000000000  31.92770347819886  28.82323886090851 0.1635648284944908 -.6720517562369189E-002 -.2833606279132934E-001 -.3551241148171769E-001 0.1038035621050880 -4.037196008467536 -3.262216597693025
0.8000000000000000E-001 0.4000000000000000E-001 -.9000000000000000E-001  0.000000000000000  36.07022440394771  32.30795546766850 0.1635648284944908 -.7024475447347330E-002 -.3189420960374190E-001 -.3901505503400272E-001 0.1038035621050880 -4.331682391874099 -3.556702981099588
0.8000000000000000E-001 0.6000000000000000E-001 -.9000000000000000E-001  0.000000000000000  40.21274532969651  35.79267207442847 0.1635648284944908 -.7328433332325824E-002 -.3545235641615572E-001 -.4251769875675213E-001 0.1038035621050880 -4.626168775280661 -3.851189364506150
0.8000000000000000E-001 0.8000000000000000E-001 -.9000000000000000E-001  0.000000000000000  44.35526625544533  39.27738868118846 0.1635648284944908 -.7632391217304012E-002 -.3901050322856842E-001 -.4602034225738656E-001 0.1038035621050880 -4.920655158687226 -4.145675747912716
 0.000000000000000  0.000000000000000 -.1200000000000000  0.000000000000000  15.29949377064427  16.52957927513685 0.1635648284944908 -.6674623083888267E-002 -.1777131318298873E-001 0.1713560583681737E-001 0.1038035621050880  1.206696883544744  1.981676294319255
 0.000000000000000 0.2000000000000000E-001 -.1200000000000000  0.000000000000000  19.44201469639309  20.01429588189682 0.1635648284944908 -.6978580968866556E-002 -.2132945999540047E-001 0.1363296216815204E-001 0.1038035621050880 0.9122105001381802  1.687189910912691
 0.000000000000000 0.4000000000000000E-001 -.1200000000000000  0.000000000000000  23.58453562214190  23.49901248865680 0.1635648284944908 -.7282538853844699E-002 -.2488760680781386E-001 0.1013031867947098E-001 0.1038035621050880 0.6177241167316154  1.392703527506126
 0.000000000000000 0.6000000000000000E-001 -.1200000000000000  0.000000000000000  27.72705654789070  26.98372909541676 0.1635648284944908 -.7586496738823026E-002 -.2844575362022781E-001 0.6627674983278113E-002 0.1038035621050880 0.3232377333250513  1.098217144099562
 0.000000000000000 0.8000000000000000E-001 -.1200000000000000  0.000000000000000  31.86957747363953  30.46844570217675 0.1635648284944908 -.7890454623801130E-002 -.3200390043264052E-001 0.3125031579065866E-002 0.1038035621050880 0.2875134991848910E-001 0.8037307606929999
0.2000000000000000E-001  0.000000000000000 -.1200000000000000  0.000000000000000  19.61061231172325  19.99900569278518 0.1635648284944908 -.7017847318675614E-002 -.2058985423190829E-001 0.5223317265159744E-002 0.1038035621050880 0.2931048206352859E-001 0.8042898928380393
0.2000000000000000E-001 0.2000000000000000E-001 -.1200000000000000  0.000000000000000  23.75313323747205  23.48372229954514 0.1635648284944908 -.7321805203653780E-002 -.2414800104432201E-001 0.1720673708479268E-002 0.1038035621050880 -.2651759013430350 0.5098035094314757
0.2000000000000000E-001 0.4000000000000000E-001 -.1200000000000000  0.000000000000000  27.89565416322089  26.96843890630513 0.1635648284944908 -.7625763088632299E-002 -.2770614785673529E-001 -.1781969851454364E-002 0.1038035621050880 -.5596622847495997 0.2153171260249111
0.2000000000000000E-001 0.6000000000000000E-001 -.1200000000000000  0.000000000000000  32.03817508896970  30.45315551306510 0.1635648284944908 -.7929720973610185E-002 -.3126429466914721E-001 -.5284613574446258E-002 0.1038035621050880 -.8541486681561647 -.7916925738165392E-001
0.2000000000000000E-001 0.8000000000000000E-001 -.1200000000000000  0.000000000000000  36.18069601471851  33.93787211982508 0.1635648284944908 -.8233678858588601E-002 -.3482244148156121E-001 -.8787257059893387E-002 0.1038035621050880 -1.148635051562728 -.3736556407882176
0.4000000000000000E-001  0.000000000000000 -.1200000000000000  0.000000000000000  23.92173085280223  23.46843211043350 0.1635648284944908 -.7361071553462892E-002 -.2340839528082849E-001 -.6688971369117869E-002 0.1038035621050880 -1.148075919417690 -.3730965086431791
0.4000000000000000E-001 0.2000000000000000E-001 -.1200000000000000  0.000000000000000  28.06425177855105  26.95314871719347 0.1635648284944908 -.7665029438440975E-002 -.2696654209324233E-001 -.1019161501080398E-001 0.1038035621050880 -1.442562302824254 -.6675828920497434
0.4000000000000000E-001 0.4000000000000000E-001 -.1200000000000000  0.000000000000000  32.20677270429984  30.43786532395342 0.1635648284944908 -.7968987323419142E-002 -.3052468890565442E-001 -.1369425844920086E-001 0.1038035621050880 -1.737048686230819 -.9620692754563077
0.4000000000000000E-001 0.6000000000000000E-001 -.1200000000000000  0.000000000000000  36.34929363004863  33.92258193071337 0.1635648284944908 -.8272945208397310E-002 -.3408283571806703E-001 -.1719689790421789E-001 0.1038035621050880 -2.031535069637383 -1.256555658862872
0.4000000000000000E-001 0.8000000000000000E-001 -.1200000000000000  0.000000000000000  40.49181455579750  37.40729853747342 0.1635648284944908 -.8576903093375644E-002 -.3764098253048057E-001 -.2069954554420692E-001 0.1038035621050880 -2.326021453043948 -1.551042042269437
0.6000000000000000E-001  0.000000000000000 -.1200000000000000  0.000000000000000  28.23284939388118  26.93785852808180 0.1635648284944908 -.7704295788250061E-002 -.2622693632974893E-001 -.1860125990172243E-001 0.1038035621050880 -2.325462320898910 -1.550482910124399
0.6000000000000000E-001 0.2000000000000000E-001 -.1200000000000000  0.000000000000000  32.37537031963002  30.42257513484179 0.1635648284944908 -.8008253673228063E-002 -.2978508314216174E-001 -.2210390352783386E-001 0.1038035621050880 -2.619948704305472 -1.844969293530961
0.6000000000000000E-001 0.4000000000000000E-001 -.1200000000000000  0.000000000000000  36.51789124537884  33.90729174160175 0.1635648284944908 -.8312211558206347E-002 -.3334322995457420E-001 -.2560654701656356E-001 0.1038035621050880 -2.914435087712037 -2.139455676937526
0.6000000000000000E-001 0.6000000000000000E-001 -.1200000000000000  0.000000000000000  40.66041217112767  37.39200834836176 0.1635648284944908 -.8616169443184286E-002 -.3690137676698668E-001 -.2910919073944968E-001 0.1038035621050880 -3.208921471118602 -2.433942060344091
0.6000000000000000E-001 0.8000000000000000E-001 -.1200000000000000  0.000000000000000  44.80293309687645  40.87672495512169 0.1635648284944908 -.8920127328162624E-002 -.4045952357939974E-001 -.3261183411202939E-001 0.1038035621050880 -3.503407854525165 -2.728428443750654
0.8000000000000000E-001  0.000000000000000 -.1200000000000000  0.000000000000000  32.54396793496017  30.40728494573012 0.1635648284944908 -.8047520023037541E-002 -.2904547737867137E-001 -.3051354863820883E-001 0.1038035621050880 -3.502848722380124 -2.727869311605613
0.8000000000000000E-001 0.2000000000000000E-001 -.1200000000000000  0.000000000000000  36.68648886070898  33.89200155249009 0.1635648284944908 -.8351477908015659E-002 -.3260362419108345E-001 -.3401619222891276E-001 0.1038035621050880 -3.797335105786690 -3.022355695012179
0.8000000000000000E-001 0.4000000000000000E-001 -.1200000000000000  0.000000000000000  40.82900978645782  37.37671815925010 0.1635648284944908 -.8655435792993727E-002 -.3616177100349566E-001 -.3751883571361651E-001 0.1038035621050880 -4.091821489193255 -3.316842078418744
0.8000000000000000E-001 0.6000000000000000E-001 -.1200000000000000  0.000000000000000  44.97153071220663  40.86143476601006 0.1635648284944908 -.8959393677971855E-002 -.3971991781590903E-001 -.4102147943636360E-001 0.1038035621050880 -4.386307872599817 -3.611328461825306
0.8000000000000000E-001 0.8000000000000000E-001 -.1200000000000000  0.000000000000000  49.11405163795542  44.34615137277001 0.1635648284944908 -.9263351562950368E-002 -.4327806462832253E-001 -.4452412280873297E-001 0.1038035621050880 -4.680794256006378 -3.905814845231868
