BETA     element
 1.062760000000000      0.000000000000000
 1.066115955928534      1.000000000000000
 1.219997972415680      2.000000000000000
 6.159475073577148      3.000000000000000
 6.746946678725555      4.000000000000000
 6.791075943338907      5.000000000000000
 6.346885296611323      6.000000000000000
 1.715051391235348      7.000000000000000
 1.545191804481820      8.000000000000000
 1.545231104188464      9.000000000000000
 1.715247719426688      10.00000000000000
 6.349948581187743      11.00000000000000
 6.794496020933087      12.00000000000000
 6.750420767355484      13.00000000000000
 6.162773957269749      14.00000000000000
 1.220425765194720      15.00000000000000
 1.066203347259183      16.00000000000000
 1.066078129829004      17.00000000000000
 1.219854891948715      18.00000000000000
 6.159318338411286      19.00000000000000
 6.746885938792783      20.00000000000000
 6.791069434901413      21.00000000000000
 6.346965155211404      22.00000000000000
 1.715138339443774      23.00000000000000
 1.545198897236045      24.00000000000000
 1.545189895289900      25.00000000000000
 1.715122672666099      26.00000000000000
 6.349719589798356      27.00000000000000
 6.794342326210312      28.00000000000000
 6.750322013381790      29.00000000000000
 6.162784575045696      30.00000000000000
 1.220538861193881      31.00000000000000
 1.066214932395863      32.00000000000000
 1.062733835939512      33.00000000000000
 1.066027400604607      34.00000000000000
 1.219633705694582      35.00000000000000
 6.157333627670194      36.00000000000000
 6.750044659664638      37.00000000000000
 6.800293630505081      38.00000000000000
 6.370819360852209      39.00000000000000
 1.789965948354101      40.00000000000000
 1.620747262528006      41.00000000000000
 1.619687107907980      42.00000000000000
 1.623146798248472      43.00000000000000
 1.801507335384729      44.00000000000000
 6.497145903671150      45.00000000000000
 6.932461862540802      46.00000000000000
 6.876397986375964      47.00000000000000
 6.259164045619244      48.00000000000000
 1.174907225871141      49.00000000000000
 1.016705389220696      50.00000000000000
 1.014059436444176      51.00000000000000
 1.162387141191171      52.00000000000000
 6.134452135929142      53.00000000000000
 6.741607343655342      54.00000000000000
 6.797945147369182      55.00000000000000
 6.373628916941373      56.00000000000000
 1.790152126008032      57.00000000000000
 1.620732649153547      58.00000000000000
 1.623067672331490      59.00000000000000
 1.801310359303234      60.00000000000000
 6.496333559260913      61.00000000000000
 6.931674741813367      62.00000000000000
 6.875667167917454      63.00000000000000
 6.258597279085903      64.00000000000000
 1.174964392669851      65.00000000000000
 1.016693330153176      66.00000000000000
 1.014000194513508      67.00000000000000
 1.162247077280142      68.00000000000000
 6.134576745914545      69.00000000000000
 6.741854104086147      70.00000000000000
 6.798245343872537      71.00000000000000
 6.373986684453604      72.00000000000000
 1.790225136781419      73.00000000000000
 1.620699648892374      74.00000000000000
 1.619575155951120      75.00000000000000
 1.622970140404543      76.00000000000000
 1.800999668807664      77.00000000000000
 6.493029436982217      78.00000000000000
 6.933591610589195      79.00000000000000
 6.883790697423006      80.00000000000000
 6.281484430945670      81.00000000000000
 1.233507534691875      82.00000000000000
 1.069963429197206      83.00000000000000
 1.064016033346940      84.00000000000000
 1.064837479864559      85.00000000000000
 1.209293014559200      86.00000000000000
 6.039034437918565      87.00000000000000
 6.616235350017086      88.00000000000000
 6.660336713582202      89.00000000000000
 6.226350403125208      90.00000000000000
 1.702495464614429      91.00000000000000
 1.541409992725231      92.00000000000000
 1.546071290229955      93.00000000000000
 1.724744637925245      94.00000000000000
 6.468243621907012      95.00000000000000
 6.923694092298605      96.00000000000000
 6.880082000858972      97.00000000000000
 6.283061961497053      98.00000000000000
 1.233645326780307      99.00000000000000
 1.069942177960404      100.0000000000000
 1.064754126869571      101.0000000000000
 1.209097017892015      102.0000000000000
 6.038590394551815      103.0000000000000
 6.615860025894287      104.0000000000000
 6.660013775684904      105.0000000000000
 6.226134865977884      106.0000000000000
 1.702499961627943      107.0000000000000
 1.541341935230222      108.0000000000000
 1.545954720210077      109.0000000000000
 1.724536151296888      110.0000000000000
 6.467710044739395      111.0000000000000
 6.923214021049817      112.0000000000000
 6.879658685742657      113.0000000000000
 6.282775950797859      114.0000000000000
 1.233704382274275      115.0000000000000
 1.069907987888697      116.0000000000000
 1.063898887397505      117.0000000000000
 1.064657888287314      118.0000000000000
 1.208823396160261      119.0000000000000
 6.036351656914857      120.0000000000000
 6.618638787279126      121.0000000000000
 6.668738288437019      122.0000000000000
 6.249225145746944      123.0000000000000
 1.775874240885707      124.0000000000000
 1.615472844535477      125.0000000000000
 1.616713239478923      126.0000000000000
 1.622483131129657      127.0000000000000
 1.809413972865841      128.0000000000000
 6.613759778281111      129.0000000000000
 7.060273434980897      130.0000000000000
 7.004915739040957      131.0000000000000
 6.378804000402125      132.0000000000000
 1.189262330108403      133.0000000000000
 1.021569801752665      134.0000000000000
 1.013865167612967      135.0000000000000
 1.152787759565798      136.0000000000000
 6.013624917417857      137.0000000000000
 6.610054045826949      138.0000000000000
 6.666126050782230      139.0000000000000
 6.251696634991717      140.0000000000000
 1.775975603987926      141.0000000000000
 1.615381211437873      142.0000000000000
 1.622326627263912      143.0000000000000
 1.809131105507388      144.0000000000000
 6.612634693840824      145.0000000000000
 7.059151460303929      146.0000000000000
 7.003852060635610      147.0000000000000
 6.377933203962382      148.0000000000000
 1.189264950463090      149.0000000000000
 1.021511855554598      150.0000000000000
 1.013760474949160      151.0000000000000
 1.152595173716113      152.0000000000000
 6.013462011464846      153.0000000000000
 6.609985601651605      154.0000000000000
 6.666108993674023      155.0000000000000
 6.251757936257102      156.0000000000000
 1.775964528388035      157.0000000000000
 1.615271243737741      158.0000000000000
 1.616447172266909      159.0000000000000
 1.622151729503782      160.0000000000000
 1.808734180355343      161.0000000000000
 6.608983276361521      162.0000000000000
 7.060790511345155      163.0000000000000
 7.011810268429635      164.0000000000000
 6.400951948722172      165.0000000000000
 1.249148338864330      166.0000000000000
 1.076147112654173      167.0000000000000
 1.067701138892779      168.0000000000000
 1.066006438965056      169.0000000000000
 1.201185329519650      170.0000000000000
 5.919874916800746      171.0000000000000
 6.486058740812124      172.0000000000000
 6.529658006580609      173.0000000000000
 6.105081193400641      174.0000000000000
 1.687159182783667      175.0000000000000
 1.534864312071069      176.0000000000000
 1.544099233530577      177.0000000000000
 1.731231592366868      178.0000000000000
 6.583437349439321      179.0000000000000
 7.050385612573397      180.0000000000000
 7.007710710325144      181.0000000000000
 6.402263345105110      182.0000000000000
 1.249231593851351      183.0000000000000
 1.076079600929639      184.0000000000000
 1.065877428801888      185.0000000000000
 1.200936990056352      186.0000000000000
 5.919150892457532      187.0000000000000
 6.485376772239444      188.0000000000000
 6.529026616629778      189.0000000000000
 6.104577747855767      190.0000000000000
 1.687082436597297      191.0000000000000
 1.534721658699082      192.0000000000000
 1.543907505465373      193.0000000000000
 1.730939234551855      194.0000000000000
 6.582592168454051      195.0000000000000
 7.049571487208231      196.0000000000000
 7.006955079716317      197.0000000000000
 6.401673357481941      198.0000000000000
 1.249235360663597      199.0000000000000
 1.075999098117312      200.0000000000000
 1.067492341799336      201.0000000000000
 1.065735531900287      202.0000000000000
 1.200611360522081      203.0000000000000
 5.916662593856183      204.0000000000000
 6.487781168966958      205.0000000000000
 6.537257509875250      206.0000000000000
 6.126909432526450      207.0000000000000
 1.758925724590499      208.0000000000000
 1.607328585711036      209.0000000000000
 1.610828943452098      210.0000000000000
 1.618877837213760      211.0000000000000
 1.814122879496085      212.0000000000000
 6.726132320244028      213.0000000000000
 7.184342241510397      214.0000000000000
 7.130163949198595      215.0000000000000
 6.496213852604454      216.0000000000000
 1.205786560881848      217.0000000000000
 1.028694044096750      218.0000000000000
 1.016003029772434      219.0000000000000
 1.145700582385671      220.0000000000000
 5.894093411023378      221.0000000000000
 6.479054033035434      222.0000000000000
 6.534386716109422      223.0000000000000
 6.129047524664027      224.0000000000000
 1.758943493084838      225.0000000000000
 1.607160660479347      226.0000000000000
 1.618644344076195      227.0000000000000
 1.813753903300611      228.0000000000000
 6.724687851373014      229.0000000000000
 7.182878086827921      230.0000000000000
 7.128759978795440      231.0000000000000
 6.495031925609632      232.0000000000000
 1.205733265651235      233.0000000000000
 1.028589545862546      234.0000000000000
 1.015852607478085      235.0000000000000
 1.145455893294181      236.0000000000000
 5.893650218306410      237.0000000000000
 6.478678260425514      238.0000000000000
 6.534060343010782      239.0000000000000
 6.128819850541117      240.0000000000000
 1.758849726061932      241.0000000000000
 1.606974482697635      242.0000000000000
 1.610409908762496      243.0000000000000
 1.618392499570085      244.0000000000000
 1.813270716554990      245.0000000000000
 6.720686362434052      246.0000000000000
 7.184232957360204      247.0000000000000
 7.136543119229955      248.0000000000000
 6.518166250959871      249.0000000000000
 1.267002268310747      250.0000000000000
 1.084664988429669      251.0000000000000
 1.073773930830482      252.0000000000000
 1.069605140835906      253.0000000000000
 1.195744342170366      254.0000000000000
 5.803130407701053      255.0000000000000
 6.357659540346509      256.0000000000000
 6.400289745991326      257.0000000000000
 5.984242330928440      258.0000000000000
 1.669195364784684      259.0000000000000
 1.525618197559232      260.0000000000000
 1.539331270786422      261.0000000000000
 1.734637840306989      262.0000000000000
 6.694389216319530      263.0000000000000
 7.173320430546456      264.0000000000000
 7.132049362426824      265.0000000000000
 6.519206152253430      266.0000000000000
 1.267029575579001      267.0000000000000
 1.084550389927907      268.0000000000000
 1.069430025773999      269.0000000000000
 1.195443892683772      270.0000000000000
 5.802133464889716      271.0000000000000
 6.356678676538972      272.0000000000000
 6.399357743272369      273.0000000000000
 5.983458424399844      274.0000000000000
 1.669038912253123      275.0000000000000
 1.525401843195445      276.0000000000000
 1.539064938969874      277.0000000000000
 1.734261559171172      278.0000000000000
 6.693225848826428      279.0000000000000
 7.172164948747854      280.0000000000000
 7.130953984833347      281.0000000000000
 6.518305049773867      282.0000000000000
 1.266976515415632      283.0000000000000
 1.084422730417508      284.0000000000000
 1.073472188141315      285.0000000000000
 1.069242004294184      286.0000000000000
 1.195066339727368      287.0000000000000
 5.799399509487234      288.0000000000000
 6.358714730576375      289.0000000000000
 6.407102658866698      290.0000000000000
 6.005041197764651      291.0000000000000
 1.739288058982484      292.0000000000000
 1.596392980065707      293.0000000000000
 1.602089505623658      294.0000000000000
