BETA     element
 6.957350000000000      0.000000000000000
 6.957876870599688      1.000000000000000
 6.432505282850959      2.000000000000000
 1.474038039390669      3.000000000000000
 1.290289507465445      4.000000000000000
 1.277886811018184      5.000000000000000
 1.415397539072194      6.000000000000000
 5.853759758607091      7.000000000000000
 6.331838487590109      8.000000000000000
 6.331832666973406      9.000000000000000
 5.853732445282163      10.00000000000000
 1.415535283651978      11.00000000000000
 1.278109072815828      12.00000000000000
 1.290565579759267      13.00000000000000
 1.474410214761462      14.00000000000000
 6.432676201963966      15.00000000000000
 6.957882093840137      16.00000000000000
 6.957765448027857      17.00000000000000
 6.432173623689440      18.00000000000000
 1.473440493126933      19.00000000000000
 1.289797708712787      20.00000000000000
 1.277449006492364      21.00000000000000
 1.415035351822158      22.00000000000000
 5.853641813577082      23.00000000000000
 6.331755465697690      24.00000000000000
 6.331776061601166      25.00000000000000
 5.853721345503059      26.00000000000000
 1.415865405234011      27.00000000000000
 1.278517302497639      28.00000000000000
 1.291027070131173      29.00000000000000
 1.474972229384040      30.00000000000000
 6.432844798340073      31.00000000000000
 6.957817103047859      32.00000000000000
 6.957173599504246      33.00000000000000
 6.957564950855281      34.00000000000000
 6.432122043361489      35.00000000000000
 1.503976899402940      36.00000000000000
 1.322779685390049      37.00000000000000
 1.311796810322371      38.00000000000000
 1.452077348992194      39.00000000000000
 5.917260179547976      40.00000000000000
 6.399493756223136      41.00000000000000
 6.398672651548109      42.00000000000000
 6.398995541310167      43.00000000000000
 5.914788038289977      44.00000000000000
 1.417987673454205      45.00000000000000
 1.275883781427865      46.00000000000000
 1.285780438399781      47.00000000000000
 1.464646511536530      48.00000000000000
 6.362563174137511      49.00000000000000
 6.882492983559440      50.00000000000000
 6.882709897232654      51.00000000000000
 6.363477643905939      52.00000000000000
 1.468266897902119      53.00000000000000
 1.289743718254471      54.00000000000000
 1.280113881557314      55.00000000000000
 1.422770117661737      56.00000000000000
 5.916642955715315      57.00000000000000
 6.399217647002382      58.00000000000000
 6.398737592384767      59.00000000000000
 5.914577158671085      60.00000000000000
 1.418236708838327      61.00000000000000
 1.276220760877721      62.00000000000000
 1.286173694658461      63.00000000000000
 1.465141762813561      64.00000000000000
 6.362679087161731      65.00000000000000
 6.882386069104305      66.00000000000000
 6.882475753977420      67.00000000000000
 6.363046286700887      68.00000000000000
 1.467682316607187      69.00000000000000
 1.289263383287736      70.00000000000000
 1.279684874340861      71.00000000000000
 1.422408235264403      72.00000000000000
 5.916295677209444      73.00000000000000
 6.398871479637387      74.00000000000000
 6.398068568750183      75.00000000000000
 6.398409599273247      76.00000000000000
 5.914636187845940      77.00000000000000
 1.447342346474555      78.00000000000000
 1.307693571632615      79.00000000000000
 1.318985642418336      80.00000000000000
 1.500586789935813      81.00000000000000
 6.430428526974412      82.00000000000000
 6.956298949478539      83.00000000000000
 6.956067517977145      84.00000000000000
 6.956870997835274      85.00000000000000
 6.432491031509296      86.00000000000000
 1.477996850359700      87.00000000000000
 1.294560100138426      88.00000000000000
 1.282398684414598      89.00000000000000
 1.420416484129321      90.00000000000000
 5.855681459544035      91.00000000000000
 6.332109530164447      92.00000000000000
 6.331112258856142      93.00000000000000
 5.851398100627372      94.00000000000000
 1.410288326244117      95.00000000000000
 1.273319146677595      96.00000000000000
 1.285968975210574      97.00000000000000
 1.469997937207596      98.00000000000000
 6.430170953556691      99.00000000000000
 6.956165532654586      100.0000000000000
 6.956602304022590      101.0000000000000
 6.432014168304852      102.0000000000000
 1.477347111902993      103.0000000000000
 1.294012466427702      104.0000000000000
 1.281898995275262      105.0000000000000
 1.419973380396141      106.0000000000000
 5.855123930574197      107.0000000000000
 6.331550301561641      108.0000000000000
 6.330579255711027      109.0000000000000
 5.850946607022034      110.0000000000000
 1.410535281094907      111.0000000000000
 1.273663265119426      112.0000000000000
 1.286372373253660      113.0000000000000
 1.470505375549785      114.0000000000000
 6.430193434569709      115.0000000000000
 6.955943087108700      116.0000000000000
 6.955576460759953      117.0000000000000
 6.956244564097159      118.0000000000000
 6.431817342605372      119.0000000000000
 1.507877667454872      120.0000000000000
 1.327006917783012      121.0000000000000
 1.316270282542242      122.0000000000000
 1.457063065240404      123.0000000000000
 5.919335393846879      124.0000000000000
 6.399953907326120      125.0000000000000
 6.398643998598303      126.0000000000000
 6.398477617578953      127.0000000000000
 5.912665359100950      128.0000000000000
 1.412796522863155      129.0000000000000
 1.271106343726419      130.0000000000000
 1.281166884734947      131.0000000000000
 1.460152178373302      132.0000000000000
 6.359038657839414      133.0000000000000
 6.879657113040134      134.0000000000000
 6.880417806235788      135.0000000000000
 6.362256993777422      136.0000000000000
 1.471931487105517      137.0000000000000
 1.293776602187789      138.0000000000000
 1.284407996549870      139.0000000000000
 1.427589051867403      140.0000000000000
 5.918287743894363      141.0000000000000
 6.399211153378579      142.0000000000000
 6.397752593692839      143.0000000000000
 5.912022290721597      144.0000000000000
 1.412962169686878      145.0000000000000
 1.271378480780744      146.0000000000000
 1.281501056473205      147.0000000000000
 1.460591392690314      148.0000000000000
 6.359004054298325      149.0000000000000
 6.879388425474261      150.0000000000000
 6.880022356413049      151.0000000000000
 6.361677105573233      152.0000000000000
 1.471295952039197      153.0000000000000
 1.293242019897408      154.0000000000000
 1.283918932439278      155.0000000000000
 1.427148638575701      156.0000000000000
 5.917510036064505      157.0000000000000
 6.398398325187088      158.0000000000000
 6.397106218689530      159.0000000000000
 6.396957540277398      160.0000000000000
 5.911649071456077      161.0000000000000
 1.441891151655507      162.0000000000000
 1.302661379404084      163.0000000000000
 1.314107587187073      164.0000000000000
 1.495788044784905      165.0000000000000
 6.425785088130815      166.0000000000000
 6.952266243179036      167.0000000000000
 6.952309818050952      168.0000000000000
 6.953388393691585      169.0000000000000
 6.430179394060074      170.0000000000000
 1.481543905494038      171.0000000000000
 1.298544153040952      172.0000000000000
 1.286674727744785      173.0000000000000
 1.425262092391076      174.0000000000000
 5.857537716878831      175.0000000000000
 6.332312256961562      176.0000000000000
 6.330326572893198      177.0000000000000
 5.849011384063330      178.0000000000000
 1.404906349883134      179.0000000000000
 1.268330668850266      180.0000000000000
 1.281122893087018      181.0000000000000
 1.465211272123598      182.0000000000000
 6.425379711364734      183.0000000000000
 6.951974203802157      184.0000000000000
 6.952961799285008      185.0000000000000
 6.429557561655419      186.0000000000000
 1.480844606001536      187.0000000000000
 1.297943262901694      188.0000000000000
 1.286115748736224      189.0000000000000
 1.424740789028997      190.0000000000000
 5.856542619620629      191.0000000000000
 6.331278202797273      192.0000000000000
 6.329318106462977      193.0000000000000
 5.848119616068774      194.0000000000000
 1.405067663401352      195.0000000000000
 1.268608178232558      196.0000000000000
 1.281465644146071      197.0000000000000
 1.465661397202990      198.0000000000000
 6.425254299189199      199.0000000000000
 6.951593258025810      200.0000000000000
 6.951502429136347      201.0000000000000
 6.952446259953282      202.0000000000000
 6.429215668055775      203.0000000000000
 1.511360996016976      204.0000000000000
 1.330941146112047      205.0000000000000
 1.320501124871694      206.0000000000000
 1.461868111127297      207.0000000000000
 5.921344433650528      208.0000000000000
 6.400347893072244      209.0000000000000
 6.398551807587556      210.0000000000000
 6.397898322896007      211.0000000000000
 5.910497128094893      212.0000000000000
 1.407486193618016      213.0000000000000
 1.266146650708443      214.0000000000000
 1.276320723127256      215.0000000000000
 1.455302022680421      216.0000000000000
 6.353263144429640      217.0000000000000
 6.874380949314555      218.0000000000000
 6.875681101694968      219.0000000000000
 6.358766774231146      220.0000000000000
 1.475183526986245      221.0000000000000
 1.297520803895140      222.0000000000000
 1.288463562174751      223.0000000000000
 1.432231134514032      224.0000000000000
 5.919868893607732      225.0000000000000
 6.399140433981271      226.0000000000000
 6.396707718913368      227.0000000000000
 5.909422510225256      228.0000000000000
 1.407566039065469      229.0000000000000
 1.266351471544811      230.0000000000000
 1.276593260257793      231.0000000000000
 1.455682432174154      232.0000000000000
 6.353075776797958      233.0000000000000
 6.873948928710590      234.0000000000000
 6.875123271436861      235.0000000000000
 6.358038175925888      236.0000000000000
 1.474499626276639      237.0000000000000
 1.296934543948788      238.0000000000000
 1.287917045587179      239.0000000000000
 1.431714952303024      240.0000000000000
 5.918663272286317      241.0000000000000
 6.397862871787089      242.0000000000000
 6.396083752401398      243.0000000000000
 6.395447087141482      244.0000000000000
 5.908617661678419      245.0000000000000
 1.436315739867354      246.0000000000000
 1.297441663523676      247.0000000000000
 1.308991441831933      248.0000000000000
 1.490627491553055      249.0000000000000
 6.418867928946007      250.0000000000000
 6.945765865262976      251.0000000000000
 6.946081409582969      252.0000000000000
 6.947432097669787      253.0000000000000
 6.425568292842303      254.0000000000000
 1.484660594506012      255.0000000000000
 1.302222852675992      256.0000000000000
 1.290695824115719      257.0000000000000
 1.429914386130541      258.0000000000000
 5.859319530741177      259.0000000000000
 6.332442707448308      260.0000000000000
 6.329474769486453      261.0000000000000
 5.846576721400135      262.0000000000000
 1.399408788869934      263.0000000000000
 1.263162902807502      264.0000000000000
 1.276046703836160      265.0000000000000
 1.460070157665816      266.0000000000000
 6.418312201711309      267.0000000000000
 6.945313179857789      268.0000000000000
 6.946846063082588      269.0000000000000
 6.424800879296150      270.0000000000000
 1.483914275743545      271.0000000000000
 1.301571264842265      272.0000000000000
 1.290080168377582      273.0000000000000
 1.429317692489573      274.0000000000000
 5.857889948044834      275.0000000000000
 6.330936374782580      276.0000000000000
 6.327992944917121      277.0000000000000
 5.845245885780324      278.0000000000000
 1.399482131106839      279.0000000000000
 1.263371374073224      280.0000000000000
 1.276326283859636      281.0000000000000
 1.460460195403374      282.0000000000000
 6.418036291819867      283.0000000000000
 6.944771782701326      284.0000000000000
 6.944954197945709      285.0000000000000
 6.946171257289040      286.0000000000000
 6.424313248389258      287.0000000000000
 1.514407830508796      288.0000000000000
 1.334563146239597      289.0000000000000
 1.324469811498931      290.0000000000000
 1.466472076109617      291.0000000000000
 5.923276882568773      292.0000000000000
 6.400670208854481      293.0000000000000
 6.398392122994076      294.0000000000000
