DISP     element
0.4823630000000000E-003      0.000000000000000
0.4775492540000000E-003      1.000000000000000
0.4421947097345041E-003      2.000000000000000
0.8538620925379486E-001      3.000000000000000
0.1125831681490457      4.000000000000000
0.1304668675635444      5.000000000000000
0.1674189365945991      6.000000000000000
0.5635550201870271      7.000000000000000
0.6065765072097634      8.000000000000000
0.6176764004993152      9.000000000000000
0.6125677195366568      10.00000000000000
0.4800874211570897      11.00000000000000
0.4922030738787466      12.00000000000000
0.5101013775087180      13.00000000000000
0.5621873072853687      14.00000000000000
 1.176143668957475      15.00000000000000
 1.224271611924609      16.00000000000000
 1.224268490932845      17.00000000000000
 1.176129353628012      18.00000000000000
0.5620890488880879      19.00000000000000
0.5099957054555733      20.00000000000000
0.4920955683328955      21.00000000000000
0.4799810864098013      22.00000000000000
0.6125021369860214      23.00000000000000
0.6176137073871544      24.00000000000000
0.6065138834772235      25.00000000000000
0.5634897443845593      26.00000000000000
0.1673145638308008      27.00000000000000
0.1303616259734912      28.00000000000000
0.1124799776166590      29.00000000000000
0.8529091056676880E-001      30.00000000000000
0.4350319379676814E-003      31.00000000000000
0.4818692742174350E-003      32.00000000000000
0.4898039477888790E-003      33.00000000000000
0.4977386213603232E-003      34.00000000000000
0.5061799115358755E-003      35.00000000000000
0.4285842778416964E-003      36.00000000000000
0.4265139535880766E-003      37.00000000000000
0.4301319620381871E-003      38.00000000000000
0.4448436105617605E-003      39.00000000000000
0.6138800315608102E-003      40.00000000000000
0.6181632562890730E-003      41.00000000000000
0.6139139076139338E-003      42.00000000000000
0.6096645589387947E-003      43.00000000000000
0.5763555500637632E-003      44.00000000000000
0.8553516969194708E-001      45.00000000000000
0.1127311748996051      46.00000000000000
0.1306126661807469      47.00000000000000
0.1675581027981899      48.00000000000000
0.5636261288566027      49.00000000000000
0.6066363579796676      50.00000000000000
0.6177287085514988      51.00000000000000
0.6126044435579101      52.00000000000000
0.4799932280579814      53.00000000000000
0.4920950609486383      54.00000000000000
0.5099878738070334      55.00000000000000
0.5620682677834161      56.00000000000000
 1.176014081955895      57.00000000000000
 1.224140444064773      58.00000000000000
 1.224136335820426      59.00000000000000
 1.175995399216443      60.00000000000000
0.5619420430982591      61.00000000000000
0.5098499679864177      62.00000000000000
0.4919522637743360      63.00000000000000
0.4798449056263325      64.00000000000000
0.6124383069200053      65.00000000000000
0.6175614325840860      66.00000000000000
0.6064691535228343      67.00000000000000
0.5634603084270016      68.00000000000000
0.1674118033572811      69.00000000000000
0.1304722027841284      70.00000000000000
0.1125958265107257      71.00000000000000
0.8541199362338606E-001      72.00000000000000
0.5650259460469193E-003      73.00000000000000
0.6132055805411517E-003      74.00000000000000
0.6215631050265749E-003      75.00000000000000
0.6299206295119982E-003      76.00000000000000
0.6399153649701490E-003      77.00000000000000
0.5744943802350100E-003      78.00000000000000
0.5711537971259269E-003      79.00000000000000
0.5723346523701142E-003      80.00000000000000
0.5798998414763424E-003      81.00000000000000
0.6769821757743382E-003      82.00000000000000
0.6699766861168326E-003      83.00000000000000
0.6620704446130309E-003      84.00000000000000
0.6541642031092291E-003      85.00000000000000
0.6061097896133236E-003      86.00000000000000
0.8544327350737020E-001      87.00000000000000
0.1126264366715069      88.00000000000000
0.1305028281610656      89.00000000000000
0.1674431530616824      90.00000000000000
0.5635018718488236      91.00000000000000
0.6065106280208062      92.00000000000000
0.6176020135940846      93.00000000000000
0.6124758923440857      94.00000000000000
0.4798504536782034      95.00000000000000
0.4919535285792382      96.00000000000000
0.5098488410275852      97.00000000000000
0.5619366405122963      98.00000000000000
 1.175958069150546      99.00000000000000
 1.224096014135174      100.0000000000000
 1.224099224868100      101.0000000000000
 1.175972756259869      102.0000000000000
0.5620369527956889      103.0000000000000
0.5099572561456394      104.0000000000000
0.4920644434768062      105.0000000000000
0.4799619138799850      106.0000000000000
0.6125631226730649      107.0000000000000
0.6176874953196284      108.0000000000000
0.6065960432784899      109.0000000000000
0.5635888082938649      110.0000000000000
0.1675527334368466      111.0000000000000
0.1306115740470174      112.0000000000000
0.1127324744907790      113.0000000000000
0.8554075079035955E-001      114.0000000000000
0.6139492554476559E-003      115.0000000000000
0.6502512373195462E-003      116.0000000000000
0.6549468079812396E-003      117.0000000000000
0.6596423786429331E-003      118.0000000000000
0.6554479508284765E-003      119.0000000000000
0.4764493024250902E-003      120.0000000000000
0.4610819785855361E-003      121.0000000000000
0.4574907270831174E-003      122.0000000000000
0.4603122630438060E-003      123.0000000000000
0.5485840626466116E-003      124.0000000000000
0.5401239347209842E-003      125.0000000000000
0.5317547022045885E-003      126.0000000000000
0.5233854696881928E-003      127.0000000000000
0.4735662034577173E-003      128.0000000000000
0.8529729308750016E-001      129.0000000000000
0.1124820690670587      130.0000000000000
0.1303613259166116      131.0000000000000
0.1673099968907313      132.0000000000000
0.5634533712481543      133.0000000000000
0.6064745056741515      134.0000000000000
0.6175734078515368      135.0000000000000
0.6124616597254078      136.0000000000000
0.4799498949128983      137.0000000000000
0.4920649767843665      138.0000000000000
0.5099650595250024      139.0000000000000
0.5620576088439366      140.0000000000000
 1.176087181511986      141.0000000000000
 1.224226355276127      142.0000000000000
 1.224230350646366      143.0000000000000
 1.176105388977759      144.0000000000000
0.5621811019214006      145.0000000000000
0.5100994584025583      146.0000000000000
0.4922035469144429      147.0000000000000
0.4800921681636118      148.0000000000000
0.6126043669183781      149.0000000000000
0.6177160547175489      150.0000000000000
0.6066170783103915      151.0000000000000
0.5635957502206176      152.0000000000000
0.1674501704516103      153.0000000000000
0.1304974736132753      154.0000000000000
0.1126138131735926      155.0000000000000
0.8541762102099355E-001      156.0000000000000
0.4841351619559016E-003      157.0000000000000
0.5194345844972064E-003      158.0000000000000
0.5238085171990044E-003      159.0000000000000
0.5281824499008022E-003      160.0000000000000
0.5227386625406161E-003      161.0000000000000
0.3332832916388605E-003      162.0000000000000
0.3198833479086152E-003      163.0000000000000
0.3194008658821553E-003      164.0000000000000
0.3310957352463096E-003      165.0000000000000
0.5080020465709829E-003      166.0000000000000
0.5119763148278687E-003      167.0000000000000
0.5072577474189040E-003      168.0000000000000
0.5025391800099391E-003      169.0000000000000
0.4662738260233292E-003      170.0000000000000
0.8539451150214726E-001      171.0000000000000
0.1125903516518837      172.0000000000000
0.1304740200501432      173.0000000000000
0.1674270974098386      174.0000000000000
0.5635781389187209      175.0000000000000
0.6066004524081613      176.0000000000000
0.6177001234575400      177.0000000000000
0.6125899043337276      178.0000000000000
0.4800902393094310      179.0000000000000
0.4922033351273796      180.0000000000000
0.5101002235922046      181.0000000000000
0.5621836035967084      182.0000000000000
 1.176120703946186      183.0000000000000
 1.224247139124614      184.0000000000000
 1.224243822195006      185.0000000000000
 1.176105573494418      186.0000000000000
0.5620807951653852      187.0000000000000
0.5099885372822903      188.0000000000000
0.4920884127897336      189.0000000000000
0.4799728897907559      190.0000000000000
0.6124787384567096      191.0000000000000
0.6175894603109449      192.0000000000000
0.6064898527012954      193.0000000000000
0.5634672535478416      194.0000000000000
0.1673115422882794      195.0000000000000
0.1303611679896072      196.0000000000000
0.1124809342490952      197.0000000000000
0.8529440834846408E-001      198.0000000000000
0.4576736417463005E-003      199.0000000000000
0.5060156614432797E-003      200.0000000000000
0.5140510985320763E-003      201.0000000000000
0.5220865356208730E-003      202.0000000000000
0.5296622722147129E-003      203.0000000000000
0.4369186535974993E-003      204.0000000000000
0.4338198523225693E-003      205.0000000000000
0.4374544696064649E-003      206.0000000000000
0.4532557059817956E-003      207.0000000000000
0.6379165637956615E-003      208.0000000000000
0.6430874417647922E-003      209.0000000000000
0.6387307976825729E-003      210.0000000000000
0.6343741536003535E-003      211.0000000000000
0.5994887013593009E-003      212.0000000000000
0.8553827727450174E-001      213.0000000000000
0.1127316816293822      214.0000000000000
0.1306117596475410      215.0000000000000
0.1675546972630834      216.0000000000000
0.5636041720570220      217.0000000000000
0.6066129362679576      218.0000000000000
0.6177050844608989      219.0000000000000
0.6125816455493605      220.0000000000000
0.4799851366388980      221.0000000000000
0.4920879477079985      222.0000000000000
0.5099807142744678      223.0000000000000
0.5620599617220855      224.0000000000000
 1.175989781786076      225.0000000000000
 1.224115233400459      226.0000000000000
 1.224111333524491      227.0000000000000
 1.175971974062639      228.0000000000000
0.5619387341349723      229.0000000000000
0.5098492649256318      230.0000000000000
0.4919529725319277      231.0000000000000
0.4798481031554390      232.0000000000000
0.6124599262524003      233.0000000000000
0.6175845126440633      234.0000000000000
0.6064924412709050      235.0000000000000
0.5634827924226219      236.0000000000000
0.1674198365348770      237.0000000000000
0.1304792913527023      238.0000000000000
0.1126029797624141      239.0000000000000
0.8542032579591105E-001      240.0000000000000
0.5895910422740595E-003      241.0000000000000
0.6387031399039235E-003      242.0000000000000
0.6469595876967591E-003      243.0000000000000
0.6552160354895945E-003      244.0000000000000
0.6636337491487494E-003      245.0000000000000
0.5781246938132945E-003      246.0000000000000
0.5722015745348152E-003      247.0000000000000
0.5719905429324798E-003      248.0000000000000
0.5771166853697008E-003      249.0000000000000
0.6561945524723642E-003      250.0000000000000
0.6477378144742504E-003      251.0000000000000
0.6397204880515222E-003      252.0000000000000
0.6317031616287941E-003      253.0000000000000
0.5843940983398342E-003      254.0000000000000
0.8543534712331445E-001      255.0000000000000
0.1126193692428414      256.0000000000000
0.1304956498263303      257.0000000000000
0.1674347156680292      258.0000000000000
0.5634766198161086      259.0000000000000
0.6064843907004199      260.0000000000000
0.6175759640855240      261.0000000000000
0.6124514247042322      262.0000000000000
0.4798464371673379      263.0000000000000
0.4919521378808668      264.0000000000000
0.5098488582408244      265.0000000000000
0.5619391124631901      266.0000000000000
 1.175978520847978      267.0000000000000
 1.224117913730132      268.0000000000000
 1.224121351947683      269.0000000000000
 1.175994160240424      270.0000000000000
0.5620448220302698      271.0000000000000
0.5099642998519899      272.0000000000000
0.4920716164127494      273.0000000000000
0.4799703781665006      274.0000000000000
0.6125886398045370      275.0000000000000
0.6177140196227264      276.0000000000000
0.6066223859366108      277.0000000000000
0.5636135682761446      278.0000000000000
0.1675569508101110      279.0000000000000
0.1306131604178304      280.0000000000000
0.1127326543009012      281.0000000000000
0.8553848589817795E-001      282.0000000000000
0.5938324303411869E-003      283.0000000000000
0.6286905732822701E-003      284.0000000000000
0.6332697398759130E-003      285.0000000000000
0.6378489064695563E-003      286.0000000000000
0.6343545572295760E-003      287.0000000000000
0.4685200670634349E-003      288.0000000000000
0.4539238812514237E-003      289.0000000000000
0.4501761302934448E-003      290.0000000000000
0.4516623252754154E-003      291.0000000000000
0.5224944748594347E-003      292.0000000000000
0.5129889643715827E-003      293.0000000000000
0.5047091720268110E-003      294.0000000000000
