BETA     element
 19.36750000000000      0.000000000000000
 19.36771610749634      1.000000000000000
 18.93175782191813      2.000000000000000
 3.848638337351723      3.000000000000000
 3.697812748784476      4.000000000000000
 3.676713958859559      5.000000000000000
 3.752049001448242      6.000000000000000
 16.02003681797440      7.000000000000000
 16.38940406159832      8.000000000000000
 16.38941291060445      9.000000000000000
 16.02006929834842      10.00000000000000
 3.759377127464504      11.00000000000000
 3.684731741850545      12.00000000000000
 3.706297201117638      13.00000000000000
 3.858038903936493      14.00000000000000
 18.92342656556905      15.00000000000000
 19.35722847721507      16.00000000000000
 19.35606006243052      17.00000000000000
 18.91823576576351      18.00000000000000
 3.833075039701812      19.00000000000000
 3.683382173231466      20.00000000000000
 3.662778263159558      21.00000000000000
 3.738687203682116      22.00000000000000
 16.00197884190273      23.00000000000000
 16.37116698037961      24.00000000000000
 16.37131540153977      25.00000000000000
 16.00261552589257      26.00000000000000
 3.764430527216370      27.00000000000000
 3.690511881991549      28.00000000000000
 3.712513390064340      29.00000000000000
 3.865024943733123      30.00000000000000
 18.89377733793430      31.00000000000000
 19.32472362843652      32.00000000000000
 19.32334090052877      33.00000000000000
 19.32232913243296      34.00000000000000
 18.85363921400380      35.00000000000000
 4.181594324176608      36.00000000000000
 4.064253855139945      37.00000000000000
 4.063726650895426      38.00000000000000
 4.179193249785146      39.00000000000000
 18.76112713345138      40.00000000000000
 19.22515060737974      41.00000000000000
 19.22498957514703      42.00000000000000
 19.22520693400073      43.00000000000000
 18.79080083189154      44.00000000000000
 3.839136328874634      45.00000000000000
 3.695287599662910      46.00000000000000
 3.678236616152103      47.00000000000000
 3.760676422663010      48.00000000000000
 16.03263886944613      49.00000000000000
 16.39621201577136      50.00000000000000
 16.39355060427955      51.00000000000000
 16.02083245323377      52.00000000000000
 3.713293762048275      53.00000000000000
 3.635972155874752      54.00000000000000
 3.655354013910575      55.00000000000000
 3.802104664148304      56.00000000000000
 18.73711869048960      57.00000000000000
 19.17002179793516      58.00000000000000
 19.16985176870669      59.00000000000000
 18.73630118820738      60.00000000000000
 3.830796843181257      61.00000000000000
 3.688114378179697      62.00000000000000
 3.671599964814156      63.00000000000000
 3.754731244581764      64.00000000000000
 15.98129733453179      65.00000000000000
 16.34218054142800      66.00000000000000
 16.33866609511158      67.00000000000000
 15.96570282414233      68.00000000000000
 3.694378735268180      69.00000000000000
 3.618259417230384      70.00000000000000
 3.638033692155412      71.00000000000000
 3.784921395694127      72.00000000000000
 18.66281301125614      73.00000000000000
 19.09358436876895      74.00000000000000
 19.09319884189630      75.00000000000000
 19.09318922111288      76.00000000000000
 18.63170914233320      77.00000000000000
 4.183659188360154      78.00000000000000
 4.073609221025520      79.00000000000000
 4.077408022760681      80.00000000000000
 4.200687895302996      81.00000000000000
 18.79639955890919      82.00000000000000
 19.25411176672500      83.00000000000000
 19.25239458103863      84.00000000000000
