BETA     element
 4.054470000000000      0.000000000000000
 4.055380487051980      1.000000000000000
 4.166197263028365      2.000000000000000
 18.31179194524461      3.000000000000000
 18.74411954114264      4.000000000000000
 18.72178506212394      5.000000000000000
 18.21327378730555      6.000000000000000
 3.495235014914391      7.000000000000000
 3.397481219237386      8.000000000000000
 3.397413707761183      9.000000000000000
 3.494958937554910      10.00000000000000
 18.24171723147803      11.00000000000000
 18.75186243749078      12.00000000000000
 18.77466519119980      13.00000000000000
 18.34232394459207      14.00000000000000
 4.166051655895733      15.00000000000000
 4.053612173141707      16.00000000000000
 4.052609824159616      17.00000000000000
 4.161515906075612      18.00000000000000
 18.25381218260747      19.00000000000000
 18.68545915165656      20.00000000000000
 18.66361792927141      21.00000000000000
 18.15749264903886      22.00000000000000
 3.491420445718077      23.00000000000000
 3.393731901060564      24.00000000000000
 3.393620566163471      25.00000000000000
 3.491009439252711      26.00000000000000
 18.25643298345542      27.00000000000000
 18.76781311226738      28.00000000000000
 18.79105747214319      29.00000000000000
 18.35901066608746      30.00000000000000
 4.161501331037710      31.00000000000000
 4.047408089220873      32.00000000000000
 4.045498424950781      33.00000000000000
 4.045360604215563      34.00000000000000
 4.158620207644579      35.00000000000000
 18.72264403198976      36.00000000000000
 19.18870569907337      37.00000000000000
 19.19091982268510      38.00000000000000
 18.73255002301994      39.00000000000000
 4.233755146843852      40.00000000000000
 4.117804226031927      41.00000000000000
 4.117112494944227      42.00000000000000
 4.118187677605741      43.00000000000000
 4.229231999365640      44.00000000000000
 18.37252857725318      45.00000000000000
 18.80357405201630      46.00000000000000
 18.77981450858354      47.00000000000000
 18.26757925601385      48.00000000000000
 3.426157877096816      49.00000000000000
 3.323395970878276      50.00000000000000
 3.320318611463854      51.00000000000000
 3.412244451226889      52.00000000000000
 18.00111361306084      53.00000000000000
 18.51085505707781      54.00000000000000
 18.53693542988110      55.00000000000000
 18.11641420503797      56.00000000000000
 4.215335743422248      57.00000000000000
 4.105994808013072      58.00000000000000
 4.106317144115435      59.00000000000000
 4.216958878924356      60.00000000000000
 18.34765401825463      61.00000000000000
 18.77903982457134      62.00000000000000
 18.75585071070563      63.00000000000000
 18.24524466129898      64.00000000000000
 3.417539654268310      65.00000000000000
 3.313316344619586      66.00000000000000
 3.309219895406869      67.00000000000000
 3.399027317324201      68.00000000000000
 17.90102435585317      69.00000000000000
 18.40885291002664      70.00000000000000
 18.43528780042718      71.00000000000000
 18.01791020176305      72.00000000000000
 4.198626957134451      73.00000000000000
 4.089645170390418      74.00000000000000
 4.088898163955943      75.00000000000000
 4.089906456488590      76.00000000000000
 4.206363660154583      77.00000000000000
 18.85008518979592      78.00000000000000
 19.31721622309515      79.00000000000000
 19.31843702687195      80.00000000000000
 18.85547246486307      81.00000000000000
 4.162980640018239      82.00000000000000
 4.038999749462433      83.00000000000000
 4.035944077589144      84.00000000000000
