DISP     element
 0.000000000000000      0.000000000000000
-.3036960000000000E-004      1.000000000000000
-.1359118369900637E-003      2.000000000000000
 1.030342185616618      3.000000000000000
 1.124103951304231      4.000000000000000
 1.185620617256053      5.000000000000000
 1.308872163715729      6.000000000000000
 5.689130674388595      7.000000000000000
 5.824626408921702      8.000000000000000
 5.864110323507740      9.000000000000000
 5.865836949590009      10.00000000000000
 4.828871852241125      11.00000000000000
 4.875154353704954      12.00000000000000
 4.936743287154628      13.00000000000000
 5.107730834939777      14.00000000000000
 11.56190160651176      15.00000000000000
 11.69565807090553      16.00000000000000
 11.69556514434623      17.00000000000000
 11.56148060454518      18.00000000000000
 5.099120349038941      19.00000000000000
 4.927970579525730      20.00000000000000
 4.866371110747397      21.00000000000000
 4.820217253845721      22.00000000000000
 5.864670200168384      23.00000000000000
 5.863116426343760      24.00000000000000
 5.823654933339288      25.00000000000000
 5.688064274435039      26.00000000000000
 1.302216705402665      27.00000000000000
 1.178932604664276      28.00000000000000
 1.117496166506847      29.00000000000000
 1.024046385727522      30.00000000000000
0.5988716262194242E-002      31.00000000000000
0.6497854337899534E-002      32.00000000000000
0.6621098370786050E-002      33.00000000000000
0.6744342403672565E-002      34.00000000000000
0.7097092086296569E-002      35.00000000000000
0.1409343809466896E-001      36.00000000000000
0.1429903783513810E-001      37.00000000000000
0.1437580183826044E-001      38.00000000000000
0.1443715828626964E-001      39.00000000000000
0.1414875671104827E-001      40.00000000000000
0.1413390727720234E-001      41.00000000000000
0.1412859041634225E-001      42.00000000000000
0.1412327355548215E-001      43.00000000000000
0.1410263738344901E-001      44.00000000000000
 1.045543487004463      45.00000000000000
 1.139176635096351      46.00000000000000
 1.200550257398060      47.00000000000000
 1.323429300401047      48.00000000000000
 5.690362791453731      49.00000000000000
 5.825330155332141      50.00000000000000
 5.864519639761887      51.00000000000000
 5.865740159314059      52.00000000000000
 4.816466059958801      53.00000000000000
 4.862375653065989      54.00000000000000
 4.923801368002769      55.00000000000000
 5.094590397694923      56.00000000000000
 11.54698769800874      57.00000000000000
 11.68073054600100      58.00000000000000
 11.68063699397443      59.00000000000000
 11.54656267256154      60.00000000000000
 5.085846162600551      61.00000000000000
 4.914948859731796      62.00000000000000
 4.853577438602712      63.00000000000000
 4.807972099559268      64.00000000000000
 5.870619739992601      65.00000000000000
 5.869686534199126      66.00000000000000
 5.830524750144433      67.00000000000000
 5.695366344455240      68.00000000000000
 1.317404967668555      69.00000000000000
 1.194340512406561      70.00000000000000
 1.132998848395080      71.00000000000000
 1.039659404354982      72.00000000000000
0.2177845306143203E-001      73.00000000000000
0.2222412793268076E-001      74.00000000000000
0.2232293841383639E-001      75.00000000000000
0.2242174889499203E-001      76.00000000000000
0.2266802462446917E-001      77.00000000000000
0.2646792145378287E-001      78.00000000000000
0.2639106209141486E-001      79.00000000000000
0.2621604985079200E-001      80.00000000000000
0.2567481114152612E-001      81.00000000000000
0.5971468651632440E-002      82.00000000000000
0.5343852346012481E-002      83.00000000000000
0.5206803885819190E-002      84.00000000000000
