 SGx1               SGx2              SGy1                SGy2              chrom_x            chrom_y            CONS(MU)           quad_Kx                 quad_Ky                 quad_Kz                  alpha_0              alpha_1            eta_1
 0.000000000000000  0.000000000000000  0.000000000000000  0.000000000000000 -1.840800730134095 -1.847678833791661 0.1635648284944904 -.7471970937577001E-004 -.3455296725554376E-003 0.1293021489450056E-001 0.2303626034898867 0.3395319736138250  1.017793580615622
 0.000000000000000 0.4400000000000000E-002  0.000000000000000  0.000000000000000 -.4809266452623688 -.2676574833525783 0.1635648284944904 -.2096332861081247E-003 -.1233101965645898E-002 0.7916624229710843E-002 0.2303626034898867 -.7237291222980990E-001 0.6058886947719869
 0.000000000000000 0.8800000000000001E-002  0.000000000000000  0.000000000000000 0.8789474396093536  1.312363867086496 0.1635648284944904 -.3445468628404858E-003 -.2120674258736394E-002 0.2903033655005121E-002 0.2303626034898867 -.4842777980734468 0.1939838089283500
 0.000000000000000 0.1320000000000000E-001  0.000000000000000  0.000000000000000  2.238821524481067  2.892385217525553 0.1635648284944904 -.4794604395728312E-003 -.3008246551826813E-002 -.2110557030873207E-002 0.2303626034898867 -.8961826839170840 -.2179210769152872
 0.000000000000000 0.1760000000000000E-001  0.000000000000000  0.000000000000000  3.598695609352820  4.472406567964695 0.1635648284944904 -.6143740163051990E-003 -.3895818844917332E-002 -.7124147642137886E-002 0.2303626034898867 -1.308087569760719 -.6298259627589221
0.4400000000000000E-002  0.000000000000000  0.000000000000000  0.000000000000000 -.2873169910272168 0.3047319428105598E-001 0.1635648284944904 -.2379574285466969E-003 -.1258126906610636E-002 -.5586750807447529E-002 0.2303626034898867 -1.307131611448288 -.6288700044464911
0.4400000000000000E-002 0.4400000000000000E-002  0.000000000000000  0.000000000000000  1.072557093844513  1.610494544720138 0.1635648284944904 -.3728710052790554E-003 -.2145699199701104E-002 -.1060034148817801E-001 0.2303626034898867 -1.719036497291922 -1.040774890290125
0.4400000000000000E-002 0.8800000000000001E-002  0.000000000000000  0.000000000000000  2.432431178716252  3.190515895159249 0.1635648284944904 -.5077845820114097E-003 -.3033271492791566E-002 -.1561393212370425E-001 0.2303626034898867 -2.130941383135559 -1.452679776133762
0.4400000000000000E-002 0.1320000000000000E-001  0.000000000000000  0.000000000000000  3.792305263587947  4.770537245598259 0.1635648284944904 -.6426981587437596E-003 -.3920843785882007E-002 -.2062752285974689E-001 0.2303626034898867 -2.542846268979196 -1.864584661977399
0.4400000000000000E-002 0.1760000000000000E-001  0.000000000000000  0.000000000000000  5.152179348459700  6.350558596037423 0.1635648284944904 -.7776117354761085E-003 -.4808416078972444E-002 -.2564111347475135E-001 0.2303626034898867 -2.954751154822829 -2.276489547821032
0.8800000000000001E-002  0.000000000000000  0.000000000000000  0.000000000000000  1.266166748079672  1.908625222353785 0.1635648284944904 -.4011951477176777E-003 -.2170724140666080E-002 -.2410371655352683E-001 0.2303626034898867 -2.953795196510397 -2.275533589508600
0.8800000000000001E-002 0.4400000000000000E-002  0.000000000000000  0.000000000000000  2.626040832951401  3.488646572792885 0.1635648284944904 -.5361087244500137E-003 -.3058296433756439E-002 -.2911730722228321E-001 0.2303626034898867 -3.365700082354035 -2.687438475352238
0.8800000000000001E-002 0.8800000000000001E-002  0.000000000000000  0.000000000000000  3.985914917823123  5.068667923231951 0.1635648284944904 -.6710223011823703E-003 -.3945868726846928E-002 -.3413089794710000E-001 0.2303626034898867 -3.777604968197671 -3.099343361195874
0.8800000000000001E-002 0.1320000000000000E-001  0.000000000000000  0.000000000000000  5.345789002694811  6.648689273670944 0.1635648284944904 -.8059358779147039E-003 -.4833441019937292E-002 -.3914448857759756E-001 0.2303626034898867 -4.189509854041312 -3.511248247039515
0.8800000000000001E-002 0.1760000000000000E-001  0.000000000000000  0.000000000000000  6.705663087566507  8.228710624109951 0.1635648284944904 -.9408494546470622E-003 -.5721013313027749E-002 -.4415807924601378E-001 0.2303626034898867 -4.601414739884948 -3.923153132883151
0.1320000000000000E-001  0.000000000000000  0.000000000000000  0.000000000000000  2.819650487186552  3.786777250426509 0.1635648284944904 -.5644328668886156E-003 -.3083321374721321E-002 -.4262068218638438E-001 0.2303626034898867 -4.600458781572514 -3.922197174570717
0.1320000000000000E-001 0.4400000000000000E-002  0.000000000000000  0.000000000000000  4.179524572058255  5.366798600865531 0.1635648284944904 -.6993464436209541E-003 -.3970893667811704E-002 -.4763427286531854E-001 0.2303626034898867 -5.012363667416150 -4.334102060414353
0.1320000000000000E-001 0.8800000000000001E-002  0.000000000000000  0.000000000000000  5.539398656929976  6.946819951304611 0.1635648284944904 -.8342600203532995E-003 -.4858465960902112E-002 -.5264786354070967E-001 0.2303626034898867 -5.424268553259787 -4.746006946257991
0.1320000000000000E-001 0.1320000000000000E-001  0.000000000000000  0.000000000000000  6.899272741801682  8.526841301743632 0.1635648284944904 -.9691735970856597E-003 -.5746038253992601E-002 -.5766145420642105E-001 0.2303626034898867 -5.836173439103427 -5.157911832101631
0.1320000000000000E-001 0.1760000000000000E-001  0.000000000000000  0.000000000000000  8.259146826673406  10.10686265218272 0.1635648284944904 -.1104087173818013E-002 -.6633610547083062E-002 -.6267504488738369E-001 0.2303626034898867 -6.248078324947058 -5.569816717945262
0.1760000000000000E-001  0.000000000000000  0.000000000000000  0.000000000000000  4.373134226293414  5.664929278499184 0.1635648284944904 -.7276705860595566E-003 -.3995918608776560E-002 -.6113764790949532E-001 0.2303626034898867 -6.247122366634622 -5.568860759632826
0.1760000000000000E-001 0.4400000000000000E-002  0.000000000000000  0.000000000000000  5.733008311165151  7.244950628938293 0.1635648284944904 -.8625841627918966E-003 -.4883490901866954E-002 -.6615123858649569E-001 0.2303626034898867 -6.659027252478260 -5.980765645476463
0.1760000000000000E-001 0.8800000000000001E-002  0.000000000000000  0.000000000000000  7.092882396036878  8.824971979377372 0.1635648284944904 -.9974977395242749E-003 -.5771063194957518E-002 -.7116482926341330E-001 0.2303626034898867 -7.070932138321901 -6.392670531320105
0.1760000000000000E-001 0.1320000000000000E-001  0.000000000000000  0.000000000000000  8.452756480908594  10.40499332981643 0.1635648284944904 -.1132411316256627E-002 -.6658635488047985E-002 -.7617841993646017E-001 0.2303626034898867 -7.482837024165532 -6.804575417163735
0.1760000000000000E-001 0.1760000000000000E-001  0.000000000000000  0.000000000000000  9.812630565780328  11.98501468025553 0.1635648284944904 -.1267324892988958E-002 -.7546207781138326E-002 -.8119201060732026E-001 0.2303626034898867 -7.894741910009166 -7.216480303007370
 0.000000000000000  0.000000000000000 -.6600000000000000E-002  0.000000000000000 0.4083678009275611 0.1769389222504137 0.1635648284944904 -.4340568719166752E-003 -.1616891632028024E-002 0.1691522725893835E-001 0.2303626034898867 0.7038719516718619  1.382133558673659
 0.000000000000000 0.4400000000000000E-002 -.6600000000000000E-002  0.000000000000000  1.768241885799281  1.756960272689486 0.1635648284944904 -.5689704486490289E-003 -.2504463925118483E-002 0.1190163668971887E-001 0.2303626034898867 0.2919670658282262 0.9702286728300230
 0.000000000000000 0.8800000000000001E-002 -.6600000000000000E-002  0.000000000000000  3.128115970671002  3.336981623128550 0.1635648284944904 -.7038840253813822E-003 -.3392036218208946E-002 0.6888045992078866E-002 0.2303626034898867 -.1199378200154101 0.5583237869863867
 0.000000000000000 0.1320000000000000E-001 -.6600000000000000E-002  0.000000000000000  4.487990055542727  4.917002973567633 0.1635648284944904 -.8387976021137337E-003 -.4279608511299391E-002 0.1874455323010856E-002 0.2303626034898867 -.5318427058590468 0.1464189011427500
 0.000000000000000 0.1760000000000000E-001 -.6600000000000000E-002  0.000000000000000  5.847864140414457  6.497024324006739 0.1635648284944904 -.9737111788460929E-003 -.5167180804389884E-002 -.3139135377214305E-002 0.2303626034898867 -.9437475917026836 -.2654859847008868
0.4400000000000000E-002  0.000000000000000 -.6600000000000000E-002  0.000000000000000  1.961851540034443  2.055090950323138 0.1635648284944904 -.5972945910873187E-003 -.2529488866081872E-002 -.1601738457213738E-002 0.2303626034898867 -.9427916333902500 -.2645300263884531
0.4400000000000000E-002 0.4400000000000000E-002 -.6600000000000000E-002  0.000000000000000  3.321725624906152  3.635112300762182 0.1635648284944904 -.7322081678196775E-003 -.3417061159172357E-002 -.6615329072620984E-002 0.2303626034898867 -1.354696519233886 -.6764349122320888
0.4400000000000000E-002 0.8800000000000001E-002 -.6600000000000000E-002  0.000000000000000  4.681599709777891  5.215133651201289 0.1635648284944904 -.8671217445520138E-003 -.4304633452262738E-002 -.1162891975357355E-001 0.2303626034898867 -1.766601405077524 -1.088339798075727
0.4400000000000000E-002 0.1320000000000000E-001 -.6600000000000000E-002  0.000000000000000  6.041473794649604  6.795155001640344 0.1635648284944904 -.1002035321284372E-002 -.5192205745353210E-002 -.1664251041241114E-001 0.2303626034898867 -2.178506290921158 -1.500244683919361
0.4400000000000000E-002 0.1760000000000000E-001 -.6600000000000000E-002  0.000000000000000  7.401347879521345  8.375176352079459 0.1635648284944904 -.1136948898016722E-002 -.6079778038443652E-002 -.2165610104115589E-001 0.2303626034898867 -2.590411176764797 -1.912149569763001
0.8800000000000001E-002  0.000000000000000 -.6600000000000000E-002  0.000000000000000  3.515335279141325  3.933242978395858 0.1635648284944904 -.7605323102583001E-003 -.3442086100137316E-002 -.2011870426648109E-001 0.2303626034898867 -2.589455218452363 -1.911193611450566
0.8800000000000001E-002 0.4400000000000000E-002 -.6600000000000000E-002  0.000000000000000  4.875209364013049  5.513264328834937 0.1635648284944904 -.8954458869906423E-003 -.4329658393227716E-002 -.2513229487496400E-001 0.2303626034898867 -3.001360104295999 -2.323098497294202
0.8800000000000001E-002 0.8800000000000001E-002 -.6600000000000000E-002  0.000000000000000  6.235083448884766  7.093285679274010 0.1635648284944904 -.1030359463722977E-002 -.5217230686318101E-002 -.3014588555187896E-001 0.2303626034898867 -3.413264990139634 -2.735003383137837
0.8800000000000001E-002 0.1320000000000000E-001 -.6600000000000000E-002  0.000000000000000  7.594957533756501  8.673307029713103 0.1635648284944904 -.1165273040455338E-002 -.6104802979408592E-002 -.3515947622888790E-001 0.2303626034898867 -3.825169875983268 -3.146908268981471
0.8800000000000001E-002 0.1760000000000000E-001 -.6600000000000000E-002  0.000000000000000  8.954831618628221  10.25332838015216 0.1635648284944904 -.1300186617187662E-002 -.6992375272498915E-002 -.4017306689876007E-001 0.2303626034898867 -4.237074761826908 -3.558813154825111
0.1320000000000000E-001  0.000000000000000 -.6600000000000000E-002  0.000000000000000  5.068819018248217  5.811395006468604 0.1635648284944904 -.9237700294292294E-003 -.4354683334192535E-002 -.3863566990456466E-001 0.2303626034898867 -4.236118803514475 -3.557857196512678
0.1320000000000000E-001 0.4400000000000000E-002 -.6600000000000000E-002  0.000000000000000  6.428693103119913  7.391416356907622 0.1635648284944904 -.1058683606161577E-002 -.5242255627282940E-002 -.4364926051587804E-001 0.2303626034898867 -4.648023689358110 -3.969762082356313
0.1320000000000000E-001 0.8800000000000001E-002 -.6600000000000000E-002  0.000000000000000  7.788567187991648  8.971437707346730 0.1635648284944904 -.1193597182893910E-002 -.6129827920373305E-002 -.4866285119326300E-001 0.2303626034898867 -5.059928575201746 -4.381666968199950
0.1320000000000000E-001 0.1320000000000000E-001 -.6600000000000000E-002  0.000000000000000  9.148441272863350  10.55145905778573 0.1635648284944904 -.1328510759626251E-002 -.7017400213463702E-002 -.5367644187094146E-001 0.2303626034898867 -5.471833461045385 -4.793571854043589
0.1320000000000000E-001 0.1760000000000000E-001 -.6600000000000000E-002  0.000000000000000  10.50831535773509  12.13148040822488 0.1635648284944904 -.1463424336358627E-002 -.7904972506554272E-002 -.5869003253960717E-001 0.2303626034898867 -5.883738346889020 -5.205476739887223
0.1760000000000000E-001  0.000000000000000 -.6600000000000000E-002  0.000000000000000  6.622302757355090  7.689547034541305 0.1635648284944904 -.1087007748600192E-002 -.5267280568247869E-002 -.5715263562369773E-001 0.2303626034898867 -5.882782388576588 -5.204520781574791
0.1760000000000000E-001 0.4400000000000000E-002 -.6600000000000000E-002  0.000000000000000  7.982176842226790  9.269568384980339 0.1635648284944904 -.1221921325332518E-002 -.6154852861338196E-002 -.6216622623500737E-001 0.2303626034898867 -6.294687274420224 -5.616425667418428
0.1760000000000000E-001 0.8800000000000001E-002 -.6600000000000000E-002  0.000000000000000  9.342050927098507  10.84958973541938 0.1635648284944904 -.1356834902064830E-002 -.7042425154428462E-002 -.6717981691283502E-001 0.2303626034898867 -6.706592160263861 -6.028330553262064
0.1760000000000000E-001 0.1320000000000000E-001 -.6600000000000000E-002  0.000000000000000  10.70192501197026  12.42961108585850 0.1635648284944904 -.1491748478797244E-002 -.7929997447519219E-002 -.7219340758988925E-001 0.2303626034898867 -7.118497046107492 -6.440235439105695
0.1760000000000000E-001 0.1760000000000000E-001 -.6600000000000000E-002  0.000000000000000  12.06179909684201  14.00963243629768 0.1635648284944904 -.1626662055529569E-002 -.8817569740609542E-002 -.7720699825916924E-001 0.2303626034898867 -7.530401931951133 -6.852140324949337
 0.000000000000000  0.000000000000000 -.1320000000000000E-001  0.000000000000000  2.657536331989225  2.201556678292505 0.1635648284944904 -.7933940344570944E-003 -.2888253591498324E-002 0.2090023968256359E-001 0.2303626034898867  1.068211929729900  1.746473536731697
 0.000000000000000 0.4400000000000000E-002 -.1320000000000000E-001  0.000000000000000  4.017410416860947  3.781578028731583 0.1635648284944904 -.9283076111894506E-003 -.3775825884588798E-002 0.1588664899736264E-001 0.2303626034898867 0.6563070438862630  1.334568650888060
 0.000000000000000 0.8800000000000001E-002 -.1320000000000000E-001  0.000000000000000  5.377284501732662  5.361599379170644 0.1635648284944904 -.1063221187921804E-002 -.4663398177679251E-002 0.1087305834099829E-001 0.2303626034898867 0.2444021580426258 0.9226637650444226
 0.000000000000000 0.1320000000000000E-001 -.1320000000000000E-001  0.000000000000000  6.737158586604377  6.941620729609699 0.1635648284944904 -.1198134764654148E-002 -.5550970470769664E-002 0.5859467581344441E-002 0.2303626034898867 -.1675027278010096 0.5107588792007872
 0.000000000000000 0.1760000000000000E-001 -.1320000000000000E-001  0.000000000000000  8.097032671476114  8.521642080048812 0.1635648284944904 -.1333048341386499E-002 -.6438542763860112E-002 0.8458770112900903E-003 0.2303626034898867 -.5794076136446453 0.9885399335715150E-001
0.4400000000000000E-002  0.000000000000000 -.1320000000000000E-001  0.000000000000000  4.211020071096097  4.079708706365214 0.1635648284944904 -.9566317536278098E-003 -.3800850825552505E-002 0.2383273915112584E-002 0.2303626034898867 -.5784516553322128 0.9980995166958406E-001
0.4400000000000000E-002 0.4400000000000000E-002 -.1320000000000000E-001  0.000000000000000  5.570894155967816  5.659730056804270 0.1635648284944904 -.1091545330360154E-002 -.4688423118642928E-002 -.2630316713361436E-002 0.2303626034898867 -.9903565411758503 -.3120949341740534
0.4400000000000000E-002 0.8800000000000001E-002 -.1320000000000000E-001  0.000000000000000  6.930768240839538  7.239751407243344 0.1635648284944904 -.1226458907092522E-002 -.5575995411733451E-002 -.7643907395284194E-002 0.2303626034898867 -1.402261427019487 -.7239998200176897
0.4400000000000000E-002 0.1320000000000000E-001 -.1320000000000000E-001  0.000000000000000  8.290642325711278  8.819772757682456 0.1635648284944904 -.1361372483824911E-002 -.6463567704824071E-002 -.1265749806390393E-001 0.2303626034898867 -1.814166312863123 -1.135904705861326
0.4400000000000000E-002 0.1760000000000000E-001 -.1320000000000000E-001  0.000000000000000  9.650516410582988  10.39979410812152 0.1635648284944904 -.1496286060557242E-002 -.7351139997914425E-002 -.1767108872373156E-001 0.2303626034898867 -2.226071198706760 -1.547809591704963
0.8800000000000001E-002  0.000000000000000 -.1320000000000000E-001  0.000000000000000  5.764503810202980  5.957860734437928 0.1635648284944904 -.1119869472798903E-002 -.4713448059608486E-002 -.1613369185726663E-001 0.2303626034898867 -2.225115240394325 -1.546853633392528
0.8800000000000001E-002 0.4400000000000000E-002 -.1320000000000000E-001  0.000000000000000  7.124377895074697  7.537882084876985 0.1635648284944904 -.1254783049531253E-002 -.5601020352698926E-002 -.2114728251830304E-001 0.2303626034898867 -2.637020126237960 -1.958758519236163
0.8800000000000001E-002 0.8800000000000001E-002 -.1320000000000000E-001  0.000000000000000  8.484251979946436  9.117903435316116 0.1635648284944904 -.1389696626263590E-002 -.6488592645789309E-002 -.2616087319531494E-001 0.2303626034898867 -3.048925012081594 -2.370663405079798
0.8800000000000001E-002 0.1320000000000000E-001 -.1320000000000000E-001  0.000000000000000  9.844126064818139  10.69792478575515 0.1635648284944904 -.1524610202995938E-002 -.7376164938879733E-002 -.3117446387227346E-001 0.2303626034898867 -3.460829897925232 -2.782568290923435
0.8800000000000001E-002 0.1760000000000000E-001 -.1320000000000000E-001  0.000000000000000  11.20400014968985  12.27794613619420 0.1635648284944904 -.1659523779728293E-002 -.8263737231970205E-002 -.3618805452896241E-001 0.2303626034898867 -3.872734783768869 -3.194473176767072
0.1320000000000000E-001  0.000000000000000 -.1320000000000000E-001  0.000000000000000  7.317987549309859  7.836012762510649 0.1635648284944904 -.1283107191969866E-002 -.5626045293663819E-002 -.3465065749713291E-001 0.2303626034898867 -3.871778825456437 -3.193517218454640
0.1320000000000000E-001 0.4400000000000000E-002 -.1320000000000000E-001  0.000000000000000  8.677861634181561  9.416034112949676 0.1635648284944904 -.1418020768702170E-002 -.6513617586754052E-002 -.3966424815830126E-001 0.2303626034898867 -4.283683711300074 -3.605422104298277
0.1320000000000000E-001 0.8800000000000001E-002 -.1320000000000000E-001  0.000000000000000  10.03773571905330  10.99605546338880 0.1635648284944904 -.1552934345434496E-002 -.7401189879844396E-002 -.4467783883521335E-001 0.2303626034898867 -4.695588597143710 -4.017326990141914
0.1320000000000000E-001 0.1320000000000000E-001 -.1320000000000000E-001  0.000000000000000  11.39760980392500  12.57607681382781 0.1635648284944904 -.1687847922166905E-002 -.8288762172935114E-002 -.4969142951222533E-001 0.2303626034898867 -5.107493482987350 -4.429231875985553
0.1320000000000000E-001 0.1760000000000000E-001 -.1320000000000000E-001  0.000000000000000  12.75748388879671  14.15609816426688 0.1635648284944904 -.1822761498899238E-002 -.9176334466025452E-002 -.5470502016891404E-001 0.2303626034898867 -5.519398368830985 -4.841136761829189
0.1760000000000000E-001  0.000000000000000 -.1320000000000000E-001  0.000000000000000  8.871471288416716  9.714164790583309 0.1635648284944904 -.1446344911140781E-002 -.6538642527718962E-002 -.5316762321815336E-001 0.2303626034898867 -5.518442410518552 -4.840180803516756
0.1760000000000000E-001 0.4400000000000000E-002 -.1320000000000000E-001  0.000000000000000  10.23134537328844  11.29418614102239 0.1635648284944904 -.1581258487873135E-002 -.7426214820809417E-002 -.5818121387925788E-001 0.2303626034898867 -5.930347296362188 -5.252085689360392
0.1760000000000000E-001 0.8800000000000001E-002 -.1320000000000000E-001  0.000000000000000  11.59121945816019  12.87420749146153 0.1635648284944904 -.1716172064605526E-002 -.8313787113900047E-002 -.6319480455617767E-001 0.2303626034898867 -6.342252182205821 -5.663990575204025
0.1760000000000000E-001 0.1320000000000000E-001 -.1320000000000000E-001  0.000000000000000  12.95109354303188  14.45422884190056 0.1635648284944904 -.1851085641337840E-002 -.9201359406990342E-002 -.6820839523338991E-001 0.2303626034898867 -6.754157068049466 -6.075895461047669
0.1760000000000000E-001 0.1760000000000000E-001 -.1320000000000000E-001  0.000000000000000  14.31096762790364  16.03425019233968 0.1635648284944904 -.1985999218070190E-002 -.1008893170008076E-001 -.7322198589009081E-001 0.2303626034898867 -7.166061953893098 -6.487800346891301
 0.000000000000000  0.000000000000000 -.1980000000000000E-001  0.000000000000000  4.906704863050860  4.226174434334540 0.1635648284944904 -.1152731196997639E-002 -.4159615550969213E-002 0.2488525205632899E-001 0.2303626034898867  1.432551907787938  2.110813514789735
 0.000000000000000 0.4400000000000000E-002 -.1980000000000000E-001  0.000000000000000  6.266578947922589  5.806195784773617 0.1635648284944904 -.1287644773729980E-002 -.5047187844059611E-002 0.1987166137989919E-001 0.2303626034898867  1.020647021944301  1.698908628946098
 0.000000000000000 0.8800000000000001E-002 -.1980000000000000E-001  0.000000000000000  7.626453032794303  7.386217135212685 0.1635648284944904 -.1422558350462340E-002 -.5934760137150102E-002 0.1485807073850631E-001 0.2303626034898867 0.6087421361006634  1.287003743102460
 0.000000000000000 0.1320000000000000E-001 -.1980000000000000E-001  0.000000000000000  8.986327117666036  8.966238485651781 0.1635648284944904 -.1557471927194691E-002 -.6822332430240543E-002 0.9844480039155775E-002 0.2303626034898867 0.1968372502570269 0.8750988572588237
 0.000000000000000 0.1760000000000000E-001 -.1980000000000000E-001  0.000000000000000  10.34620120253776  10.54625983609090 0.1635648284944904 -.1692385503927050E-002 -.7709904723331009E-002 0.4830889337653585E-002 0.2303626034898867 -.2150676355866089 0.4631939714151879
0.4400000000000000E-002  0.000000000000000 -.1980000000000000E-001  0.000000000000000  6.460188602157736  6.104326462407249 0.1635648284944904 -.1315968916168398E-002 -.5072212785023606E-002 0.6368286329412624E-002 0.2303626034898867 -.2141116772741753 0.4641499297276215
0.4400000000000000E-002 0.4400000000000000E-002 -.1980000000000000E-001  0.000000000000000  7.820062687029459  7.684347812846328 0.1635648284944904 -.1450882492900759E-002 -.5959785078114092E-002 0.1354695653783208E-002 0.2303626034898867 -.6260165631178122 0.5224504388398465E-001
0.4400000000000000E-002 0.8800000000000001E-002 -.1980000000000000E-001  0.000000000000000  9.179936771901188  9.264369163285409 0.1635648284944904 -.1585796069633110E-002 -.6847357371204537E-002 -.3658894995477622E-002 0.2303626034898867 -1.037921448961449 -.3596598419596524
0.4400000000000000E-002 0.1320000000000000E-001 -.1980000000000000E-001  0.000000000000000  10.53981085677292  10.84439051372452 0.1635648284944904 -.1720709646365462E-002 -.7734929664294998E-002 -.8672485713903803E-002 0.2303626034898867 -1.449826334805085 -.7715647278032879
0.4400000000000000E-002 0.1760000000000000E-001 -.1980000000000000E-001  0.000000000000000  11.89968494164464  12.42441186416358 0.1635648284944904 -.1855623223097799E-002 -.8622501957385387E-002 -.1368607637314787E-001 0.2303626034898867 -1.861731220648723 -1.183469613646926
0.8800000000000001E-002  0.000000000000000 -.1980000000000000E-001  0.000000000000000  8.013672341264618  7.982478490479965 0.1635648284944904 -.1479206635339508E-002 -.5984810019079664E-002 -.1214867951749042E-001 0.2303626034898867 -1.860775262336289 -1.182513655334492
0.8800000000000001E-002 0.4400000000000000E-002 -.1980000000000000E-001  0.000000000000000  9.373546426136363  9.562499840919100 0.1635648284944904 -.1614120212071883E-002 -.6872382312170221E-002 -.1716227015919420E-001 0.2303626034898867 -2.272680148179924 -1.594418541178127
0.8800000000000001E-002 0.8800000000000001E-002 -.1980000000000000E-001  0.000000000000000  10.73342051100810  11.14252119135820 0.1635648284944904 -.1749033788804227E-002 -.7759954605260632E-002 -.2217586080051778E-001 0.2303626034898867 -2.684585034023559 -2.006323427021762
0.8800000000000001E-002 0.1320000000000000E-001 -.1980000000000000E-001  0.000000000000000  12.09329459587980  12.72254254179722 0.1635648284944904 -.1883947365536582E-002 -.8647526898351098E-002 -.2718945151368353E-001 0.2303626034898867 -3.096489919867197 -2.418228312865400
0.8800000000000001E-002 0.1760000000000000E-001 -.1980000000000000E-001  0.000000000000000  13.45316868075153  14.30256389223629 0.1635648284944904 -.2018860942268930E-002 -.9535099191441529E-002 -.3220304218200984E-001 0.2303626034898867 -3.508394805710833 -2.830133198709036
0.1320000000000000E-001  0.000000000000000 -.1980000000000000E-001  0.000000000000000  9.567156080371518  9.860630518552734 0.1635648284944904 -.1642444354510454E-002 -.6897407253134934E-002 -.3066564512274258E-001 0.2303626034898867 -3.507438847398399 -2.829177240396602
0.1320000000000000E-001 0.4400000000000000E-002 -.1980000000000000E-001  0.000000000000000  10.92703016524323  11.44065186899179 0.1635648284944904 -.1777357931242812E-002 -.7784979546225390E-002 -.3567923579906337E-001 0.2303626034898867 -3.919343733242038 -3.241082126240241
0.1320000000000000E-001 0.8800000000000001E-002 -.1980000000000000E-001  0.000000000000000  12.28690425011496  13.02067321943089 0.1635648284944904 -.1912271507975161E-002 -.8672551839315841E-002 -.4069282644072933E-001 0.2303626034898867 -4.331248619085675 -3.652987012083878
0.1320000000000000E-001 0.1320000000000000E-001 -.1980000000000000E-001  0.000000000000000  13.64677833498669  14.60069456986998 0.1635648284944904 -.2047185084707479E-002 -.9560124132406150E-002 -.4570641715358775E-001 0.2303626034898867 -4.743153504929313 -4.064891897927517
0.1320000000000000E-001 0.1760000000000000E-001 -.1980000000000000E-001  0.000000000000000  15.00665241985839  16.18071592030900 0.1635648284944904 -.2182098661439869E-002 -.1044769642549674E-001 -.5072000782177487E-001 0.2303626034898867 -5.155058390772951 -4.476796783771155
0.1760000000000000E-001  0.000000000000000 -.1980000000000000E-001  0.000000000000000  11.12063981947838  11.73878254662541 0.1635648284944904 -.1805682073681397E-002 -.7810004487190174E-002 -.4918261084361499E-001 0.2303626034898867 -5.154102432460516 -4.475840825458720
0.1760000000000000E-001 0.4400000000000000E-002 -.1980000000000000E-001  0.000000000000000  12.48051390435010  13.31880389706448 0.1635648284944904 -.1940595650413756E-002 -.8697576780280641E-002 -.5419620152030298E-001 0.2303626034898867 -5.566007318304150 -4.887745711302354
0.1760000000000000E-001 0.8800000000000001E-002 -.1980000000000000E-001  0.000000000000000  13.84038798922183  14.89882524750356 0.1635648284944904 -.2075509227146075E-002 -.9585149073370967E-002 -.5920979216163659E-001 0.2303626034898867 -5.977912204147790 -5.299650597145994
0.1760000000000000E-001 0.1320000000000000E-001 -.1980000000000000E-001  0.000000000000000  15.20026207409354  16.47884659794263 0.1635648284944904 -.2210422803878395E-002 -.1047272136646130E-001 -.6422338287435543E-001 0.2303626034898867 -6.389817089991426 -5.711555482989629
0.1760000000000000E-001 0.1760000000000000E-001 -.1980000000000000E-001  0.000000000000000  16.56013615896529  18.05886794838176 0.1635648284944904 -.2345336380610779E-002 -.1136029365955189E-001 -.6923697354273382E-001 0.2303626034898867 -6.801721975835063 -6.123460368833267
 0.000000000000000  0.000000000000000 -.2640000000000000E-001  0.000000000000000  7.155873394112532  6.250792190376642 0.1635648284944904 -.1512068359538245E-002 -.5430977510440366E-002 0.2887026432599122E-001 0.2303626034898867  1.796891885845976  2.475153492847773
 0.000000000000000 0.4400000000000000E-002 -.2640000000000000E-001  0.000000000000000  8.515747478984242  7.830813540815701 0.1635648284944904 -.1646981936270583E-002 -.6318549803530761E-002 0.2385667364876796E-001 0.2303626034898867  1.384987000002339  2.063248607004135
 0.000000000000000 0.8800000000000001E-002 -.2640000000000000E-001  0.000000000000000  9.875621563855960  9.410834891254771 0.1635648284944904 -.1781895513002951E-002 -.7206122096621287E-002 0.1884308297185248E-001 0.2303626034898867 0.9730821141587011  1.651343721160498
 0.000000000000000 0.1320000000000000E-001 -.2640000000000000E-001  0.000000000000000  11.23549564872767  10.99085624169383 0.1635648284944904 -.1916809089735304E-002 -.8093694389711746E-002 0.1382949229484182E-001 0.2303626034898867 0.5611772283150627  1.239438835316859
 0.000000000000000 0.1760000000000000E-001 -.2640000000000000E-001  0.000000000000000  12.59536973359940  12.57087759213290 0.1635648284944904 -.2051722666467636E-002 -.8981266682802117E-002 0.8815901622789727E-002 0.2303626034898867 0.1492723424714265 0.8275339494732233
0.4400000000000000E-002  0.000000000000000 -.2640000000000000E-001  0.000000000000000  8.709357133219397  8.128944218449325 0.1635648284944904 -.1675306078709051E-002 -.6343574744494997E-002 0.1035329863932191E-001 0.2303626034898867 0.1502283007838603 0.8284899077856571
0.4400000000000000E-002 0.4400000000000000E-002 -.2640000000000000E-001  0.000000000000000  10.06923121809112  9.708965568888402 0.1635648284944904 -.1810219655441394E-002 -.7231147037585417E-002 0.5339707923045734E-002 0.2303626034898867 -.2616765850597753 0.4165850219420215
0.4400000000000000E-002 0.8800000000000001E-002 -.2640000000000000E-001  0.000000000000000  11.42910530296284  11.28898691932748 0.1635648284944904 -.1945133232173764E-002 -.8118719330675922E-002 0.3261172846170130E-003 0.2303626034898867 -.6735814709034121 0.4680136098384691E-002
0.4400000000000000E-002 0.1320000000000000E-001 -.2640000000000000E-001  0.000000000000000  12.78897938783457  12.86900826976657 0.1635648284944904 -.2080046808906120E-002 -.9006291623766389E-002 -.4687473351404886E-002 0.2303626034898867 -1.085486356747049 -.4072247497452521
0.4400000000000000E-002 0.1760000000000000E-001 -.2640000000000000E-001  0.000000000000000  14.14885347270629  14.44902962020563 0.1635648284944904 -.2214960385638451E-002 -.9893863916856767E-002 -.9701064068475660E-002 0.2303626034898867 -1.497391242590685 -.8191296355888883
0.8800000000000001E-002  0.000000000000000 -.2640000000000000E-001  0.000000000000000  10.26284087232625  10.00709624652200 0.1635648284944904 -.1838543797880144E-002 -.7256171978550970E-002 -.8163667219778915E-002 0.2303626034898867 -1.496435284278252 -.8181736772764546
0.8800000000000001E-002 0.4400000000000000E-002 -.2640000000000000E-001  0.000000000000000  11.62271495719802  11.58711759696115 0.1635648284944904 -.1973457374612490E-002 -.8143744271641410E-002 -.1317725788677680E-001 0.2303626034898867 -1.908340170121889 -1.230078563120092
0.8800000000000001E-002 0.8800000000000001E-002 -.2640000000000000E-001  0.000000000000000  12.98258904206974  13.16713894740025 0.1635648284944904 -.2108370951344846E-002 -.9031316564731887E-002 -.1819084856754660E-001 0.2303626034898867 -2.320245055965526 -1.641983448963729
0.8800000000000001E-002 0.1320000000000000E-001 -.2640000000000000E-001  0.000000000000000  14.34246312694146  14.74716029783930 0.1635648284944904 -.2243284528077194E-002 -.9918888857822310E-002 -.2320443924437606E-001 0.2303626034898867 -2.732149941809159 -2.053888334807362
0.8800000000000001E-002 0.1760000000000000E-001 -.2640000000000000E-001  0.000000000000000  15.70233721181314  16.32718164827833 0.1635648284944904 -.2378198104809492E-002 -.1080646115091255E-001 -.2821802991251830E-001 0.2303626034898867 -3.144054827652795 -2.465793220650998
0.1320000000000000E-001  0.000000000000000 -.2640000000000000E-001  0.000000000000000  11.81632461143316  11.88524827459477 0.1635648284944904 -.2001781517051066E-002 -.8168769212606142E-002 -.2668063285345280E-001 0.2303626034898867 -3.143098869340363 -2.464837262338566
0.1320000000000000E-001 0.4400000000000000E-002 -.2640000000000000E-001  0.000000000000000  13.17619869630487  13.46526962503384 0.1635648284944904 -.2136695093783423E-002 -.9056341505696596E-002 -.3169422353055242E-001 0.2303626034898867 -3.555003755183999 -2.876742148182203
0.1320000000000000E-001 0.8800000000000001E-002 -.2640000000000000E-001  0.000000000000000  14.53607278117661  15.04529097547292 0.1635648284944904 -.2271608670515791E-002 -.9943913798787143E-002 -.3670781420713795E-001 0.2303626034898867 -3.966908641027636 -3.288647034025840
0.1320000000000000E-001 0.1320000000000000E-001 -.2640000000000000E-001  0.000000000000000  15.89594686604836  16.62531232591207 0.1635648284944904 -.2406522247248110E-002 -.1083148609187745E-001 -.4172140459677828E-001 0.2303626034898867 -4.378813526871273 -3.700551919869476
0.1320000000000000E-001 0.1760000000000000E-001 -.2640000000000000E-001  0.000000000000000  17.25582095092002  18.20533367635103 0.1635648284944904 -.2541435823980393E-002 -.1171905838496759E-001 -.4673499543554264E-001 0.2303626034898867 -4.790718412714909 -4.112456805713113
0.1760000000000000E-001  0.000000000000000 -.2640000000000000E-001  0.000000000000000  13.36980835054003  13.76340030266748 0.1635648284944904 -.2165019236222043E-002 -.9081366446661517E-002 -.4519759858952482E-001 0.2303626034898867 -4.789762454402476 -4.111500847400680
0.1760000000000000E-001 0.4400000000000000E-002 -.2640000000000000E-001  0.000000000000000  14.72968243541176  15.34342165310655 0.1635648284944904 -.2299932812954386E-002 -.9968938739751914E-002 -.5021118925116794E-001 0.2303626034898867 -5.201667340246120 -4.523405733244323
0.1760000000000000E-001 0.8800000000000001E-002 -.2640000000000000E-001  0.000000000000000  16.08955652028346  16.92344300354559 0.1635648284944904 -.2434846389686672E-002 -.1085651103284212E-001 -.5522477992813193E-001 0.2303626034898867 -5.613572226089755 -4.935310619087959
0.1760000000000000E-001 0.1320000000000000E-001 -.2640000000000000E-001  0.000000000000000  17.44943060515520  18.50346435398472 0.1635648284944904 -.2569759966419024E-002 -.1174408332593259E-001 -.6023837060510556E-001 0.2303626034898867 -6.025477111933390 -5.347215504931594
0.1760000000000000E-001 0.1760000000000000E-001 -.2640000000000000E-001  0.000000000000000  18.80930469002689  20.08348570442372 0.1635648284944904 -.2704673543151335E-002 -.1263165561902285E-001 -.6525196127348297E-001 0.2303626034898867 -6.437381997777027 -5.759120390775230
