 SGx1               SGx2               SGy1               SGy2               spin_ref          spin_x                  spin_y                  spin_z
 0.000000000000000  0.000000000000000  0.000000000000000  0.000000000000000  0.000000000000000 -.2988791436564497E-009 -.1382119307891116E-008 0.3232422662868828E-010
 0.000000000000000 0.2000000000000000E-001  0.000000000000000  0.000000000000000  0.000000000000000 -.2750668248729937E-008 -.1752166026158797E-007 -.2464869974794226E-010
 0.000000000000000 0.4000000000000000E-001  0.000000000000000  0.000000000000000  0.000000000000000 -.5200078451172985E-008 -.3366473891319721E-007 -.8163053566434542E-010
 0.000000000000000 0.6000000000000000E-001  0.000000000000000  0.000000000000000  0.000000000000000 -.7647109862007895E-008 -.4981135523496327E-007 -.1386212533649456E-009
 0.000000000000000 0.8000000000000000E-001  0.000000000000000  0.000000000000000  0.000000000000000 -.1009176245347909E-007 -.6596150925464173E-007 -.1956208806053183E-009
0.2000000000000000E-001  0.000000000000000  0.000000000000000  0.000000000000000  0.000000000000000 -.3261868941617507E-008 -.1798447443746021E-007 -.1781290115410172E-009
0.2000000000000000E-001 0.2000000000000000E-001  0.000000000000000  0.000000000000000  0.000000000000000 -.5708117617464481E-008 -.3414180160810076E-007 -.2351245864673501E-009
0.2000000000000000E-001 0.4000000000000000E-001  0.000000000000000  0.000000000000000  0.000000000000000 -.8151987446192166E-008 -.5030266644889814E-007 -.2921290431778800E-009
0.2000000000000000E-001 0.6000000000000000E-001  0.000000000000000  0.000000000000000  0.000000000000000 -.1059347845555614E-007 -.6646706895985233E-007 -.3491424094281825E-009
0.2000000000000000E-001 0.8000000000000000E-001  0.000000000000000  0.000000000000000  0.000000000000000 -.1303259061780082E-007 -.8263500916871891E-007 -.4061646574626820E-009
0.4000000000000000E-001  0.000000000000000  0.000000000000000  0.000000000000000  0.000000000000000 -.6215605252712919E-008 -.3460619585338165E-007 -.3886815036491242E-009
0.4000000000000000E-001 0.2000000000000000E-001  0.000000000000000  0.000000000000000  0.000000000000000 -.8656313527088955E-008 -.5078130921321033E-007 -.4456996993695839E-009
0.4000000000000000E-001 0.4000000000000000E-001  0.000000000000000  0.000000000000000  0.000000000000000 -.1109464292659013E-007 -.6695996024319584E-007 -.5027268046298161E-009
0.4000000000000000E-001 0.6000000000000000E-001  0.000000000000000  0.000000000000000  0.000000000000000 -.1353059353448316E-007 -.8314214897109373E-007 -.5597627916742454E-009
0.4000000000000000E-001 0.8000000000000000E-001  0.000000000000000  0.000000000000000  0.000000000000000 -.1596416529525690E-007 -.9932787536914844E-007 -.6168076882584472E-009
0.6000000000000000E-001  0.000000000000000  0.000000000000000  0.000000000000000  0.000000000000000 -.9160088049187110E-008 -.5124728358341102E-007 -.5993332774512083E-009
0.6000000000000000E-001 0.2000000000000000E-001  0.000000000000000  0.000000000000000  0.000000000000000 -.1159525592209221E-007 -.6744018313242783E-007 -.6563741217213703E-009
0.6000000000000000E-001 0.4000000000000000E-001  0.000000000000000  0.000000000000000  0.000000000000000 -.1402804494787802E-007 -.8363662035160147E-007 -.7134238477757293E-009
0.6000000000000000E-001 0.6000000000000000E-001  0.000000000000000  0.000000000000000  0.000000000000000 -.1645845512654454E-007 -.9983659526868749E-007 -.7704824833698609E-009
0.6000000000000000E-001 0.8000000000000000E-001  0.000000000000000  0.000000000000000  0.000000000000000 -.1888648645809177E-007 -.1160401078836859E-006 -.8275500285037651E-009
0.8000000000000000E-001  0.000000000000000  0.000000000000000  0.000000000000000  0.000000000000000 -.1209531738655123E-007 -.6790773759979274E-007 -.8100843329472696E-009
0.8000000000000000E-001 0.2000000000000000E-001  0.000000000000000  0.000000000000000  0.000000000000000 -.1452494485798539E-007 -.8411842333799768E-007 -.8671477980115583E-009
0.8000000000000000E-001 0.4000000000000000E-001  0.000000000000000  0.000000000000000  0.000000000000000 -.1695219342678911E-007 -.1003326467741150E-006 -.9242201726156196E-009
0.8000000000000000E-001 0.6000000000000000E-001  0.000000000000000  0.000000000000000  0.000000000000000 -.1937706323174027E-007 -.1165504078803892E-006 -.9813014567594536E-009
0.8000000000000000E-001 0.8000000000000000E-001  0.000000000000000  0.000000000000000  0.000000000000000 -.2179955418957213E-007 -.1327717066845757E-006 -.1038391622687485E-008
 0.000000000000000  0.000000000000000 -.3000000000000000E-001  0.000000000000000  0.000000000000000 -.6828683341009167E-008 -.2495000647750878E-007 0.7760245224197604E-010
 0.000000000000000 0.2000000000000000E-001 -.3000000000000000E-001  0.000000000000000  0.000000000000000 -.9289684799185238E-008 -.4089625604830616E-007 0.2063732518209349E-010
 0.000000000000000 0.4000000000000000E-001 -.3000000000000000E-001  0.000000000000000  0.000000000000000 -.1174830735473087E-007 -.5684604331701593E-007 -.3633668366198606E-010
 0.000000000000000 0.6000000000000000E-001 -.3000000000000000E-001  0.000000000000000  0.000000000000000 -.1420455111866836E-007 -.7279936828363809E-007 -.9331960204583822E-010
 0.000000000000000 0.8000000000000000E-001 -.3000000000000000E-001  0.000000000000000  0.000000000000000 -.1665841606324214E-007 -.8875623092041707E-007 -.1503114299694630E-009
0.2000000000000000E-001  0.000000000000000 -.3000000000000000E-001  0.000000000000000  0.000000000000000 -.9792570504485454E-008 -.4143574644510650E-007 -.1328372412068290E-009
0.2000000000000000E-001 0.2000000000000000E-001 -.3000000000000000E-001  0.000000000000000  0.000000000000000 -.1224803153343501E-007 -.5739978223284758E-007 -.1898249890608383E-009
0.2000000000000000E-001 0.4000000000000000E-001 -.3000000000000000E-001  0.000000000000000  0.000000000000000 -.1470111371526528E-007 -.7336735569074548E-007 -.2468216464546202E-009
0.2000000000000000E-001 0.6000000000000000E-001 -.3000000000000000E-001  0.000000000000000  0.000000000000000 -.1715181707773183E-007 -.8933846684655578E-007 -.3038272133881748E-009
0.2000000000000000E-001 0.8000000000000000E-001 -.3000000000000000E-001  0.000000000000000  0.000000000000000 -.1960014159307910E-007 -.1053131156725229E-006 -.3608416621059263E-009
0.4000000000000000E-001  0.000000000000000 -.3000000000000000E-001  0.000000000000000  0.000000000000000 -.1274720418109609E-007 -.5794085272681215E-007 -.3433761885940356E-009
0.4000000000000000E-001 0.2000000000000000E-001 -.3000000000000000E-001  0.000000000000000  0.000000000000000 -.1519712480857471E-007 -.7392267470374136E-007 -.4003865849977473E-009
0.4000000000000000E-001 0.4000000000000000E-001 -.3000000000000000E-001  0.000000000000000  0.000000000000000 -.1764466656117847E-007 -.8990803435082739E-007 -.4574058631856559E-009
0.4000000000000000E-001 0.6000000000000000E-001 -.3000000000000000E-001  0.000000000000000  0.000000000000000 -.2008982952217409E-007 -.1058969316958258E-006 -.5144340509133372E-009
0.4000000000000000E-001 0.8000000000000000E-001 -.3000000000000000E-001  0.000000000000000  0.000000000000000 -.2253261363605041E-007 -.1218893667387366E-006 -.5714711481807910E-009
0.6000000000000000E-001  0.000000000000000 -.3000000000000000E-001  0.000000000000000  0.000000000000000 -.1569258434308551E-007 -.7446532526711458E-007 -.5540144176752193E-009
0.6000000000000000E-001 0.2000000000000000E-001 -.3000000000000000E-001  0.000000000000000  0.000000000000000 -.1813696456909319E-007 -.9046493346098750E-007 -.6110474348730577E-009
0.6000000000000000E-001 0.4000000000000000E-001 -.3000000000000000E-001  0.000000000000000  0.000000000000000 -.2057896594798159E-007 -.1064680792972617E-006 -.6680893616106687E-009
0.6000000000000000E-001 0.6000000000000000E-001 -.3000000000000000E-001  0.000000000000000  0.000000000000000 -.2301858847975069E-007 -.1224747628592038E-006 -.7251401978880523E-009
0.6000000000000000E-001 0.8000000000000000E-001 -.3000000000000000E-001  0.000000000000000  0.000000000000000 -.2545583219215608E-007 -.1384849840635471E-006 -.7821999437052085E-009
0.8000000000000000E-001  0.000000000000000 -.3000000000000000E-001  0.000000000000000  0.000000000000000 -.1862871107372044E-007 -.9100916414928051E-007 -.7647519006948045E-009
0.8000000000000000E-001 0.2000000000000000E-001 -.3000000000000000E-001  0.000000000000000  0.000000000000000 -.2106755084274603E-007 -.1070265585045860E-006 -.8218075664423452E-009
0.8000000000000000E-001 0.4000000000000000E-001 -.3000000000000000E-001  0.000000000000000  0.000000000000000 -.2350401182016348E-007 -.1230474905578038E-006 -.8788721417296586E-009
0.8000000000000000E-001 0.6000000000000000E-001 -.3000000000000000E-001  0.000000000000000  0.000000000000000 -.2593809395046165E-007 -.1390719603089341E-006 -.9359455988011689E-009
0.8000000000000000E-001 0.8000000000000000E-001 -.3000000000000000E-001  0.000000000000000  0.000000000000000 -.2836979726139610E-007 -.1550999677302212E-006 -.9930279654124519E-009
 0.000000000000000  0.000000000000000 -.6000000000000000E-001  0.000000000000000  0.000000000000000 -.1335085722531382E-007 -.4941284426074333E-007 0.1228752100068675E-009
 0.000000000000000 0.2000000000000000E-001 -.6000000000000000E-001  0.000000000000000  0.000000000000000 -.1582107100883690E-007 -.6516580247639681E-007 0.6591791001930858E-010
 0.000000000000000 0.4000000000000000E-001 -.6000000000000000E-001  0.000000000000000  0.000000000000000 -.1828890594524069E-007 -.8092229836220710E-007 0.8951700491977022E-011
 0.000000000000000 0.6000000000000000E-001 -.6000000000000000E-001  0.000000000000000  0.000000000000000 -.2075436206228076E-007 -.9668233194592979E-007 -.4802341857512715E-010
 0.000000000000000 0.8000000000000000E-001 -.6000000000000000E-001  0.000000000000000  0.000000000000000 -.2321743933220155E-007 -.1124459031998093E-006 -.1050074471820039E-009
0.2000000000000000E-001  0.000000000000000 -.6000000000000000E-001  0.000000000000000  0.000000000000000 -.1631564172654976E-007 -.6578196909412526E-007 -.8755091096546153E-010
0.2000000000000000E-001 0.2000000000000000E-001 -.6000000000000000E-001  0.000000000000000  0.000000000000000 -.1878031510860190E-007 -.8155271349896687E-007 -.1445308595027228E-009
0.2000000000000000E-001 0.4000000000000000E-001 -.6000000000000000E-001  0.000000000000000  0.000000000000000 -.2124260967129032E-007 -.9732699557396529E-007 -.2015197175797567E-009
0.2000000000000000E-001 0.6000000000000000E-001 -.6000000000000000E-001  0.000000000000000  0.000000000000000 -.2370252538685946E-007 -.1131048153468761E-006 -.2585174574409876E-009
0.2000000000000000E-001 0.8000000000000000E-001 -.6000000000000000E-001  0.000000000000000  0.000000000000000 -.2616006222755374E-007 -.1288861728176993E-006 -.3155241068419912E-009
0.4000000000000000E-001  0.000000000000000 -.6000000000000000E-001  0.000000000000000  0.000000000000000 -.1927117279643120E-007 -.8217046021385954E-007 -.2980763136317677E-009
0.4000000000000000E-001 0.2000000000000000E-001 -.6000000000000000E-001  0.000000000000000  0.000000000000000 -.2173030574925683E-007 -.9795899080788928E-007 -.3550788829631557E-009
0.4000000000000000E-001 0.4000000000000000E-001 -.6000000000000000E-001  0.000000000000000  0.000000000000000 -.2418705988271874E-007 -.1137510590720758E-006 -.4120903895898920E-009
0.4000000000000000E-001 0.6000000000000000E-001 -.6000000000000000E-001  0.000000000000000  0.000000000000000 -.2664143519681694E-007 -.1295466650619304E-006 -.4691107780008252E-009
0.4000000000000000E-001 0.8000000000000000E-001 -.6000000000000000E-001  0.000000000000000  0.000000000000000 -.2909343166379585E-007 -.1453458086941861E-006 -.5261400481959555E-009
0.6000000000000000E-001  0.000000000000000 -.6000000000000000E-001  0.000000000000000  0.000000000000000 -.2221745032393585E-007 -.9857831761994618E-007 -.5087009424808997E-009
0.6000000000000000E-001 0.2000000000000000E-001 -.6000000000000000E-001  0.000000000000000  0.000000000000000 -.2467104290304611E-007 -.1143846344031640E-006 -.5657261603619901E-009
0.6000000000000000E-001 0.4000000000000000E-001 -.6000000000000000E-001  0.000000000000000  0.000000000000000 -.2712225663503709E-007 -.1301944888842943E-006 -.6227602877828531E-009
0.6000000000000000E-001 0.6000000000000000E-001 -.6000000000000000E-001  0.000000000000000  0.000000000000000 -.2957109149215320E-007 -.1460078810633370E-006 -.6798033247434887E-009
0.6000000000000000E-001 0.8000000000000000E-001 -.6000000000000000E-001  0.000000000000000  0.000000000000000 -.3201754755766117E-007 -.1618248109125364E-006 -.7368552434883213E-009
0.8000000000000000E-001  0.000000000000000 -.6000000000000000E-001  0.000000000000000  0.000000000000000 -.2515447442008600E-007 -.1150055413123852E-006 -.7194248807795844E-009
0.8000000000000000E-001 0.2000000000000000E-001 -.6000000000000000E-001  0.000000000000000  0.000000000000000 -.2760252654221418E-007 -.1308296443125467E-006 -.7764727472103772E-009
0.8000000000000000E-001 0.4000000000000000E-001 -.6000000000000000E-001  0.000000000000000  0.000000000000000 -.3004819987273422E-007 -.1466572849828651E-006 -.8335294954253669E-009
0.8000000000000000E-001 0.6000000000000000E-001 -.6000000000000000E-001  0.000000000000000  0.000000000000000 -.3249149435613496E-007 -.1624884633510959E-006 -.8905951531801293E-009
0.8000000000000000E-001 0.8000000000000000E-001 -.6000000000000000E-001  0.000000000000000  0.000000000000000 -.3493241002017200E-007 -.1783231793894835E-006 -.9476697204746642E-009
 0.000000000000000  0.000000000000000 -.9000000000000000E-001  0.000000000000000  0.000000000000000 -.1986540076881482E-007 -.7477063271310591E-007 0.1681425554345140E-009
 0.000000000000000 0.2000000000000000E-001 -.9000000000000000E-001  0.000000000000000  0.000000000000000 -.2234482687768491E-007 -.9033029951810434E-007 0.1111930270081274E-009
 0.000000000000000 0.4000000000000000E-001 -.9000000000000000E-001  0.000000000000000  0.000000000000000 -.2482187416719128E-007 -.1058935040487707E-006 0.5423461679754382E-010
 0.000000000000000 0.6000000000000000E-001 -.9000000000000000E-001  0.000000000000000  0.000000000000000 -.2729654266508952E-007 -.1214602462495940E-006 -.2732675197236745E-011
 0.000000000000000 0.8000000000000000E-001 -.9000000000000000E-001  0.000000000000000  0.000000000000000 -.2976883228811289E-007 -.1370305261205740E-006 -.5970890448736554E-010
0.2000000000000000E-001  0.000000000000000 -.9000000000000000E-001  0.000000000000000  0.000000000000000 -.2283108263556599E-007 -.9102314235676090E-007 -.4226999306133905E-010
0.2000000000000000E-001 0.2000000000000000E-001 -.9000000000000000E-001  0.000000000000000  0.000000000000000 -.2530496837072072E-007 -.1066005953787030E-006 -.9924214228185235E-010
0.2000000000000000E-001 0.4000000000000000E-001 -.9000000000000000E-001  0.000000000000000  0.000000000000000 -.2777647528651173E-007 -.1221815860985576E-006 -.1562231732865627E-009
0.2000000000000000E-001 0.6000000000000000E-001 -.9000000000000000E-001  0.000000000000000  0.000000000000000 -.3024560332742787E-007 -.1377661144885689E-006 -.2132131415866212E-009
0.2000000000000000E-001 0.8000000000000000E-001 -.9000000000000000E-001  0.000000000000000  0.000000000000000 -.3271235254898031E-007 -.1533541805764926E-006 -.2702119916708767E-009
0.4000000000000000E-001  0.000000000000000 -.9000000000000000E-001  0.000000000000000  0.000000000000000 -.2578751107096267E-007 -.1072950183145238E-006 -.2527818232511692E-009
0.4000000000000000E-001 0.2000000000000000E-001 -.9000000000000000E-001  0.000000000000000  0.000000000000000 -.2825585637689088E-007 -.1228902575534097E-006 -.3097766210213848E-009
0.4000000000000000E-001 0.4000000000000000E-001 -.9000000000000000E-001  0.000000000000000  0.000000000000000 -.3072182286345537E-007 -.1384890344624523E-006 -.3667803005757975E-009
0.4000000000000000E-001 0.6000000000000000E-001 -.9000000000000000E-001  0.000000000000000  0.000000000000000 -.3318541053065616E-007 -.1540913490416518E-006 -.4237928896699827E-009
0.4000000000000000E-001 0.8000000000000000E-001 -.9000000000000000E-001  0.000000000000000  0.000000000000000 -.3564661935073765E-007 -.1696972013187636E-006 -.4808143605483650E-009
0.6000000000000000E-001  0.000000000000000 -.9000000000000000E-001  0.000000000000000  0.000000000000000 -.2873468596398254E-007 -.1235862605863947E-006 -.4633929351349764E-009
0.6000000000000000E-001 0.2000000000000000E-001 -.9000000000000000E-001  0.000000000000000  0.000000000000000 -.3119749089619539E-007 -.1391992859867131E-006 -.5204103536993188E-009
0.6000000000000000E-001 0.4000000000000000E-001 -.9000000000000000E-001  0.000000000000000  0.000000000000000 -.3365791698128895E-007 -.1548158491126994E-006 -.5774366818034338E-009
0.6000000000000000E-001 0.6000000000000000E-001 -.9000000000000000E-001  0.000000000000000  0.000000000000000 -.3611596421926322E-007 -.1704359498810870E-006 -.6344718916917458E-009
0.6000000000000000E-001 0.8000000000000000E-001 -.9000000000000000E-001  0.000000000000000  0.000000000000000 -.3857163263787378E-007 -.1860595883751426E-006 -.6915160388754060E-009
0.8000000000000000E-001  0.000000000000000 -.9000000000000000E-001  0.000000000000000  0.000000000000000 -.3167260742564793E-007 -.1398968691446179E-006 -.6741033287127607E-009
0.8000000000000000E-001 0.2000000000000000E-001 -.9000000000000000E-001  0.000000000000000  0.000000000000000 -.3412987190087868E-007 -.1555276807618799E-006 -.7311433680712298E-009
0.8000000000000000E-001 0.4000000000000000E-001 -.9000000000000000E-001  0.000000000000000  0.000000000000000 -.3658475758450130E-007 -.1711620300492989E-006 -.7881923447250472E-009
0.8000000000000000E-001 0.6000000000000000E-001 -.9000000000000000E-001  0.000000000000000  0.000000000000000 -.3903726442100464E-007 -.1867999170346302E-006 -.8452502031630615E-009
0.8000000000000000E-001 0.8000000000000000E-001 -.9000000000000000E-001  0.000000000000000  0.000000000000000 -.4148739243814425E-007 -.2024413416901183E-006 -.9023169433852729E-009
 0.000000000000000  0.000000000000000 -.1200000000000000  0.000000000000000  0.000000000000000 -.2637231397151218E-007 -.1010233717790854E-006 0.2134044607693397E-009
 0.000000000000000 0.2000000000000000E-001 -.1200000000000000  0.000000000000000  0.000000000000000 -.2886095243348485E-007 -.1163897472289399E-006 0.1564627594152768E-009
 0.000000000000000 0.4000000000000000E-001 -.1200000000000000  0.000000000000000  0.000000000000000 -.3134721210384939E-007 -.1317596603489513E-006 0.9951214852144119E-010
 0.000000000000000 0.6000000000000000E-001 -.1200000000000000  0.000000000000000  0.000000000000000 -.3383109292709463E-007 -.1471331111946306E-006 0.4255265584340862E-010
 0.000000000000000 0.8000000000000000E-001 -.1200000000000000  0.000000000000000  0.000000000000000 -.3631259490322059E-007 -.1625100996827111E-006 -.1441574637439658E-010
0.2000000000000000E-001  0.000000000000000 -.1200000000000000  0.000000000000000  0.000000000000000 -.2933889323153416E-007 -.1171592662885246E-006 0.3005456994387146E-011
0.2000000000000000E-001 0.2000000000000000E-001 -.1200000000000000  0.000000000000000  0.000000000000000 -.3182199131979147E-007 -.1325434279275672E-006 -.5395889290937816E-010
0.2000000000000000E-001 0.4000000000000000E-001 -.1200000000000000  0.000000000000000  0.000000000000000 -.3430271056092948E-007 -.1479311272645223E-006 -.1109321245973405E-009
0.2000000000000000E-001 0.6000000000000000E-001 -.1200000000000000  0.000000000000000  0.000000000000000 -.3678105095494821E-007 -.1633223642716342E-006 -.1679142658250754E-009
0.2000000000000000E-001 0.8000000000000000E-001 -.1200000000000000  0.000000000000000  0.000000000000000 -.3925701252960323E-007 -.1787171389766584E-006 -.2249053165925829E-009
0.4000000000000000E-001  0.000000000000000 -.1200000000000000  0.000000000000000  0.000000000000000 -.3229621900469049E-007 -.1333145270843161E-006 -.2074928284745425E-009
0.4000000000000000E-001 0.2000000000000000E-001 -.1200000000000000  0.000000000000000  0.000000000000000 -.3477377666372128E-007 -.1487164749403025E-006 -.2644797991724346E-009
0.4000000000000000E-001 0.4000000000000000E-001 -.1200000000000000  0.000000000000000  0.000000000000000 -.3724895550338836E-007 -.1641219604664457E-006 -.3214756794100992E-009
0.4000000000000000E-001 0.6000000000000000E-001 -.1200000000000000  0.000000000000000  0.000000000000000 -.3972175552369173E-007 -.1795309836627457E-006 -.3784804691875365E-009
0.4000000000000000E-001 0.8000000000000000E-001 -.1200000000000000  0.000000000000000  0.000000000000000 -.4219217669687580E-007 -.1949435445847136E-006 -.4354941407491708E-009
0.6000000000000000E-001  0.000000000000000 -.1200000000000000  0.000000000000000  0.000000000000000 -.3524429129098117E-007 -.1494891541942156E-006 -.4180903956374493E-009
0.6000000000000000E-001 0.2000000000000000E-001 -.1200000000000000  0.000000000000000  0.000000000000000 -.3771630857629660E-007 -.1649088882393901E-006 -.4750999871294681E-009
0.6000000000000000E-001 0.4000000000000000E-001 -.1200000000000000  0.000000000000000  0.000000000000000 -.4018594698673716E-007 -.1803321599547214E-006 -.5321185159168351E-009
0.6000000000000000E-001 0.6000000000000000E-001 -.1200000000000000  0.000000000000000  0.000000000000000 -.4265320657781402E-007 -.1957589693679651E-006 -.5891459264883991E-009
0.6000000000000000E-001 0.8000000000000000E-001 -.1200000000000000  0.000000000000000  0.000000000000000 -.4511808734952716E-007 -.2111893164513656E-006 -.6461822465997358E-009
0.8000000000000000E-001  0.000000000000000 -.1200000000000000  0.000000000000000  0.000000000000000 -.3818311009040620E-007 -.1656831475904674E-006 -.6287872167387576E-009
0.8000000000000000E-001 0.2000000000000000E-001 -.1200000000000000  0.000000000000000  0.000000000000000 -.4064958694649512E-007 -.1811206678248301E-006 -.6858194567804787E-009
0.8000000000000000E-001 0.4000000000000000E-001 -.1200000000000000  0.000000000000000  0.000000000000000 -.4311368498322032E-007 -.1965617257571051E-006 -.7428606063619725E-009
0.8000000000000000E-001 0.6000000000000000E-001 -.1200000000000000  0.000000000000000  0.000000000000000 -.4557540417282624E-007 -.2120063213595369E-006 -.7999106654832389E-009
0.8000000000000000E-001 0.8000000000000000E-001 -.1200000000000000  0.000000000000000  0.000000000000000 -.4803474451531287E-007 -.2274544546598811E-006 -.8569696063887022E-009
