BETA     element
 19.69590000000000      0.000000000000000
 19.28588003426793      1.000000000000000
 18.33194925474655      2.000000000000000
 4.289942055769230      3.000000000000000
 3.999658603006348      4.000000000000000
 3.962725755756344      5.000000000000000
 4.206958488359039      6.000000000000000
 16.94583962492017      7.000000000000000
 17.29606851812827      8.000000000000000
 17.83035558108337      9.000000000000000
 17.83064020444178      10.00000000000000
 16.94645633506270      11.00000000000000
 4.217335973557304      12.00000000000000
 4.115239959070785      13.00000000000000
 3.973636023064967      14.00000000000000
 4.012300229220116      15.00000000000000
 4.303943385034703      16.00000000000000
 18.32436204302104      17.00000000000000
 18.70094677873517      18.00000000000000
 19.27502023270932      19.00000000000000
 19.27035706847038      20.00000000000000
 18.31445244273852      21.00000000000000
 4.270305865030869      22.00000000000000
 4.150043657322954      23.00000000000000
 3.981806695446131      24.00000000000000
 3.946729735335186      25.00000000000000
 4.191225804753214      26.00000000000000
 16.92477733175261      27.00000000000000
 17.27471831631916      28.00000000000000
 17.80855771262523      29.00000000000000
 17.80940957342622      30.00000000000000
 16.92662314951777      31.00000000000000
 4.222317091610764      32.00000000000000
 3.979418406221281      33.00000000000000
 4.019685013298121      34.00000000000000
 4.312259422828995      35.00000000000000
 18.29171036380836      36.00000000000000
 19.23780729049166      37.00000000000000
 19.64205636453130      38.00000000000000
 19.17252904325133      39.00000000000000
 18.08832536945216      40.00000000000000
 4.085787214868114      41.00000000000000
 3.856287726118933      42.00000000000000
 3.855698977695373      43.00000000000000
 4.084454242203115      44.00000000000000
 18.05604370233737      45.00000000000000
 19.13808802694532      46.00000000000000
 19.60534615309728      47.00000000000000
