BETA     element
 5.617800000000000      0.000000000000000
 5.744956428087263      1.000000000000000
 6.064763204894715      2.000000000000000
 19.98258954806511      3.000000000000000
 20.96853836220644      4.000000000000000
 20.65872887781958      5.000000000000000
 19.32627422312210      6.000000000000000
 2.999900414270112      7.000000000000000
 2.914100061420702      8.000000000000000
 2.800632129250832      9.000000000000000
 2.803479448779994      10.00000000000000
 3.006504501537252      11.00000000000000
 19.50269684157124      12.00000000000000
 20.03441056839759      13.00000000000000
 20.84732692160961      14.00000000000000
 21.15887820417803      15.00000000000000
 20.16268826963263      16.00000000000000
 6.071735096010205      17.00000000000000
 5.937807223038512      18.00000000000000
 5.745926865426629      19.00000000000000
 5.735860233663082      20.00000000000000
 6.049210777006049      21.00000000000000
 19.77667748789268      22.00000000000000
 20.16294058646927      23.00000000000000
 20.75122319827036      24.00000000000000
 20.44372717976183      25.00000000000000
 19.12524779948111      26.00000000000000
 2.990139783089878      27.00000000000000
 2.905980863755271      28.00000000000000
 2.794840575861213      29.00000000000000
 2.803369817464804      30.00000000000000
 3.009922827038021      31.00000000000000
 19.65380778539231      32.00000000000000
 21.00876627219899      33.00000000000000
 21.32148334381772      34.00000000000000
 20.31625662082680      35.00000000000000
 6.070097913588271      36.00000000000000
 5.738765254183352      37.00000000000000
 5.601926432513666      38.00000000000000
 5.735110015334465      39.00000000000000
 6.082354728678947      40.00000000000000
 20.97196573870364      41.00000000000000
 22.02164841502535      42.00000000000000
 22.02495096729265      43.00000000000000
 20.97910856426738      44.00000000000000
 6.123713632023557      45.00000000000000
 5.775838761226955      46.00000000000000
 5.640833410649089      47.00000000000000
