DISP     element
0.3650570000000000E-001      0.000000000000000
0.3612164004926458E-001      1.000000000000000
0.3520883459324272E-001      2.000000000000000
 1.046615509592610      3.000000000000000
 1.141194838296205      4.000000000000000
 1.357043081403790      5.000000000000000
 1.521455105131675      6.000000000000000
 5.854179404616496      7.000000000000000
 5.948916292950611      8.000000000000000
 6.091021625451782      9.000000000000000
 6.227672423471800      10.00000000000000
 6.152371380090703      11.00000000000000
 5.152798521035074      12.00000000000000
 5.145890701673360      13.00000000000000
 5.135528972630788      14.00000000000000
 5.350003285531230      15.00000000000000
 5.624617894535393      16.00000000000000
 11.93435162818967      17.00000000000000
 12.05824393801663      18.00000000000000
 12.24408240275705      19.00000000000000
 12.24291821454402      20.00000000000000
 11.93180473695189      21.00000000000000
 5.593540656570817      22.00000000000000
 5.483191014310248      23.00000000000000
 5.317666550919395      24.00000000000000
 5.100592479911056      25.00000000000000
 5.116006608278762      26.00000000000000
 6.079835663296117      27.00000000000000
 6.109374153050743      28.00000000000000
 6.153681887682683      29.00000000000000
 6.017129755858044      30.00000000000000
 5.781859099528661      31.00000000000000
 1.487287473421514      32.00000000000000
 1.324837209968176      33.00000000000000
 1.111881665051056      34.00000000000000
 1.018806911615095      35.00000000000000
0.4077302639321224E-001      36.00000000000000
0.4327191562785492E-001      37.00000000000000
0.4490515785910971E-001      38.00000000000000
0.4553338298616943E-001      39.00000000000000
0.4564373394308072E-001      40.00000000000000
0.4799615803490948E-001      41.00000000000000
0.4810650899182077E-001      42.00000000000000
0.4929040738806875E-001      43.00000000000000
0.5059389162564397E-001      44.00000000000000
0.7838112437484433E-001      45.00000000000000
0.7968460861241956E-001      46.00000000000000
0.8004871003422906E-001      47.00000000000000
