 SGx1               SGx2              SGy1                SGy2              chrom_x            chrom_y            CONS(MU)           quad_Kx                 quad_Ky                 quad_Kz                  alpha_0              alpha_1            eta_1
 0.000000000000000  0.000000000000000  0.000000000000000  0.000000000000000 -1.856706423762134 -1.518286695307865 0.1635649186284960 0.1495450443208556E-003 0.2658586696469090E-002 0.1298069087659290E-001 0.2286744360691016 0.3445541252362415  1.024105848246760
 0.000000000000000 0.1000000000000000E-002  0.000000000000000  0.000000000000000 -2.251070750526015 -.2536804215913303 0.1635649186284960 0.3247785212241926E-004 0.2748506455236178E-002 0.7322815600889279E-002 0.2286744360691016 -.1542232858391996 0.5253284371713187
 0.000000000000000 0.2000000000000000E-002  0.000000000000000  0.000000000000000 -2.645435102833324  1.010925930293886 0.1635649186284960 -.8458934729386456E-004 0.2838426219885193E-002 0.1664939888742169E-002 0.2286744360691016 -.6530007277337692 0.2655099527674920E-001
0.1000000000000000E-002  0.000000000000000  0.000000000000000  0.000000000000000 -2.042068278762418 -.3490358067813135 0.1635649186284960 0.3228168428198165E-004 0.2663660157727584E-002 0.1145688065890761E-001 0.2286744360691016 0.2194194576243443 0.8989711806348627
0.1000000000000000E-002 0.1000000000000000E-002  0.000000000000000  0.000000000000000 -2.436432605526299 0.9155704669352466 0.1635649186284960 -.8478550791646858E-004 0.2753579916494676E-002 0.5799005359405337E-002 0.2286744360691016 -.2793579534510973 0.4001937695594211
0.1000000000000000E-002 0.2000000000000000E-002  0.000000000000000  0.000000000000000 -2.830796957833609  2.180176818820457 0.1635649186284960 -.2018527073327617E-003 0.2843499681143675E-002 0.1411296452431344E-003 0.2286744360691016 -.7781353953456666 -.9858367233514820E-001
0.2000000000000000E-002  0.000000000000000  0.000000000000000  0.000000000000000 -2.227430145865846 0.8202151540187379 0.1635649186284960 -.8498168298813479E-004 0.2668733619421939E-002 0.9933070306560368E-002 0.2286744360691016 0.9428478227539835E-001 0.7738365052859167
0.2000000000000000E-002 0.1000000000000000E-002  0.000000000000000  0.000000000000000 -2.621794472629727  2.084821427735295 0.1635649186284960 -.2020488751866130E-003 0.2758653378189025E-002 0.4275195023901529E-002 0.2286744360691016 -.4044926288000421 0.2750590942104764
0.2000000000000000E-002 0.2000000000000000E-002  0.000000000000000  0.000000000000000 -3.016158824937036  3.349427779620502 0.1635649186284960 -.3191160746028418E-003 0.2848573142838017E-002 -.1382680692356721E-002 0.2286744360691016 -.9032700706946120 -.2237183476840936
 0.000000000000000  0.000000000000000 -.2000000000000000E-002  0.000000000000000 0.5202071466834031 -1.979551429815815 0.1635649186284960 0.1591986526865318E-003 0.1866035090107205E-002 0.1495701278173903E-001 0.2286744360691016 0.5074642150510912  1.187015938061609
 0.000000000000000 0.1000000000000000E-002 -.2000000000000000E-002  0.000000000000000 0.1258428199195225 -.7149451560992535 0.1635649186284960 0.4213146048811795E-004 0.1955954848874263E-002 0.9299137310688464E-002 0.2286744360691016 0.8686803975650579E-002 0.6882385269861689
 0.000000000000000 0.2000000000000000E-002 -.2000000000000000E-002  0.000000000000000 -.2685215323877860 0.5496611957859535 0.1635649186284960 -.7493573892813455E-004 0.2045874613523162E-002 0.3641261611629975E-002 0.2286744360691016 -.4900906379189195 0.1894610850915989
0.1000000000000000E-002  0.000000000000000 -.2000000000000000E-002  0.000000000000000 0.3348452916831173 -.8103005412892518 0.1635649186284960 0.4193529264763093E-004 0.1871108551365635E-002 0.1343320234966785E-001 0.2286744360691016 0.3823295474391941  1.061881270449712
0.1000000000000000E-002 0.1000000000000000E-002 -.2000000000000000E-002  0.000000000000000 -.5951903508076340E-001 0.4543057324273113 0.1635649186284960 -.7513189955077516E-004 0.1961028310132668E-002 0.7775327067811129E-002 0.2286744360691016 -.1164478636362467 0.5631038593742717
0.1000000000000000E-002 0.2000000000000000E-002 -.2000000000000000E-002  0.000000000000000 -.4538833873880716  1.718912084312529 0.1635649186284960 -.1921990989670064E-003 0.2050948074781633E-002 0.2117451370391542E-002 0.2286744360691016 -.6152253055308164 0.6432641747970191E-001
0.2000000000000000E-002  0.000000000000000 -.2000000000000000E-002  0.000000000000000 0.1494834245796905 0.3589504195107958 0.1635649186284960 -.7532807462245521E-004 0.1876182013060017E-002 0.1190939201217047E-001 0.2286744360691016 0.2571948720902485 0.9367465951007669
0.2000000000000000E-002 0.1000000000000000E-002 -.2000000000000000E-002  0.000000000000000 -.2448809021841905  1.623556693227336 0.1635649186284960 -.1923952668208739E-003 0.1966101771827001E-002 0.6251516722578068E-002 0.2286744360691016 -.2415825389851926 0.4379691840253258
0.2000000000000000E-002 0.2000000000000000E-002 -.2000000000000000E-002  0.000000000000000 -.6392452544914996  2.888163045112539 0.1635649186284960 -.3094624662371662E-003 0.2056021536475910E-002 0.5936410351518019E-003 0.2286744360691016 -.7403599808797621 -.6080825786924371E-001
 0.000000000000000  0.000000000000000 -.4000000000000000E-002  0.000000000000000  2.897121001343566 -2.440816221892296 0.1635649186284960 0.1688522624217314E-003 0.1073483389463562E-002 0.1693333492877262E-001 0.2286744360691016 0.6703743251451322  1.349926048155651
 0.000000000000000 0.1000000000000000E-002 -.4000000000000000E-002  0.000000000000000  2.502756674579678 -1.176209948175739 0.1635649186284960 0.5178507022300048E-004 0.1163403148230573E-002 0.1127545939917683E-001 0.2286744360691016 0.1715969140696905 0.8511486370802088
 0.000000000000000 0.2000000000000000E-002 -.4000000000000000E-002  0.000000000000000  2.108392322272370 0.8839640370945299E-001 0.1635649186284960 -.6528212919311532E-004 0.1253322912879625E-002 0.5617583683781922E-002 0.2286744360691016 -.3271805278248788 0.3523711951856396
0.1000000000000000E-002  0.000000000000000 -.4000000000000000E-002  0.000000000000000  2.711759146343273 -1.271565333365718 0.1635649186284960 0.5158890238279265E-004 0.1078556850722060E-002 0.1540952468741504E-001 0.2286744360691016 0.5452396575332344  1.224791380543753
0.1000000000000000E-002 0.1000000000000000E-002 -.4000000000000000E-002  0.000000000000000  2.317394819579396 -.6959059649180489E-002 0.1635649186284960 -.6547828981572704E-004 0.1168476609489099E-002 0.9751649146916107E-002 0.2286744360691016 0.4646224645779349E-001 0.7260139694683119
0.1000000000000000E-002 0.2000000000000000E-002 -.4000000000000000E-002  0.000000000000000  1.923030467272085  1.257647292236022 0.1635649186284960 -.1825454892320523E-003 0.1258396374138094E-002 0.4093773431512046E-002 0.2286744360691016 -.4523151954367763 0.2272365275737420
0.2000000000000000E-002  0.000000000000000 -.4000000000000000E-002  0.000000000000000  2.526397279239845 -.1023143725656949 0.1635649186284960 -.6567446488736129E-004 0.1083630312416369E-002 0.1388571435187367E-001 0.2286744360691016 0.4201049821842892  1.099656705194807
0.2000000000000000E-002 0.1000000000000000E-002 -.4000000000000000E-002  0.000000000000000  2.132032952475968  1.162291901150857 0.1635649186284960 -.1827416570858972E-003 0.1173550071183425E-002 0.8227838946963309E-002 0.2286744360691016 -.7867242889115172E-001 0.6008792941193667
0.2000000000000000E-002 0.2000000000000000E-002 -.4000000000000000E-002  0.000000000000000  1.737668600168656  2.426898253036065 0.1635649186284960 -.2998088565022203E-003 0.1263469835832459E-002 0.2569963187468425E-002 0.2286744360691016 -.5774498707857217 0.1021018522247966
