 SGx1               SGx2              SGy1                SGy2              chrom_x            chrom_y            CONS(MU)           quad_Kx                 quad_Ky                 quad_Kz                  alpha_0              alpha_1            eta_1
 0.000000000000000  0.000000000000000  0.000000000000000  0.000000000000000 -2.280607213310725 -1.532001115175023 0.1635648284944904 0.1357182629829292E-003 -.9871790477570998E-003 0.1290180793948554E-001 0.2279020322622787 0.3423299883683965  1.022471990816908
 0.000000000000000  50.00000000000000  0.000000000000000  0.000000000000000 -2.407268071765858 -1.089115280364722 0.1635648284944904 0.9479845051493576E-004 -.9595516369623798E-003 0.1093848086398599E-001 0.2279020322622787 0.1686684918038011 0.8488104942523128
 0.000000000000000  100.0000000000000  0.000000000000000  0.000000000000000 -2.533928930220988 -.6462294455544089 0.1635648284944904 0.5387863804761928E-004 -.9319242261676570E-003 0.8975153663562652E-002 0.2279020322622787 -.4993004760794274E-002 0.6751489976877174
 0.000000000000000  150.0000000000000  0.000000000000000  0.000000000000000 -2.660589788676122 -.2033436107440997 0.1635648284944904 0.1295882557994691E-004 -.9042968153730723E-003 0.7011826513130727E-002 0.2279020322622787 -.1786545013253895 0.5014875011231221
 0.000000000000000  200.0000000000000  0.000000000000000  0.000000000000000 -2.787250647131248 0.2395422240662082 0.1635648284944904 -.2796098688765796E-004 -.8766694045784214E-003 0.5048499362583989E-002 0.2279020322622787 -.3523159978899859 0.3278260045585258
 50.00000000000000  0.000000000000000  0.000000000000000  0.000000000000000 -2.339178371225727 -1.122754504795374 0.1635648284944904 0.9484735688429287E-004 -.9878814180968923E-003 0.1237324124691897E-001 0.2279020322622787 0.2988064735688868 0.9789484760173985
 50.00000000000000  50.00000000000000  0.000000000000000  0.000000000000000 -2.465839229680860 -.6798686699850548 0.1635648284944904 0.5392754441628956E-004 -.9602540073022041E-003 0.1040991410474743E-001 0.2279020322622787 0.1251449770042918 0.8052869794528035
 50.00000000000000  100.0000000000000  0.000000000000000  0.000000000000000 -2.592500088135990 -.2369828351747486 0.1635648284944904 0.1300773194899124E-004 -.9326265965074845E-003 0.8446586983688106E-002 0.2279020322622787 -.4851651956030357E-001 0.6316254828882082
 50.00000000000000  150.0000000000000  0.000000000000000  0.000000000000000 -2.719160946591120 0.2059029996355626 0.1635648284944904 -.2791208051865139E-004 -.9049991857128956E-003 0.6483259833181370E-002 0.2279020322622787 -.2221780161248992 0.4579639863236126
 50.00000000000000  200.0000000000000  0.000000000000000  0.000000000000000 -2.845821805046255 0.6487888344458597 0.1635648284944904 -.6883189298628858E-004 -.8773717749182610E-003 0.4519932682714625E-002 0.2279020322622787 -.3958395126894954 0.2843024897590163
 100.0000000000000  0.000000000000000  0.000000000000000  0.000000000000000 -2.397749529140732 -.7135078944156991 0.1635648284944904 0.5397645078566051E-004 -.9885837884367351E-003 0.1184467454936648E-001 0.2279020322622787 0.2552829587693773 0.9354249612178891
 100.0000000000000  50.00000000000000  0.000000000000000  0.000000000000000 -2.524410387595863 -.2706220596053946 0.1635648284944904 0.1305663831765111E-004 -.9609563776420373E-003 0.9881347453963034E-002 0.2279020322622787 0.8162146220478213E-001 0.7617634646532938
 100.0000000000000  100.0000000000000  0.000000000000000  0.000000000000000 -2.651071246050995 0.1722637752049107 0.1635648284944904 -.2786317414960380E-004 -.9333289668473043E-003 0.7918020326803369E-002 0.2279020322622787 -.9204003435981317E-001 0.5881019680886985
 100.0000000000000  150.0000000000000  0.000000000000000  0.000000000000000 -2.777732104506125 0.6151496100152154 0.1635648284944904 -.6878298661727424E-004 -.9057015560527249E-003 0.5954693152988856E-002 0.2279020322622787 -.2657015309244087 0.4144404715241030
 100.0000000000000  200.0000000000000  0.000000000000000  0.000000000000000 -2.904392962961261  1.058035444825534 0.1635648284944904 -.1097027990849204E-003 -.8780741452580849E-003 0.3991365996067537E-002 0.2279020322622787 -.4393630274890055 0.2407789749595062
 150.0000000000000  0.000000000000000  0.000000000000000  0.000000000000000 -2.456320687055736 -.3042612840360479 0.1635648284944904 0.1310554468702804E-004 -.9892861587765618E-003 0.1131610795642250E-001 0.2279020322622787 0.2117594439698682 0.8919014464183799
 150.0000000000000  50.00000000000000  0.000000000000000  0.000000000000000 -2.582981545510866 0.1386245507742606 0.1635648284944904 -.2781426778096226E-004 -.9616587479818637E-003 0.9352780774491523E-002 0.2279020322622787 0.3809794740527244E-001 0.7182399498537841
 150.0000000000000  100.0000000000000  0.000000000000000  0.000000000000000 -2.709642403965997 0.5815103855845629 0.1635648284944904 -.6873408024825769E-004 -.9340313371871365E-003 0.7389453623230356E-002 0.2279020322622787 -.1355635491593225 0.5445784532891892
 150.0000000000000  150.0000000000000  0.000000000000000  0.000000000000000 -2.836303262421128  1.024396220394876 0.1635648284944904 -.1096538927158840E-003 -.9064039263925577E-003 0.5426126472877908E-002 0.2279020322622787 -.3092250457239185 0.3709169567245932
 150.0000000000000  200.0000000000000  0.000000000000000  0.000000000000000 -2.962964120876260  1.467282055205184 0.1635648284944904 -.1505737051835509E-003 -.8787765155979165E-003 0.3462799321079431E-002 0.2279020322622787 -.4828865422885153 0.1972554601599964
 200.0000000000000  0.000000000000000  0.000000000000000  0.000000000000000 -2.514891844970737 0.1049853263436157 0.1635648284944904 -.2776536141156550E-004 -.9899885291164067E-003 0.1078754119563800E-001 0.2279020322622787 0.1682359291703585 0.8483779316188702
 200.0000000000000  50.00000000000000  0.000000000000000  0.000000000000000 -2.641552703425870 0.5478711611539238 0.1635648284944904 -.6868517387959345E-004 -.9623611183216910E-003 0.8824214093472086E-002 0.2279020322622787 -.5425567394236860E-002 0.6747164350542748
 200.0000000000000  100.0000000000000  0.000000000000000  0.000000000000000 -2.768213561881004 0.9907569959642295 0.1635648284944904 -.1096049863468870E-003 -.9347337075269754E-003 0.6860886943119532E-002 0.2279020322622787 -.1790870639588323 0.5010549384896794
 200.0000000000000  150.0000000000000  0.000000000000000  0.000000000000000 -2.894874420336132  1.433642830774537 0.1635648284944904 -.1505247988145333E-003 -.9071062967323798E-003 0.4897559792767347E-002 0.2279020322622787 -.3527485605234283 0.3273934419250834
 200.0000000000000  200.0000000000000  0.000000000000000  0.000000000000000 -3.021535278791266  1.876528665584840 0.1635648284944904 -.1914446112821778E-003 -.8794788859377389E-003 0.2934232646090876E-002 0.2279020322622787 -.5264100570880246 0.1537319453604871
 0.000000000000000  0.000000000000000 -50.00000000000000  0.000000000000000 -1.880862389174320 -1.602925021152617 0.1635648284944904 0.1363742619386788E-003 -.1121130147695234E-002 0.1320325821136460E-001 0.2279020322622787 0.3675439107467705  1.047685913195282
 0.000000000000000  50.00000000000000 -50.00000000000000  0.000000000000000 -2.007523247629452 -1.160039186342312 0.1635648284944904 0.9545444947118133E-004 -.1093502736900500E-002 0.1123993105592593E-001 0.2279020322622787 0.1938824141821751 0.8740244166306868
 0.000000000000000  100.0000000000000 -50.00000000000000  0.000000000000000 -2.134184106084584 -.7171533515320085 0.1635648284944904 0.5453463700308348E-004 -.1065875326105805E-002 0.9276603906670121E-002 0.2279020322622787 0.2022091761757967E-001 0.7003629200660914
 0.000000000000000  150.0000000000000 -50.00000000000000  0.000000000000000 -2.260844964539716 -.2742675167216959 0.1635648284944904 0.1361482453569595E-004 -.1038247915311752E-002 0.7313276813410210E-002 0.2279020322622787 -.1534405789470156 0.5267014235014961
 0.000000000000000  200.0000000000000 -50.00000000000000  0.000000000000000 -2.387505822994846 0.1686183180886107 0.1635648284944904 -.2730498793191732E-004 -.1010620504516569E-002 0.5349949600826509E-002 0.2279020322622787 -.3271020755116114 0.3530399269369003
 50.00000000000000  0.000000000000000 -50.00000000000000  0.000000000000000 -1.939433547089324 -1.193678410772961 0.1635648284944904 0.9550335584004087E-004 -.1121832518035070E-002 0.1267469153128713E-001 0.2279020322622787 0.3240203959472607  1.004162398395772
 50.00000000000000  50.00000000000000 -50.00000000000000  0.000000000000000 -2.066094405544457 -.7507925759626476 0.1635648284944904 0.5458354337255878E-004 -.1094205107240336E-002 0.1071136437127445E-001 0.2279020322622787 0.1503588993826654 0.8305009018311771
 50.00000000000000  100.0000000000000 -50.00000000000000  0.000000000000000 -2.192755263999587 -.3079067411523483 0.1635648284944904 0.1366373090441841E-004 -.1066577696445625E-002 0.8748037253805600E-002 0.2279020322622787 -.2330259718192952E-001 0.6568394052665822
 50.00000000000000  150.0000000000000 -50.00000000000000  0.000000000000000 -2.319416122454717 0.1349790936579651 0.1635648284944904 -.2725608156288446E-004 -.1038950285651583E-002 0.6784710126912832E-002 0.2279020322622787 -.1969640937465254 0.4831779087019863
 50.00000000000000  200.0000000000000 -50.00000000000000  0.000000000000000 -2.446076980909853 0.5778649284682763 0.1635648284944904 -.6817589403054444E-004 -.1011322874856399E-002 0.4821382925773094E-002 0.2279020322622787 -.3706255903111210 0.3095164121373907
 100.0000000000000  0.000000000000000 -50.00000000000000  0.000000000000000 -1.998004705004327 -.7844318003933015 0.1635648284944904 0.5463244974141469E-004 -.1122534888374896E-002 0.1214612485062264E-001 0.2279020322622787 0.2804968811477512 0.9606388835962629
 100.0000000000000  50.00000000000000 -50.00000000000000  0.000000000000000 -2.124665563459458 -.3415459655829933 0.1635648284944904 0.1371263727393525E-004 -.1094907477580148E-002 0.1018279769111020E-001 0.2279020322622787 0.1068353845831561 0.7869773870316678
 100.0000000000000  100.0000000000000 -50.00000000000000  0.000000000000000 -2.251326421914592 0.1013398692273129 0.1635648284944904 -.2720717519417673E-004 -.1067280066785468E-002 0.8219470546488793E-002 0.2279020322622787 -.6682611198143912E-001 0.6133158904670726
 100.0000000000000  150.0000000000000 -50.00000000000000  0.000000000000000 -2.377987280369724 0.5442257040376225 0.1635648284944904 -.6812698766151702E-004 -.1039652655991411E-002 0.6256143440581777E-002 0.2279020322622787 -.2404876085460352 0.4396543939024765
 100.0000000000000  200.0000000000000 -50.00000000000000  0.000000000000000 -2.504648138824856 0.9871115388479307 0.1635648284944904 -.1090468001291703E-003 -.1012025245196221E-002 0.4292816250817355E-002 0.2279020322622787 -.4141491051106310 0.2659928973378807
 150.0000000000000  0.000000000000000 -50.00000000000000  0.000000000000000 -2.056575862919333 -.3751851900136408 0.1635648284944904 0.1376154364278554E-004 -.1123237258714721E-002 0.1161755816995810E-001 0.2279020322622787 0.2369733663482422 0.9171153687967539
 150.0000000000000  50.00000000000000 -50.00000000000000  0.000000000000000 -2.183236721374462 0.6770064479667075E-001 0.1635648284944904 -.2715826882467718E-004 -.1095609847919983E-002 0.9654231011384231E-002 0.2279020322622787 0.6331186978364638E-001 0.7434538722321581
 150.0000000000000  100.0000000000000 -50.00000000000000  0.000000000000000 -2.309897579829594 0.5105864796069749 0.1635648284944904 -.6807808129279222E-004 -.1067982437125289E-002 0.7690903874858641E-002 0.2279020322622787 -.1103496267809489 0.5697923756675628
 150.0000000000000  150.0000000000000 -50.00000000000000  0.000000000000000 -2.436558438284727 0.9534723144172806 0.1635648284944904 -.1089978937601414E-003 -.1040355026331241E-002 0.5727576754304354E-002 0.2279020322622787 -.2840111233455448 0.3961308791029669
 150.0000000000000  200.0000000000000 -50.00000000000000  0.000000000000000 -2.563219296739855  1.396358149227590 0.1635648284944904 -.1499177062278105E-003 -.1012727615536064E-002 0.3764249567147233E-002 0.2279020322622787 -.4576726199101406 0.2224693825383711
 200.0000000000000  0.000000000000000 -50.00000000000000  0.000000000000000 -2.115147020834335 0.3406142036602104E-001 0.1635648284944904 -.2710936245582481E-004 -.1123939629054547E-002 0.1108899149272571E-001 0.2279020322622787 0.1934498515487325 0.8735918539972443
 200.0000000000000  50.00000000000000 -50.00000000000000  0.000000000000000 -2.241807879289466 0.4769472551763274 0.1635648284944904 -.6802917492328818E-004 -.1096312218259814E-002 0.9125664330781364E-002 0.2279020322622787 0.1978835498413689E-001 0.6999303574326485
 200.0000000000000  100.0000000000000 -50.00000000000000  0.000000000000000 -2.368468737744598 0.9198330899866400 0.1635648284944904 -.1089489873914112E-003 -.1068684807465112E-002 0.7162337186227045E-002 0.2279020322622787 -.1538731415804584 0.5262688608680532
 200.0000000000000  150.0000000000000 -50.00000000000000  0.000000000000000 -2.495129596199728  1.362718924796952 0.1635648284944904 -.1498687998587842E-003 -.1041057396671071E-002 0.5199010068026979E-002 0.2279020322622787 -.3275346381450541 0.3526073643034576
 200.0000000000000  200.0000000000000 -50.00000000000000  0.000000000000000 -2.621790454654859  1.805604759607256 0.1635648284944904 -.1907886123264417E-003 -.1013429985875891E-002 0.3235682878252173E-002 0.2279020322622787 -.5011961347096506 0.1789458677388611
 0.000000000000000  0.000000000000000 -100.0000000000000  0.000000000000000 -1.481117565037917 -1.673848927130209 0.1635648284944904 0.1370302608944249E-003 -.1255081247633391E-002 0.1350470845858035E-001 0.2279020322622787 0.3927578331251448  1.072899835573657
 0.000000000000000  50.00000000000000 -100.0000000000000  0.000000000000000 -1.607778423493048 -1.230963092319908 0.1635648284944904 0.9611044842689870E-004 -.1227453836838675E-002 0.1154138128893666E-001 0.2279020322622787 0.2190963365605486 0.8992383390090604
 0.000000000000000  100.0000000000000 -100.0000000000000  0.000000000000000 -1.734439281948181 -.7880772575096056 0.1635648284944904 0.5519063595885055E-004 -.1199826426043959E-002 0.9578054149777563E-002 0.2279020322622787 0.4543483999595361E-001 0.7255768424444653
 0.000000000000000  150.0000000000000 -100.0000000000000  0.000000000000000 -1.861100140403313 -.3451914226992958 0.1635648284944904 0.1427082349146267E-004 -.1172199015249868E-002 0.7614726999425324E-002 0.2279020322622787 -.1282266565686417 0.5519153458798700
 0.000000000000000  200.0000000000000 -100.0000000000000  0.000000000000000 -1.987760998858443 0.9769441211102417E-001 0.1635648284944904 -.2664898897617393E-004 -.1144571604454720E-002 0.5651399862995974E-002 0.2279020322622787 -.3018881531332375 0.3782538493152742
 50.00000000000000  0.000000000000000 -100.0000000000000  0.000000000000000 -1.539688722952920 -1.264602316750560 0.1635648284944904 0.9615935479579256E-004 -.1255783617973220E-002 0.1297614177625546E-001 0.2279020322622787 0.3492343183256349  1.029376320774147
 50.00000000000000  50.00000000000000 -100.0000000000000  0.000000000000000 -1.666349581408052 -.8217164819402460 0.1635648284944904 0.5523954232827497E-004 -.1228156207178514E-002 0.1101281461178284E-001 0.2279020322622787 0.1755728217610393 0.8557148242095509
 50.00000000000000  100.0000000000000 -100.0000000000000  0.000000000000000 -1.793010439863183 -.3788306471299426 0.1635648284944904 0.1431972986023389E-004 -.1200528796383785E-002 0.9049487469666965E-002 0.2279020322622787 0.1911325196444411E-002 0.6820533276449561
 50.00000000000000  150.0000000000000 -100.0000000000000  0.000000000000000 -1.919671298318314 0.6405518768036800E-001 0.1635648284944904 -.2660008260715149E-004 -.1172901385589699E-002 0.7086160320341486E-002 0.2279020322622787 -.1717501713681511 0.5083918310803606
 50.00000000000000  200.0000000000000 -100.0000000000000  0.000000000000000 -2.046332156773449 0.5069410224906823 0.1635648284944904 -.6751989507479780E-004 -.1145273974794542E-002 0.5122833167703946E-002 0.2279020322622787 -.3454116679327470 0.3347303345157647
 100.0000000000000  0.000000000000000 -100.0000000000000  0.000000000000000 -1.598259880867924 -.8553557063708996 0.1635648284944904 0.5528844869716055E-004 -.1256485988313046E-002 0.1244757509559099E-001 0.2279020322622787 0.3057108035261252 0.9858528059746370
 100.0000000000000  50.00000000000000 -100.0000000000000  0.000000000000000 -1.724920739323055 -.4124698715605901 0.1635648284944904 0.1436863622964830E-004 -.1228858577518325E-002 0.1048424793161802E-001 0.2279020322622787 0.1320493069615298 0.8121913094100415
 100.0000000000000  100.0000000000000 -100.0000000000000  0.000000000000000 -1.851581597778186 0.3041596324971646E-001 0.1635648284944904 -.2655117623837647E-004 -.1201231166723613E-002 0.8520920789556395E-002 0.2279020322622787 -.4161218960306519E-001 0.6385298128454465
 100.0000000000000  150.0000000000000 -100.0000000000000  0.000000000000000 -1.978242456233321 0.4733017980600303 0.1635648284944904 -.6747098870577355E-004 -.1173603755929527E-002 0.6557593639203913E-002 0.2279020322622787 -.2152736861676608 0.4648683162808509
 100.0000000000000  200.0000000000000 -100.0000000000000  0.000000000000000 -2.104903314688451 0.9161876328703351 0.1635648284944904 -.1083908011734235E-003 -.1145976345134379E-002 0.4594266441742662E-002 0.2279020322622787 -.3889351827322569 0.2912068197162548
 150.0000000000000  0.000000000000000 -100.0000000000000  0.000000000000000 -1.656831038782927 -.4461090959912380 0.1635648284944904 0.1441754259853443E-004 -.1257188358652873E-002 0.1191900835894709E-001 0.2279020322622787 0.2621872887266157 0.9423292911751275
 150.0000000000000  50.00000000000000 -100.0000000000000  0.000000000000000 -1.783491897238059 -.3223261180930032E-002 0.1635648284944904 -.2650226986896705E-004 -.1229560947858157E-002 0.9955681258271596E-002 0.2279020322622787 0.8852579216202050E-001 0.7686677946105323
 150.0000000000000  100.0000000000000 -100.0000000000000  0.000000000000000 -1.910152755693190 0.4396625736293780 0.1635648284944904 -.6742208233699506E-004 -.1201933537063439E-002 0.7992354109445455E-002 0.2279020322622787 -.8513570440257456E-001 0.5950062980459372
 150.0000000000000  150.0000000000000 -100.0000000000000  0.000000000000000 -2.036813614148322 0.8825484084396827 0.1635648284944904 -.1083418948043989E-003 -.1174306126269349E-002 0.6029026954535587E-002 0.2279020322622787 -.2587972009671705 0.4213448014813412
 150.0000000000000  200.0000000000000 -100.0000000000000  0.000000000000000 -2.163474472603452  1.325434243249994 0.1635648284944904 -.1492617072720675E-003 -.1146678715474199E-002 0.4065699809496325E-002 0.2279020322622787 -.4324586975317670 0.2476833049167447
 200.0000000000000  0.000000000000000 -100.0000000000000  0.000000000000000 -1.715402196697930 -.3686248561157499E-001 0.1635648284944904 -.2645336350007979E-004 -.1257890728992701E-002 0.1139044173003933E-001 0.2279020322622787 0.2186637739271064 0.8988057763756181
 200.0000000000000  50.00000000000000 -100.0000000000000  0.000000000000000 -1.842063055153063 0.4060233491987327 0.1635648284944904 -.6737317596760611E-004 -.1230263318197995E-002 0.9427114580283785E-002 0.2279020322622787 0.4500227736251102E-001 0.7251442798110227
 200.0000000000000  100.0000000000000 -100.0000000000000  0.000000000000000 -1.968723913608193 0.8489091840090335 0.1635648284944904 -.1082929884355974E-003 -.1202635907403276E-002 0.7463787429334423E-002 0.2279020322622787 -.1286592192020843 0.5514827832464274
 200.0000000000000  150.0000000000000 -100.0000000000000  0.000000000000000 -2.095384772063326  1.291795018819350 0.1635648284944904 -.1492128009030334E-003 -.1175008496609175E-002 0.5500460279547136E-002 0.2279020322622787 -.3023207157666801 0.3778212866818316
 200.0000000000000  200.0000000000000 -100.0000000000000  0.000000000000000 -2.222045630518457  1.734680853629654 0.1635648284944904 -.1901326133706981E-003 -.1147381085814031E-002 0.3537133128630009E-002 0.2279020322622787 -.4759822123312766 0.2041597901172351
 0.000000000000000  0.000000000000000 -150.0000000000000  0.000000000000000 -1.081372740901513 -1.744772833107819 0.1635648284944904 0.1376862598501746E-003 -.1389032347571615E-002 0.1380615913440180E-001 0.2279020322622787 0.4179717555035186  1.098113757952030
 0.000000000000000  50.00000000000000 -150.0000000000000  0.000000000000000 -1.208033599356645 -1.301886998297505 0.1635648284944904 0.9676644738270002E-004 -.1361404936776862E-002 0.1184283192460824E-001 0.2279020322622787 0.2443102589389227 0.9244522613874344
 0.000000000000000  100.0000000000000 -150.0000000000000  0.000000000000000 -1.334694457811777 -.8590011634872010 0.1635648284944904 0.5584663491465073E-004 -.1333777525982117E-002 0.9879504399012798E-002 0.2279020322622787 0.7064876237432735E-001 0.7507907648228391
 0.000000000000000  150.0000000000000 -150.0000000000000  0.000000000000000 -1.461355316266908 -.4161153286768957 0.1635648284944904 0.1492682244720269E-004 -.1306150115188000E-002 0.7916177242532721E-002 0.2279020322622787 -.1030127341902674 0.5771292682582443
 0.000000000000000  200.0000000000000 -150.0000000000000  0.000000000000000 -1.588016174722041 0.2677050613341831E-001 0.1635648284944904 -.2599299002043307E-004 -.1278522704392874E-002 0.5952850091358018E-002 0.2279020322622787 -.2766742307548634 0.4034677716936483
 50.00000000000000  0.000000000000000 -150.0000000000000  0.000000000000000 -1.139943898816516 -1.335526222728150 0.1635648284944904 0.9681535375154696E-004 -.1389734717911448E-002 0.1327759245399454E-001 0.2279020322622787 0.3744482407040090  1.054590243152521
 50.00000000000000  50.00000000000000 -150.0000000000000  0.000000000000000 -1.266604757271648 -.8926403879178423 0.1635648284944904 0.5589554128406275E-004 -.1362107307116717E-002 0.1131426524531773E-001 0.2279020322622787 0.2007867441394134 0.8809287465879252
 50.00000000000000  100.0000000000000 -150.0000000000000  0.000000000000000 -1.393265615726780 -.4497545531075378 0.1635648284944904 0.1497572881602406E-004 -.1334479896321961E-002 0.9350937718875190E-002 0.2279020322622787 0.2712524757481805E-001 0.7072672500233297
 50.00000000000000  150.0000000000000 -150.0000000000000  0.000000000000000 -1.519926474181911 -.6868718297225931E-002 0.1635648284944904 -.2594408365140878E-004 -.1306852485527820E-002 0.7387610559262201E-002 0.2279020322622787 -.1465362489897772 0.5336057534587345
 50.00000000000000  200.0000000000000 -150.0000000000000  0.000000000000000 -1.646587332637043 0.4360171165130819 0.1635648284944904 -.6686389611904656E-004 -.1279225074732707E-002 0.5424283413425494E-002 0.2279020322622787 -.3201977455543735 0.3599442568941382
 100.0000000000000  0.000000000000000 -150.0000000000000  0.000000000000000 -1.198515056731519 -.9262796123484945 0.1635648284944904 0.5594444765290614E-004 -.1390437088251256E-002 0.1274902577358689E-001 0.2279020322622787 0.3309247259044997  1.011066728353011
 100.0000000000000  50.00000000000000 -150.0000000000000  0.000000000000000 -1.325175915186652 -.4833937775381840 0.1635648284944904 0.1502463518540927E-004 -.1362809677456490E-002 0.1078569856644342E-001 0.2279020322622787 0.1572632293399037 0.8374052317884155
 100.0000000000000  100.0000000000000 -150.0000000000000  0.000000000000000 -1.451836773641784 -.4050794272787869E-001 0.1635648284944904 -.2589517728257379E-004 -.1335182266661776E-002 0.8822371038737726E-002 0.2279020322622787 -.1639826722469125E-001 0.6637437352238205
 100.0000000000000  150.0000000000000 -150.0000000000000  0.000000000000000 -1.578497632096916 0.4023778920824305 0.1635648284944904 -.6681498975002573E-004 -.1307554855867657E-002 0.6859043884273728E-002 0.2279020322622787 -.1900597637892869 0.4900822386592247
 100.0000000000000  200.0000000000000 -150.0000000000000  0.000000000000000 -1.705158490552047 0.8452637268927342 0.1635648284944904 -.1077348022176715E-003 -.1279927445072534E-002 0.4895716731959182E-002 0.2279020322622787 -.3637212603538826 0.3164207420946291
 150.0000000000000  0.000000000000000 -150.0000000000000  0.000000000000000 -1.257086214646524 -.5170330019688337 0.1635648284944904 0.1507354155427736E-004 -.1391139458591067E-002 0.1222045909317959E-001 0.2279020322622787 0.2874012111049902 0.9675432135535020
 150.0000000000000  50.00000000000000 -150.0000000000000  0.000000000000000 -1.383747073101654 -.7414716715852726E-001 0.1635648284944904 -.2584627091320853E-004 -.1363512047796334E-002 0.1025713188752657E-001 0.2279020322622787 0.1137397145403947 0.7938817169889063
 150.0000000000000  100.0000000000000 -150.0000000000000  0.000000000000000 -1.510407931556787 0.3687386676517865 0.1635648284944904 -.6676608338122689E-004 -.1335884637001607E-002 0.8293804368633058E-002 0.2279020322622787 -.5992178202420055E-001 0.6202202204243111
 150.0000000000000  150.0000000000000 -150.0000000000000  0.000000000000000 -1.637068790011919 0.8116245024620834 0.1635648284944904 -.1076858958486545E-003 -.1308257226207482E-002 0.6330477208594886E-002 0.2279020322622787 -.2335832785887964 0.4465587238597153
 150.0000000000000  200.0000000000000 -150.0000000000000  0.000000000000000 -1.763729648467049  1.254510337272389 0.1635648284944904 -.1486057083163138E-003 -.1280629815412359E-002 0.4367150054828678E-002 0.2279020322622787 -.4072447751533929 0.2728972272951188
 200.0000000000000  0.000000000000000 -150.0000000000000  0.000000000000000 -1.315657372561525 -.1077863915891679 0.1635648284944904 -.2579736454433743E-004 -.1391841828930870E-002 0.1169189242013283E-001 0.2279020322622787 0.2438776963054807 0.9240196987539924
 200.0000000000000  50.00000000000000 -150.0000000000000  0.000000000000000 -1.442318231016658 0.3350994432211370 0.1635648284944904 -.6671717701181655E-004 -.1364214418136149E-002 0.9728565208694660E-002 0.2279020322622787 0.7021619974088517E-001 0.7503582021893969
 200.0000000000000  100.0000000000000 -150.0000000000000  0.000000000000000 -1.568979089471790 0.7779852780314492 0.1635648284944904 -.1076369894798157E-003 -.1336587007341427E-002 0.7765237678462488E-002 0.2279020322622787 -.1034452968237102 0.5766967056248015
 200.0000000000000  150.0000000000000 -150.0000000000000  0.000000000000000 -1.695639947926922  1.220871112841749 0.1635648284944904 -.1485568019472905E-003 -.1308959596547307E-002 0.5801910519699683E-002 0.2279020322622787 -.2771067933883058 0.4030352090602058
 200.0000000000000  200.0000000000000 -150.0000000000000  0.000000000000000 -1.822300806382054  1.663756947652069 0.1635648284944904 -.1894766144149392E-003 -.1281332185752186E-002 0.3838583372433849E-002 0.2279020322622787 -.4507682899529021 0.2293737124956096
 0.000000000000000  0.000000000000000 -200.0000000000000  0.000000000000000 -.6816279167651081 -1.815696739085408 0.1635648284944904 0.1383422588059200E-003 -.1522983447509203E-002 0.1410760961864210E-001 0.2279020322622787 0.4431856778818927  1.123327680330404
 0.000000000000000  50.00000000000000 -200.0000000000000  0.000000000000000 -.8082887752202402 -1.372810904275101 0.1635648284944904 0.9742244633846177E-004 -.1495356036715040E-002 0.1214428239481341E-001 0.2279020322622787 0.2695241813172967 0.9496661837658085
 0.000000000000000  100.0000000000000 -200.0000000000000  0.000000000000000 -.9349496336753714 -.9299250694647991 0.1635648284944904 0.5650263387044404E-004 -.1467728625920331E-002 0.1018095513620422E-001 0.2279020322622787 0.9586268475270147E-001 0.7760046872012132
 0.000000000000000  150.0000000000000 -200.0000000000000  0.000000000000000 -1.061610492130503 -.4870392346544920 0.1635648284944904 0.1558282140294738E-004 -.1440101215125617E-002 0.8217627933108337E-002 0.2279020322622787 -.7779881181189370E-001 0.6023431906366180
 0.000000000000000  200.0000000000000 -200.0000000000000  0.000000000000000 -1.188271350585635 -.4415339984417582E-001 0.1635648284944904 -.2533699106468956E-004 -.1412473804331034E-002 0.6254300732064415E-002 0.2279020322622787 -.2514603083764896 0.4286816940720221
 50.00000000000000  0.000000000000000 -200.0000000000000  0.000000000000000 -.7401990746801116 -1.406450128705748 0.1635648284944904 0.9747135270729211E-004 -.1523685817849013E-002 0.1357904293919798E-001 0.2279020322622787 0.3996621630823832  1.079804165530895
 50.00000000000000  50.00000000000000 -200.0000000000000  0.000000000000000 -.8668599331352433 -.9635642938954433 0.1635648284944904 0.5655154023982363E-004 -.1496058407054874E-002 0.1161571571445591E-001 0.2279020322622787 0.2260006665177872 0.9061426689662989
 50.00000000000000  100.0000000000000 -200.0000000000000  0.000000000000000 -.9935207915903742 -.5206784590851327 0.1635648284944904 0.1563172777181968E-004 -.1468430996260153E-002 0.9652388458158509E-002 0.2279020322622787 0.5233916995319179E-001 0.7324811724017035
 50.00000000000000  150.0000000000000 -200.0000000000000  0.000000000000000 -1.120181650045507 -.7779262427482093E-001 0.1635648284944904 -.2528808469566597E-004 -.1440803585465423E-002 0.7689061254537655E-002 0.2279020322622787 -.1213223266114031 0.5588196758371086
 50.00000000000000  200.0000000000000 -200.0000000000000  0.000000000000000 -1.246842508500639 0.3650932105354813 0.1635648284944904 -.6620789716330758E-004 -.1413176174670868E-002 0.5725734055603006E-002 0.2279020322622787 -.2949838231759989 0.3851581792725128
 100.0000000000000  0.000000000000000 -200.0000000000000  0.000000000000000 -.7987702325951148 -.9972035183260888 0.1635648284944904 0.5660044660865792E-004 -.1524388188188841E-002 0.1305047625470912E-001 0.2279020322622787 0.3561386482828733  1.036280650731385
 100.0000000000000  50.00000000000000 -200.0000000000000  0.000000000000000 -.9254310910502461 -.5543176835157786 0.1635648284944904 0.1568063414120421E-004 -.1496760777394700E-002 0.1108714903409803E-001 0.2279020322622787 0.1824771517182775 0.8626191541667891
 100.0000000000000  100.0000000000000 -200.0000000000000  0.000000000000000 -1.052091949505378 -.1114318487054719 0.1635648284944904 -.2523917832680314E-004 -.1469133366599997E-002 0.9123821779240116E-002 0.2279020322622787 0.8815655153682895E-002 0.6889576576021945
 100.0000000000000  150.0000000000000 -200.0000000000000  0.000000000000000 -1.178752807960510 0.3314539861048305 0.1635648284944904 -.6615899079428148E-004 -.1441505955805246E-002 0.7160494566988461E-002 0.2279020322622787 -.1648458414109130 0.5152961610375987
 100.0000000000000  200.0000000000000 -200.0000000000000  0.000000000000000 -1.305413666415642 0.7743398209151382 0.1635648284944904 -.1070788032615233E-003 -.1413878545010658E-002 0.5197167374531095E-002 0.2279020322622787 -.3385073379755087 0.3416346644730029
 150.0000000000000  0.000000000000000 -200.0000000000000  0.000000000000000 -.8573413905101183 -.5879569079464310 0.1635648284944904 0.1572954051002520E-004 -.1525090558528677E-002 0.1252190957631401E-001 0.2279020322622787 0.3126151334833640 0.9927571359318756
 150.0000000000000  50.00000000000000 -200.0000000000000  0.000000000000000 -.9840022489652502 -.1450710731361271 0.1635648284944904 -.2519027195742247E-004 -.1497463147734540E-002 0.1055858235269915E-001 0.2279020322622787 0.1389536369187684 0.8190956393672801
 150.0000000000000  100.0000000000000 -200.0000000000000  0.000000000000000 -1.110663107420381 0.2978147616741832 0.1635648284944904 -.6611008442539769E-004 -.1469835736939822E-002 0.8595255100409475E-002 0.2279020322622787 -.3470785964582671E-001 0.6454341428026850
 150.0000000000000  150.0000000000000 -200.0000000000000  0.000000000000000 -1.237323965875512 0.7407005964844920 0.1635648284944904 -.1070298968929099E-003 -.1442208326145089E-002 0.6631927893135564E-002 0.2279020322622787 -.2083693562104221 0.4717726462380896
 150.0000000000000  200.0000000000000 -200.0000000000000  0.000000000000000 -1.363984824330647  1.183586431294812 0.1635648284944904 -.1479497093605334E-003 -.1414580915350497E-002 0.4668600693426428E-002 0.2279020322622787 -.3820308527750184 0.2981111496734933
 200.0000000000000  0.000000000000000 -200.0000000000000  0.000000000000000 -.9159125484251216 -.1787102975667685 0.1635648284944904 -.2514136558859562E-004 -.1525792928868515E-002 0.1199334289588515E-001 0.2279020322622787 0.2690916186838541 0.9492336211323658
 200.0000000000000  50.00000000000000 -200.0000000000000  0.000000000000000 -1.042573406880254 0.2641755372435455 0.1635648284944904 -.6606117805599290E-004 -.1498165518074358E-002 0.1003001567311853E-001 0.2279020322622787 0.9543012211925909E-001 0.7755721245677708
 200.0000000000000  100.0000000000000 -200.0000000000000  0.000000000000000 -1.169234265335385 0.7070613720538429 0.1635648284944904 -.1069809905240211E-003 -.1470538107279645E-002 0.8066688418989007E-002 0.2279020322622787 -.7823137444533640E-001 0.6019106280031753
 200.0000000000000  150.0000000000000 -200.0000000000000  0.000000000000000 -1.295895123790519  1.149947206864156 0.1635648284944904 -.1479008029915359E-003 -.1442910696484907E-002 0.6103361214465300E-002 0.2279020322622787 -.2518928710099320 0.4282491314385797
 200.0000000000000  200.0000000000000 -200.0000000000000  0.000000000000000 -1.422555982245648  1.592833041674464 0.1635648284944904 -.1888206154591507E-003 -.1415283285690326E-002 0.4140034016816286E-002 0.2279020322622787 -.4255543675745283 0.2545876348739834
