 SGx1               SGx2              SGy1                SGy2              chrom_x            chrom_y            CONS(MU)           quad_Kx                 quad_Ky                 quad_Kz                  alpha_0              alpha_1            eta_1
 0.000000000000000  0.000000000000000 -390.0000000000000  0.000000000000000 -1.190147921723732 -.5966949008272711 0.1635649186284960 0.2325927101664125E-003 0.1558799056829465E-002 0.1347454278447868E-001 0.1892077918094842 0.8980183278778571  1.607730892131344
 0.000000000000000  100.0000000000000 -390.0000000000000  0.000000000000000 -.6900552982427717 -.3860073743741030 0.1635649186284960 0.2140999549863818E-003 0.1423621810737262E-002 0.1043713426827626E-001 0.1892077918094842 0.3210927451419117  1.030805309395398
 0.000000000000000  200.0000000000000 -390.0000000000000  0.000000000000000 -.1899626747618130 -.1753198479209364 0.1635649186284960 0.1956071998062512E-003 0.1288444564644680E-002 0.7399725247238108E-002 0.1892077918094842 -.2558328375940342 0.4538797266594525
 0.000000000000000  300.0000000000000 -390.0000000000000  0.000000000000000 0.3101299487191440 0.3536767853222915E-001 0.1635649186284960 0.1771144446262375E-003 0.1153267318552511E-002 0.4362316226494922E-002 0.1892077918094842 -.8327584203299782 -.1230458560764914
 0.000000000000000  400.0000000000000 -390.0000000000000  0.000000000000000 0.8102225722001049 0.2460552049853971 0.1635649186284960 0.1586216894461645E-003 0.1018090072460148E-002 0.1324907211254178E-002 0.1892077918094842 -1.409684003065922 -.6999714388124353
 0.000000000000000  500.0000000000000 -390.0000000000000  0.000000000000000  1.310315195681064 0.4567427314385647 0.1635649186284960 0.1401289342660988E-003 0.8829128263677791E-003 -.1712501956646025E-002 0.1892077918094842 -1.986609585801865 -1.276897021548379
 100.0000000000000  0.000000000000000 -390.0000000000000  0.000000000000000 -.7771611397187622 -.3769509913818931 0.1635649186284960 0.2174888784282698E-003 0.1396433749838049E-002 0.1263356807196282E-001 0.1892077918094842 0.7554018242062205  1.465114388459707
 100.0000000000000  100.0000000000000 -390.0000000000000  0.000000000000000 -.2770685162378027 -.1662634649287260 0.1635649186284960 0.1989961232482483E-003 0.1261256503745882E-002 0.9596159603224946E-002 0.1892077918094842 0.1784762414702762 0.8881888057237630
 100.0000000000000  200.0000000000000 -390.0000000000000  0.000000000000000 0.2230241072431563 0.4442406152444088E-001 0.1635649186284960 0.1805033680681019E-003 0.1126079257653243E-002 0.6558750582341736E-002 0.1892077918094842 -.3984493412656714 0.3112632229878153
 100.0000000000000  300.0000000000000 -390.0000000000000  0.000000000000000 0.7231167307241153 0.2551115879776076 0.1635649186284960 0.1620106128880846E-003 0.9909020115611040E-003 0.3521341561568058E-002 0.1892077918094842 -.9753749240016131 -.2656623597481264
 100.0000000000000  400.0000000000000 -390.0000000000000  0.000000000000000  1.223209354205074 0.4657991144307744 0.1635649186284960 0.1435178577080329E-003 0.8557247654687717E-003 0.4839325466115467E-003 0.1892077918094842 -1.552300506737558 -.8425879424840715
 100.0000000000000  500.0000000000000 -390.0000000000000  0.000000000000000  1.723301977686034 0.6764866408839414 0.1635649186284960 0.1250251025279617E-003 0.7205475193763734E-003 -.2553476620915417E-002 0.1892077918094842 -2.129226089473502 -1.419513525220014
 200.0000000000000  0.000000000000000 -390.0000000000000  0.000000000000000 -.3641743577137941 -.1572070819365175 0.1635649186284960 0.2023850466901299E-003 0.1234068442846648E-002 0.1179259340918116E-001 0.1892077918094842 0.6127853205345842  1.322497884788071
 200.0000000000000  100.0000000000000 -390.0000000000000  0.000000000000000 0.1359182657671657 0.5348044451665022E-001 0.1635649186284960 0.1838922915101725E-003 0.1098891196754713E-002 0.8755184948026302E-002 0.1892077918094842 0.3585973779864009E-001 0.7455723020521269
 200.0000000000000  200.0000000000000 -390.0000000000000  0.000000000000000 0.6360108892481262 0.2641679709698178 0.1635649186284960 0.1653995363299613E-003 0.9637139506618247E-003 0.5717775917410506E-002 0.1892077918094842 -.5410658449373066 0.1686467193161802
 200.0000000000000  300.0000000000000 -390.0000000000000  0.000000000000000  1.136103512729081 0.4748554974229822 0.1635649186284960 0.1469067811499477E-003 0.8285367045697077E-003 0.2680366896641658E-002 0.1892077918094842 -1.117991427673249 -.4082788634197626
 200.0000000000000  400.0000000000000 -390.0000000000000  0.000000000000000  1.636196136210043 0.6855430238761510 0.1635649186284960 0.1284140259698920E-003 0.6933594584773497E-003 -.3570421180315403E-003 0.1892077918094842 -1.694917010409195 -.9852044461557078
 200.0000000000000  500.0000000000000 -390.0000000000000  0.000000000000000  2.136288759691005 0.8962305503293198 0.1635649186284960 0.1099212707897724E-003 0.5581822123848314E-003 -.3394451285220086E-002 0.1892077918094842 -2.271842593145137 -1.562130028891650
 300.0000000000000  0.000000000000000 -390.0000000000000  0.000000000000000 0.4881242429117616E-001 0.6253682750886007E-001 0.1635649186284960 0.1872812149519866E-003 0.1071703135855226E-002 0.1095161875049325E-001 0.1892077918094842 0.4701688168629485  1.179881381116435
 300.0000000000000  100.0000000000000 -390.0000000000000  0.000000000000000 0.5489050477721351 0.2732243539620273 0.1635649186284960 0.1687884597720187E-003 0.9365258897632478E-003 0.7914210275717926E-002 0.1892077918094842 -.1067567658729967 0.6029557983804901
 300.0000000000000  200.0000000000000 -390.0000000000000  0.000000000000000  1.048997671253092 0.4839118804151932 0.1635649186284960 0.1502957045918225E-003 0.8013486436704329E-003 0.4876801252479458E-002 0.1892077918094842 -.6836823486089427 0.2603021564454411E-001
 300.0000000000000  300.0000000000000 -390.0000000000000  0.000000000000000  1.549090294734051 0.6945994068683599 0.1635649186284960 0.1318029494118109E-003 0.6661713975783047E-003 0.1839392231715230E-002 0.1892077918094842 -1.260607931344886 -.5508953670913991
 300.0000000000000  400.0000000000000 -390.0000000000000  0.000000000000000  2.049182918215011 0.9052869333215272 0.1635649186284960 0.1133101942317566E-003 0.5309941514859515E-003 -.1198016782583275E-002 0.1892077918094842 -1.837533514080830 -1.127820949827344
 300.0000000000000  500.0000000000000 -390.0000000000000  0.000000000000000  2.549275541695968  1.115974459774693 0.1635649186284960 0.9481743905162409E-004 0.3958169053934516E-003 -.4235425949524282E-002 0.1892077918094842 -2.414459096816775 -1.704746532563288
 400.0000000000000  0.000000000000000 -390.0000000000000  0.000000000000000 0.4617992062961478 0.2822807369542388 0.1635649186284960 0.1721773832138425E-003 0.9093378288638061E-003 0.1011064408363317E-001 0.1892077918094842 0.3275523131913124  1.037264877444799
 400.0000000000000  100.0000000000000 -390.0000000000000  0.000000000000000 0.9618918297771056 0.4929682634074048 0.1635649186284960 0.1536846280338530E-003 0.7741605827718276E-003 0.7073235608497344E-002 0.1892077918094842 -.2493732695446335 0.4603392947088533
 400.0000000000000  200.0000000000000 -390.0000000000000  0.000000000000000  1.461984453258063 0.7036557898605712 0.1635649186284960 0.1351918728536810E-003 0.6389833366790287E-003 0.4035826587548448E-002 0.1892077918094842 -.8262988522805785 -.1165862880270917
 400.0000000000000  300.0000000000000 -390.0000000000000  0.000000000000000  1.962077076739023 0.9143433163137383 0.1635649186284960 0.1166991176736731E-003 0.5038060905868982E-003 0.9984175714170037E-003 0.1892077918094842 -1.403224435016522 -.6935118707630349
 400.0000000000000  400.0000000000000 -390.0000000000000  0.000000000000000  2.462169700219981  1.125030842766906 0.1635649186284960 0.9820636249362170E-004 0.3686288444945575E-003 -.2038991447317270E-002 0.1892077918094842 -1.980150017752466 -1.270437453498980
 400.0000000000000  500.0000000000000 -390.0000000000000  0.000000000000000  2.962262323700942  1.335718369220073 0.1635649186284960 0.7971360731347704E-004 0.2334515984020238E-003 -.5076400613588902E-002 0.1892077918094842 -2.557075600488411 -1.847363036234924
 500.0000000000000  0.000000000000000 -390.0000000000000  0.000000000000000 0.8747859883011160 0.5020246463996147 0.1635649186284960 0.1570735514756989E-003 0.7469725218723979E-003 0.9269669420208751E-002 0.1892077918094842 0.1849358095196763 0.8946483737731630
 500.0000000000000  100.0000000000000 -390.0000000000000  0.000000000000000  1.374878611782076 0.7127121728527828 0.1635649186284960 0.1385807962956841E-003 0.6117952757802681E-003 0.6232260943665097E-002 0.1892077918094842 -.3919897732162700 0.3177227910372167
 500.0000000000000  200.0000000000000 -390.0000000000000  0.000000000000000  1.874971235263031 0.9233996993059473 0.1635649186284960 0.1200880411155193E-003 0.4766180296875967E-003 0.3194851922617064E-002 0.1892077918094842 -.9689153559522135 -.2592027916987266
 500.0000000000000  300.0000000000000 -390.0000000000000  0.000000000000000  2.375063858743991  1.134087225759114 0.1635649186284960 0.1015952859355384E-003 0.3414407835954907E-003 0.1574429068035163E-003 0.1892077918094842 -1.545840938688157 -.8361283744346703
 500.0000000000000  400.0000000000000 -390.0000000000000  0.000000000000000  2.875156482224953  1.344774752212283 0.1635649186284960 0.8310253075548007E-004 0.2062635375031410E-003 -.2879966111960074E-002 0.1892077918094842 -2.122766521424101 -1.413053957170614
 500.0000000000000  500.0000000000000 -390.0000000000000  0.000000000000000  3.375249105705918  1.555462278665453 0.1635649186284960 0.6460977557533437E-004 0.7108629141061450E-004 -.5917375278201218E-002 0.1892077918094842 -2.699692104160046 -1.989979539906559
 0.000000000000000  0.000000000000000 -410.0000000000000  0.000000000000000 -1.145216169326220 -.5154047394519119 0.1635649186284960 0.2230886080293371E-003 0.1544571167671880E-002 0.1355258812824486E-001 0.1892077918094842 0.9147580032493294  1.624470567502816
 0.000000000000000  100.0000000000000 -410.0000000000000  0.000000000000000 -.6451235458452590 -.3047172129987435 0.1635649186284960 0.2045958528492549E-003 0.1409393921579484E-002 0.1051517899401445E-001 0.1892077918094842 0.3378324205133854  1.047544984766872
 0.000000000000000  200.0000000000000 -410.0000000000000  0.000000000000000 -.1450309223643001 -.9402968654557742E-001 0.1635649186284960 0.1861030976691760E-003 0.1274216675487098E-002 0.7477770346773879E-002 0.1892077918094842 -.2390931622225606 0.4706194020309261
 0.000000000000000  300.0000000000000 -410.0000000000000  0.000000000000000 0.3550617011166554 0.1166578399075875 0.1635649186284960 0.1676103424891661E-003 0.1139039429394940E-002 0.4440361334626103E-002 0.1892077918094842 -.8160187449585052 -.1063061807050184
 0.000000000000000  400.0000000000000 -410.0000000000000  0.000000000000000 0.8551543245976174 0.3273453663607557 0.1635649186284960 0.1491175873090962E-003 0.1003862183302602E-002 0.1402952319233983E-002 0.1892077918094842 -1.392944327694449 -.6832317634409625
 0.000000000000000  500.0000000000000 -410.0000000000000  0.000000000000000  1.355246948078579 0.5380328928139246 0.1635649186284960 0.1306248321290220E-003 0.8686849372101912E-003 -.1634456850120034E-002 0.1892077918094842 -1.969869910430393 -1.260157346176906
 100.0000000000000  0.000000000000000 -410.0000000000000  0.000000000000000 -.7322293873212503 -.2956608300065349 0.1635649186284960 0.2079847762911967E-003 0.1382205860680473E-002 0.1271161320363439E-001 0.1892077918094842 0.7721414995776934  1.481854063831180
 100.0000000000000  100.0000000000000 -410.0000000000000  0.000000000000000 -.2321367638402919 -.8497330355336843E-001 0.1635649186284960 0.1894920211111100E-003 0.1247028614588060E-002 0.9674204329739261E-002 0.1892077918094842 0.1952159168417499 0.9049284810952367
 100.0000000000000  200.0000000000000 -410.0000000000000  0.000000000000000 0.2679558596406674 0.1257142228997984 0.1635649186284960 0.1709992659310263E-003 0.1111851368495659E-002 0.6636795690485203E-002 0.1892077918094842 -.3817096658941980 0.3280028983592888
 100.0000000000000  300.0000000000000 -410.0000000000000  0.000000000000000 0.7680484831216234 0.3364017493529639 0.1635649186284960 0.1525065107510138E-003 0.9766741224035505E-003 0.3599386669699739E-002 0.1892077918094842 -.9586352486301414 -.2489226843766547
 100.0000000000000  400.0000000000000 -410.0000000000000  0.000000000000000  1.268141106602583 0.5470892758061312 0.1635649186284960 0.1340137555709575E-003 0.8414968763111899E-003 0.5619776545911971E-003 0.1892077918094842 -1.535560831366086 -.8258482671125996
 100.0000000000000  500.0000000000000 -410.0000000000000  0.000000000000000  1.768233730083540 0.7577768022592956 0.1635649186284960 0.1155210003908868E-003 0.7063196302187942E-003 -.2475431513962581E-002 0.1892077918094842 -2.112486414102029 -1.402773849848542
 200.0000000000000  0.000000000000000 -410.0000000000000  0.000000000000000 -.3192426053162823 -.7591692056115903E-001 0.1635649186284960 0.1928809445530556E-003 0.1219840553689069E-002 0.1187063853820170E-001 0.1892077918094842 0.6295249959060573  1.339237560159544
 200.0000000000000  100.0000000000000 -410.0000000000000  0.000000000000000 0.1808500181646773 0.1347706058920085 0.1635649186284960 0.1743881893729250E-003 0.1084663307596501E-002 0.8833229663213047E-002 0.1892077918094842 0.5259941317011303E-001 0.7623119774235998
 200.0000000000000  200.0000000000000 -410.0000000000000  0.000000000000000 0.6809426416456367 0.3454581323451758 0.1635649186284960 0.1558954341928941E-003 0.9494860615042805E-003 0.5795821026469938E-002 0.1892077918094842 -.5243261695658339 0.1853863946876529
 200.0000000000000  300.0000000000000 -410.0000000000000  0.000000000000000  1.181035265126593 0.5561456587983407 0.1635649186284960 0.1374026790128743E-003 0.8143088154121324E-003 0.2758412004773186E-002 0.1892077918094842 -1.101251752301777 -.3915391880482898
 200.0000000000000  400.0000000000000 -410.0000000000000  0.000000000000000  1.681127888607554 0.7668331852515083 0.1635649186284960 0.1189099238328190E-003 0.6791315693197787E-003 -.2789970100516172E-003 0.1892077918094842 -1.678177335037722 -.9684647707842350
 200.0000000000000  500.0000000000000 -410.0000000000000  0.000000000000000  2.181220512088517 0.9775207117046775 0.1635649186284960 0.1004171686526980E-003 0.5439543232272540E-003 -.3316406178266779E-002 0.1892077918094842 -2.255102917773665 -1.545390353520178
 300.0000000000000  0.000000000000000 -410.0000000000000  0.000000000000000 0.9374417668868751E-001 0.1438269888842183 0.1635649186284960 0.1777771128149098E-003 0.1057475246697636E-002 0.1102966383425660E-001 0.1892077918094842 0.4869084922344215  1.196621056487908
 300.0000000000000  100.0000000000000 -410.0000000000000  0.000000000000000 0.5938368001696444 0.3545145153373835 0.1635649186284960 0.1592843576348069E-003 0.9222980006051637E-003 0.7992255010872324E-002 0.1892077918094842 -.9001709050152379E-001 0.6196954737519630
 300.0000000000000  200.0000000000000 -410.0000000000000  0.000000000000000  1.093929423650604 0.5652020417905512 0.1635649186284960 0.1407916024547457E-003 0.7871207545128436E-003 0.4954846360622990E-002 0.1892077918094842 -.6669426732374697 0.4276989101601714E-001
 300.0000000000000  300.0000000000000 -410.0000000000000  0.000000000000000  1.594022047131566 0.7758895682437198 0.1635649186284960 0.1222988472747302E-003 0.6519435084207030E-003 0.1917437339855695E-002 0.1892077918094842 -1.243868255973413 -.5341556917199261
 300.0000000000000  400.0000000000000 -410.0000000000000  0.000000000000000  2.094114670612521 0.9865770946968839 0.1635649186284960 0.1038060920946809E-003 0.5167662623283702E-003 -.1119971674537498E-002 0.1892077918094842 -1.820793838709357 -1.111081274455870
 300.0000000000000  500.0000000000000 -410.0000000000000  0.000000000000000  2.594207294093485  1.197264621150055 0.1635649186284960 0.8531333691454263E-004 0.3815890162358441E-003 -.4157380842571322E-002 0.1892077918094842 -2.397719421445301 -1.688006857191814
 400.0000000000000  0.000000000000000 -410.0000000000000  0.000000000000000 0.5067309586936563 0.3635708983295950 0.1635649186284960 0.1626732810767693E-003 0.8951099397062354E-003 0.1018868916329517E-001 0.1892077918094842 0.3442919885627854  1.054004552816272
 400.0000000000000  100.0000000000000 -410.0000000000000  0.000000000000000  1.006823582174615 0.5742584247827618 0.1635649186284960 0.1441805258967424E-003 0.7599326936140440E-003 0.7151280343886695E-002 0.1892077918094842 -.2326335941731603 0.4770789700803265
 400.0000000000000  200.0000000000000 -410.0000000000000  0.000000000000000  1.506916205655576 0.7849459512359291 0.1635649186284960 0.1256877707166073E-003 0.6247554475214496E-003 0.4113871695691980E-002 0.1892077918094842 -.8095591769091052 -.9984661265561845E-001
 400.0000000000000  300.0000000000000 -410.0000000000000  0.000000000000000  2.007008829136534 0.9956334776890955 0.1635649186284960 0.1071950155365984E-003 0.4895782014293160E-003 0.1076462679379467E-002 0.1892077918094842 -1.386484759645049 -.6767721953915621
 400.0000000000000  400.0000000000000 -410.0000000000000  0.000000000000000  2.507101452617492  1.206321004142262 0.1635649186284960 0.8870226035654438E-004 0.3544009553369657E-003 -.1960946339742161E-002 0.1892077918094842 -1.963410342380992 -1.253697778127506
 400.0000000000000  500.0000000000000 -410.0000000000000  0.000000000000000  3.007194076098455  1.417008530595432 0.1635649186284960 0.7020950517640467E-004 0.2192237092444505E-003 -.4998355506820338E-002 0.1892077918094842 -2.540335925116939 -1.830623360863452
 500.0000000000000  0.000000000000000 -410.0000000000000  0.000000000000000 0.9197177406986283 0.5833148077749734 0.1635649186284960 0.1475694493386310E-003 0.7327446327148416E-003 0.9347714235648766E-002 0.1892077918094842 0.2016754848911489 0.9113880491446356
 500.0000000000000  100.0000000000000 -410.0000000000000  0.000000000000000  1.419810364179584 0.7940023342281380 0.1635649186284960 0.1290766941585975E-003 0.5975673866226292E-003 0.6310305672614790E-002 0.1892077918094842 -.3752500978447971 0.3344624664086897
 500.0000000000000  200.0000000000000 -410.0000000000000  0.000000000000000  1.919902987660542  1.004689860681305 0.1635649186284960 0.1105839389784517E-003 0.4623901405300418E-003 0.3272897030760604E-002 0.1892077918094842 -.9521756805807410 -.2424631163272543
 500.0000000000000  300.0000000000000 -410.0000000000000  0.000000000000000  2.419995611141500  1.215377387134471 0.1635649186284960 0.9209118379845968E-004 0.3272128944379127E-003 0.2354880146782999E-003 0.1892077918094842 -1.529101263316685 -.8193886990631983
 500.0000000000000  400.0000000000000 -410.0000000000000  0.000000000000000  2.920088234622458  1.426064913587637 0.1635649186284960 0.7359842861840261E-004 0.1920356483455492E-003 -.2801921003980447E-002 0.1892077918094842 -2.106026846052629 -1.396314281799143
 500.0000000000000  500.0000000000000 -410.0000000000000  0.000000000000000  3.420180858103424  1.636752440040807 0.1635649186284960 0.5510567343826308E-004 0.5685840225304304E-004 -.5839330178590666E-002 0.1892077918094842 -2.682952428788571 -1.973239864535084
 0.000000000000000  0.000000000000000 -430.0000000000000  0.000000000000000 -1.100284416928708 -.4341145780765535 0.1635649186284960 0.2135845058922633E-003 0.1530343278514304E-002 0.1363063322366618E-001 0.1892077918094842 0.9314976786208026  1.641210242874289
 0.000000000000000  100.0000000000000 -430.0000000000000  0.000000000000000 -.6001917934477474 -.2234270516233861 0.1635649186284960 0.1950917507122325E-003 0.1395166032422127E-002 0.1059322406890916E-001 0.1892077918094842 0.3545720958848576  1.064284660138344
 0.000000000000000  200.0000000000000 -430.0000000000000  0.000000000000000 -.1000991699667900 -.1273952517021975E-001 0.1635649186284960 0.1765989955320980E-003 0.1259988786329502E-002 0.7555815457700276E-002 0.1892077918094842 -.2223534868510880 0.4873590774023988
 0.000000000000000  300.0000000000000 -430.0000000000000  0.000000000000000 0.3999934535141684 0.1979480012829465 0.1635649186284960 0.1581062403520882E-003 0.1124811540237343E-002 0.4518406442757627E-002 0.1892077918094842 -.7992790695870325 -.8956650533354582E-001
 0.000000000000000  400.0000000000000 -430.0000000000000  0.000000000000000 0.9000860769951259 0.4086355277361123 0.1635649186284960 0.1396134851720200E-003 0.9896342941450168E-003 0.1480997427213736E-002 0.1892077918094842 -1.376204652322975 -.6664920880694883
 0.000000000000000  500.0000000000000 -430.0000000000000  0.000000000000000  1.400178700476088 0.6193230541892810 0.1635649186284960 0.1211207299919512E-003 0.8544570480526295E-003 -.1556411734570284E-002 0.1892077918094842 -1.953130235058919 -1.243417670805433
 100.0000000000000  0.000000000000000 -430.0000000000000  0.000000000000000 -.6872976349237385 -.2143706686311767 0.1635649186284960 0.1984806741541213E-003 0.1367977971522896E-002 0.1278965855800905E-001 0.1892077918094842 0.7888811749491657  1.498593739202652
 100.0000000000000  100.0000000000000 -430.0000000000000  0.000000000000000 -.1872050114427803 -.3683142178010450E-002 0.1635649186284960 0.1799879189740786E-003 0.1232800725430669E-002 0.9752249200146558E-002 0.1892077918094842 0.2119555922132217 0.9216681564667085
 100.0000000000000  200.0000000000000 -430.0000000000000  0.000000000000000 0.3128876120381782 0.2070043842751565 0.1635649186284960 0.1614951637939534E-003 0.1097623479338074E-002 0.6714840798956571E-002 0.1892077918094842 -.3649699905227254 0.3447425737307614
 100.0000000000000  300.0000000000000 -430.0000000000000  0.000000000000000 0.8129802355191372 0.4176919107283235 0.1635649186284960 0.1430024086139341E-003 0.9624462332459504E-003 0.3677431777831076E-002 0.1892077918094842 -.9418955732586680 -.2321830090051812
 100.0000000000000  400.0000000000000 -430.0000000000000  0.000000000000000  1.313072859000096 0.6283794371814898 0.1635649186284960 0.1245096534338873E-003 0.8272689871536249E-003 0.6400227625707142E-003 0.1892077918094842 -1.518821155994613 -.8091085917411259
 100.0000000000000  500.0000000000000 -430.0000000000000  0.000000000000000  1.813165482481054 0.8390669636346554 0.1635649186284960 0.1060168982537600E-003 0.6920917410610786E-003 -.2397386407009190E-002 0.1892077918094842 -2.095746738730556 -1.386034174477069
 200.0000000000000  0.000000000000000 -430.0000000000000  0.000000000000000 -.2743108529187715 0.5373240814199082E-002 0.1635649186284960 0.1833768424159847E-003 0.1205612664531491E-002 0.1194868389278739E-001 0.1892077918094842 0.6462646712775305  1.355977235531017
 200.0000000000000  100.0000000000000 -430.0000000000000  0.000000000000000 0.2257817705621892 0.2160607672673674 0.1635649186284960 0.1648840872359456E-003 0.1070435418439240E-002 0.8911274757398053E-002 0.1892077918094842 0.6933908854158630E-001 0.7790516527950730
 200.0000000000000  200.0000000000000 -430.0000000000000  0.000000000000000 0.7258743940431464 0.4267482937205326 0.1635649186284960 0.1463913320558155E-003 0.9352581723466842E-003 0.5873866133697461E-002 0.1892077918094842 -.5075864941943609 0.2021260700591259
 200.0000000000000  300.0000000000000 -430.0000000000000  0.000000000000000  1.225967017524105 0.6374358201736984 0.1635649186284960 0.1278985768757941E-003 0.8000809262545335E-003 0.2836457112904387E-002 0.1892077918094842 -1.084512076930303 -.3747995126768161
 200.0000000000000  400.0000000000000 -430.0000000000000  0.000000000000000  1.726059641005067 0.8481233466268678 0.1635649186284960 0.1094058216957418E-003 0.6649036801621889E-003 -.2009519020716996E-003 0.1892077918094842 -1.661437659666249 -.9517250954127617
 200.0000000000000  500.0000000000000 -430.0000000000000  0.000000000000000  2.226152264486028  1.058810873080036 0.1635649186284960 0.9091306651562275E-004 0.5297264340696706E-003 -.3238361082377511E-002 0.1892077918094842 -2.238363242402191 -1.528650678148704
 300.0000000000000  0.000000000000000 -430.0000000000000  0.000000000000000 0.1386759290861984 0.2251171502595763 0.1635649186284960 0.1682730106778323E-003 0.1043247357540042E-002 0.1110770897666095E-001 0.1892077918094842 0.5036481676058947  1.213360731859381
 300.0000000000000  100.0000000000000 -430.0000000000000  0.000000000000000 0.6387685525671571 0.4358046767127426 0.1635649186284960 0.1497802554977477E-003 0.9080701114476146E-003 0.8070300102061286E-002 0.1892077918094842 -.7327741513005116E-001 0.6364351491234357
 300.0000000000000  200.0000000000000 -430.0000000000000  0.000000000000000  1.138861176048116 0.6464922031659093 0.1635649186284960 0.1312875003176737E-003 0.7728928653552739E-003 0.5032891469332576E-002 0.1892077918094842 -.6502029978659967 0.5950956638749016E-001
 300.0000000000000  300.0000000000000 -430.0000000000000  0.000000000000000  1.638953799529076 0.8571797296190777 0.1635649186284960 0.1127947451376565E-003 0.6377156192631263E-003 0.1995482447977683E-002 0.1892077918094842 -1.227128580601939 -.5174160163484526
 300.0000000000000  400.0000000000000 -430.0000000000000  0.000000000000000  2.139046423010035  1.067867256072243 0.1635649186284960 0.9430198995760773E-004 0.5025383731707923E-003 -.1041926566491874E-002 0.1892077918094842 -1.804054163337885 -1.094341599084398
 300.0000000000000  500.0000000000000 -430.0000000000000  0.000000000000000  2.639139046490991  1.278554782525409 0.1635649186284960 0.7580923477747003E-004 0.3673611270782738E-003 -.4079335735618011E-002 0.1892077918094842 -2.380979746073828 -1.671267181820341
 400.0000000000000  0.000000000000000 -430.0000000000000  0.000000000000000 0.5516627110911688 0.4448610597049542 0.1635649186284960 0.1531691789396965E-003 0.8808820505486640E-003 0.1026673429428197E-001 0.1892077918094842 0.3610316639342583  1.070744228187745
 400.0000000000000  100.0000000000000 -430.0000000000000  0.000000000000000  1.051755334572130 0.6555485861581222 0.1635649186284960 0.1346764237594983E-003 0.7457048044558272E-003 0.7229325430321091E-002 0.1892077918094842 -.2158939188016880 0.4938186454517988
 400.0000000000000  200.0000000000000 -430.0000000000000  0.000000000000000  1.551847958053087 0.8662361126112872 0.1635649186284960 0.1161836685795350E-003 0.6105275583638782E-003 0.4191916803835227E-002 0.1892077918094842 -.7928195015376321 -.8310693728414542E-001
 400.0000000000000  300.0000000000000 -430.0000000000000  0.000000000000000  2.051940581534043  1.076923639064452 0.1635649186284960 0.9769091339952534E-004 0.4753503122717431E-003 0.1154507782358291E-002 0.1892077918094842 -1.369745084273576 -.6600325200200897
 400.0000000000000  400.0000000000000 -430.0000000000000  0.000000000000000  2.552033205015004  1.287611165517621 0.1635649186284960 0.7919815821946719E-004 0.3401730661793790E-003 -.1882901291700206E-002 0.1892077918094842 -1.946670667009520 -1.236958102756033
 400.0000000000000  500.0000000000000 -430.0000000000000  0.000000000000000  3.052125828495966  1.498298691970790 0.1635649186284960 0.6070540303933218E-004 0.2049958200868776E-003 -.4920310405441370E-002 0.1892077918094842 -2.523596249745466 -1.813883685491979
 500.0000000000000  0.000000000000000 -430.0000000000000  0.000000000000000 0.9646494930961407 0.6646049691503320 0.1635649186284960 0.1380653472015575E-003 0.7185167435572659E-003 0.9425759620902929E-002 0.1892077918094842 0.2184151602626221 0.9281277245161089
 500.0000000000000  100.0000000000000 -430.0000000000000  0.000000000000000  1.464742116577096 0.8752924956034966 0.1635649186284960 0.1195725920213527E-003 0.5833394974644148E-003 0.6388350764015504E-002 0.1892077918094842 -.3585104224733239 0.3512021417801629
 500.0000000000000  200.0000000000000 -430.0000000000000  0.000000000000000  1.964834740058055  1.085980022056664 0.1635649186284960 0.1010798368413769E-003 0.4481622513724630E-003 0.3350942138904034E-002 0.1892077918094842 -.9354360052092681 -.2257234409557812
 500.0000000000000  300.0000000000000 -430.0000000000000  0.000000000000000  2.464927363539012  1.296667548509830 0.1635649186284960 0.8258708166138370E-004 0.3129850052803274E-003 0.3135331227631976E-003 0.1892077918094842 -1.512361587945212 -.8026490236917251
 500.0000000000000  400.0000000000000 -430.0000000000000  0.000000000000000  2.965019987019976  1.507355074962999 0.1635649186284960 0.6409432648133292E-004 0.1778077591879882E-003 -.2723875896000429E-002 0.1892077918094842 -2.089287170681156 -1.379574606427669
 500.0000000000000  500.0000000000000 -430.0000000000000  0.000000000000000  3.465112610500933  1.718042601416165 0.1635649186284960 0.4560157130118747E-004 0.4263051309546172E-004 -.5761285071437724E-002 0.1892077918094842 -2.666212753417101 -1.956500189163614
 0.000000000000000  0.000000000000000 -450.0000000000000  0.000000000000000 -1.055352664531197 -.3528244167011959 0.1635649186284960 0.2040804037551923E-003 0.1516115389356736E-002 0.1370867831821675E-001 0.1892077918094842 0.9482373539922750  1.657949918245762
 0.000000000000000  100.0000000000000 -450.0000000000000  0.000000000000000 -.5552600410502380 -.1421368902480286 0.1635649186284960 0.1855876485751606E-003 0.1380938143264514E-002 0.1067126915909431E-001 0.1892077918094842 0.3713117712563305  1.081024335509817
 0.000000000000000  200.0000000000000 -450.0000000000000  0.000000000000000 -.5516741756927960E-001 0.6855063620513761E-001 0.1635649186284960 0.1670948933950233E-003 0.1245760897171917E-002 0.7633860568366520E-002 0.1892077918094842 -.2056138114796154 0.5040987527738714
 0.000000000000000  300.0000000000000 -450.0000000000000  0.000000000000000 0.4449252059116798 0.2792381626583045 0.1635649186284960 0.1486021382150174E-003 0.1110583651079774E-002 0.4596451550889106E-002 0.1892077918094842 -.7825393942155598 -.7282682996207301E-001
 0.000000000000000  400.0000000000000 -450.0000000000000  0.000000000000000 0.9450178293926388 0.4899256891114712 0.1635649186284960 0.1301093830349456E-003 0.9754064049874374E-003 0.1559042409055354E-002 0.1892077918094842 -1.359464976951504 -.6497524126980173
 0.000000000000000  500.0000000000000 -450.0000000000000  0.000000000000000  1.445110452873598 0.7006132155646375 0.1635649186284960 0.1116166278548777E-003 0.8402291588950532E-003 -.1478366636081741E-002 0.1892077918094842 -1.936390559687447 -1.226677995433960
 100.0000000000000  0.000000000000000 -450.0000000000000  0.000000000000000 -.6423658825262295 -.1330805072558201 0.1635649186284960 0.1889765720170516E-003 0.1353750082365334E-002 0.1286770338842945E-001 0.1892077918094842 0.8056208503206387  1.515333414574125
 100.0000000000000  100.0000000000000 -450.0000000000000  0.000000000000000 -.1422732590452684 0.7760701919734783E-001 0.1635649186284960 0.1704838168369788E-003 0.1218572836272955E-002 0.9830294481277816E-002 0.1892077918094842 0.2286952675846951 0.9384078318381819
 100.0000000000000  200.0000000000000 -450.0000000000000  0.000000000000000 0.3578193644356897 0.2882945456505144 0.1635649186284960 0.1519910616568854E-003 0.1083395590180529E-002 0.6792885906771772E-002 0.1892077918094842 -.3482303151512513 0.3614822491022355
 100.0000000000000  300.0000000000000 -450.0000000000000  0.000000000000000 0.8579119879166490 0.4989820721036812 0.1635649186284960 0.1334983064768616E-003 0.9482183440883780E-003 0.3755476885962564E-002 0.1892077918094842 -.9251558978871953 -.2154433336337086
 100.0000000000000  400.0000000000000 -450.0000000000000  0.000000000000000  1.358004611397608 0.7096695985568485 0.1635649186284960 0.1150055512968080E-003 0.8130410979960302E-003 0.7180677447371603E-003 0.1892077918094842 -1.502081480623140 -.7923689163696531
 100.0000000000000  500.0000000000000 -450.0000000000000  0.000000000000000  1.858097234878566 0.9203571250100155 0.1635649186284960 0.9651279611668805E-004 0.6778638519035064E-003 -.2319341300056537E-002 0.1892077918094842 -2.079007063359082 -1.369294499105596
 200.0000000000000  0.000000000000000 -450.0000000000000  0.000000000000000 -.2293791005212582 0.8666340218955776E-001 0.1635649186284960 0.1738727402789126E-003 0.1191384775373919E-002 0.1202672871815099E-001 0.1892077918094842 0.6630043466490032  1.372716910902490
 200.0000000000000  100.0000000000000 -450.0000000000000  0.000000000000000 0.2707135229597015 0.2973509286427255 0.1635649186284960 0.1553799850988062E-003 0.1056207529281447E-002 0.8989319832131047E-002 0.1892077918094842 0.8607876391305889E-001 0.7957913281665456
 200.0000000000000  200.0000000000000 -450.0000000000000  0.000000000000000 0.7708061464406588 0.5080384550958913 0.1635649186284960 0.1368872299187422E-003 0.9210302831891083E-003 0.5951911241841013E-002 0.1892077918094842 -.4908468188228884 0.2188657454305984
 200.0000000000000  300.0000000000000 -450.0000000000000  0.000000000000000  1.270898769921617 0.7187259815490579 0.1635649186284960 0.1183944747387233E-003 0.7858530370969697E-003 0.2914502221035981E-002 0.1892077918094842 -1.067772401558831 -.3580598373053437
 200.0000000000000  400.0000000000000 -450.0000000000000  0.000000000000000  1.770991393402575 0.9294135080022236 0.1635649186284960 0.9990171955866789E-004 0.6506757910046215E-003 -.1229069195384939E-003 0.1892077918094842 -1.644697984294776 -.9349854200412889
 200.0000000000000  500.0000000000000 -450.0000000000000  0.000000000000000  2.271084016883532  1.140101034455390 0.1635649186284960 0.8140896437855881E-004 0.5154985449121313E-003 -.3160315964360370E-002 0.1892077918094842 -2.221623567030718 -1.511911002777230
 300.0000000000000  0.000000000000000 -450.0000000000000  0.000000000000000 0.1836076814837083 0.3064073116349338 0.1635649186284960 0.1587689085407693E-003 0.1029019468382517E-002 0.1118575404784528E-001 0.1892077918094842 0.5203878429773674  1.230100407230854
 300.0000000000000  100.0000000000000 -450.0000000000000  0.000000000000000 0.6837003049646693 0.5170948380881011 0.1635649186284960 0.1402761533606834E-003 0.8938422222900979E-003 0.8148345168737515E-002 0.1892077918094842 -.5653773975857825E-001 0.6531748244949085
 300.0000000000000  200.0000000000000 -450.0000000000000  0.000000000000000  1.183792928445629 0.7277823645412682 0.1635649186284960 0.1217833981806059E-003 0.7586649761977195E-003 0.5110936576909591E-002 0.1892077918094842 -.6334633224945230 0.7624924175896386E-001
 300.0000000000000  300.0000000000000 -450.0000000000000  0.000000000000000  1.683885551926587 0.9384698909944341 0.1635649186284960 0.1032906430005886E-003 0.6234877301055719E-003 0.2073527556109394E-002 0.1892077918094842 -1.210388905230467 -.5006763409769804
 300.0000000000000  400.0000000000000 -450.0000000000000  0.000000000000000  2.183978175407546  1.149157417447601 0.1635649186284960 0.8479788782053512E-004 0.4883104840132226E-003 -.9638814584580778E-003 0.1892077918094842 -1.787314487966411 -1.077601923712925
 300.0000000000000  500.0000000000000 -450.0000000000000  0.000000000000000  2.684070798888502  1.359844943900767 0.1635649186284960 0.6630513264040250E-004 0.3531332379207155E-003 -.4001290628872434E-002 0.1892077918094842 -2.364240070702356 -1.654527506448868
 400.0000000000000  0.000000000000000 -450.0000000000000  0.000000000000000 0.5965944634886805 0.5261512210803118 0.1635649186284960 0.1436650768026244E-003 0.8666541613910897E-003 0.1034477937759367E-001 0.1892077918094842 0.3777713393057313  1.087483903559218
 400.0000000000000  100.0000000000000 -450.0000000000000  0.000000000000000  1.096687086969638 0.7368387475334769 0.1635649186284960 0.1251723216225891E-003 0.7314769152988870E-003 0.7307370511419204E-002 0.1892077918094842 -.1991542434302144 0.5105583208232723
 400.0000000000000  200.0000000000000 -450.0000000000000  0.000000000000000  1.596779710450595 0.9475262739866431 0.1635649186284960 0.1066795664424604E-003 0.5962996692062946E-003 0.4269961911978756E-002 0.1892077918094842 -.7760798261661594 -.6636726191267261E-001
 400.0000000000000  300.0000000000000 -450.0000000000000  0.000000000000000  2.096872333931559  1.158213800439813 0.1635649186284960 0.8818681126245454E-004 0.4611224231141780E-003 0.1232552891182746E-002 0.1892077918094842 -1.353005408902102 -.6432928446486151
 400.0000000000000  400.0000000000000 -450.0000000000000  0.000000000000000  2.596964957412513  1.368901326892977 0.1635649186284960 0.6969405608239832E-004 0.3259451770218181E-003 -.1804856123650716E-002 0.1892077918094842 -1.929930991638047 -1.220218427384560
 400.0000000000000  500.0000000000000 -450.0000000000000  0.000000000000000  3.097057580893474  1.579588853346146 0.1635649186284960 0.5120130090225473E-004 0.1907679309292871E-003 -.4842265292947109E-002 0.1892077918094842 -2.506856574373993 -1.797144010120506
 500.0000000000000  0.000000000000000 -450.0000000000000  0.000000000000000  1.009581245493651 0.7458951305256896 0.1635649186284960 0.1285612450644806E-003 0.7042888543996741E-003 0.9503804707314973E-002 0.1892077918094842 0.2351548356340954 0.9448673998875823
 500.0000000000000  100.0000000000000 -450.0000000000000  0.000000000000000  1.509673868974604 0.9565826569788519 0.1635649186284960 0.1100684898844420E-003 0.5691116083074871E-003 0.6466395846110548E-002 0.1892077918094842 -.3417707471018509 0.3679418171516359
 500.0000000000000  200.0000000000000 -450.0000000000000  0.000000000000000  2.009766492455568  1.167270183432022 0.1635649186284960 0.9157573470430373E-004 0.4339343622148898E-003 0.3428987247047478E-002 0.1892077918094842 -.9186963298377954 -.2089837655843086
 500.0000000000000  300.0000000000000 -450.0000000000000  0.000000000000000  2.509859115936522  1.377957709885186 0.1635649186284960 0.7308297952430954E-004 0.2987571161227511E-003 0.3915782262854750E-003 0.1892077918094842 -1.495621912573740 -.7859093483202527
 500.0000000000000  400.0000000000000 -450.0000000000000  0.000000000000000  3.009951739417487  1.588645236338357 0.1635649186284960 0.5459022434426053E-004 0.1635798700304174E-003 -.2645830788020765E-002 0.1892077918094842 -2.072547495309683 -1.362834931056196
 500.0000000000000  500.0000000000000 -450.0000000000000  0.000000000000000  3.510044362898444  1.799332762791522 0.1635649186284960 0.3609746916411472E-004 0.2840262393788454E-004 -.5683239964285127E-002 0.1892077918094842 -2.649473078045627 -1.939760513792140
