 SGx1               SGx2               SGy1               SGy2               spin_ref          spin_x                  spin_y                  spin_z
 0.000000000000000  0.000000000000000  0.000000000000000  0.000000000000000  0.000000000000000 0.1357185197559119E-009 -.9871738704259059E-009 0.1290074436166577E-009
 0.000000000000000  50.00000000000000  0.000000000000000  0.000000000000000  0.000000000000000 0.9479919627075617E-010 -.9595461647471382E-009 0.1093770907178993E-009
 0.000000000000000  100.0000000000000  0.000000000000000  0.000000000000000  0.000000000000000 0.5387934542966377E-010 -.9319184035572192E-009 0.8974626597435531E-010
 0.000000000000000  150.0000000000000  0.000000000000000  0.000000000000000  0.000000000000000 0.1295896723263468E-010 -.9042905313449978E-009 0.7011496938602590E-010
 0.000000000000000  200.0000000000000  0.000000000000000  0.000000000000000  0.000000000000000 -.2796199383148235E-010 -.8766626313772008E-009 0.5048320095291103E-010
 50.00000000000000  0.000000000000000  0.000000000000000  0.000000000000000  0.000000000000000 0.9484762975020544E-010 -.9878767248672204E-009 0.1237225599748371E-009
 50.00000000000000  50.00000000000000  0.000000000000000  0.000000000000000  0.000000000000000 0.5392802870929359E-010 -.9602489636773015E-009 0.1040920960537761E-009
 50.00000000000000  100.0000000000000  0.000000000000000  0.000000000000000  0.000000000000000 0.1300784480129380E-010 -.9326210914650801E-009 0.8446113253235410E-010
 50.00000000000000  150.0000000000000  0.000000000000000  0.000000000000000  0.000000000000000 -.2791286646264268E-010 -.9049931637417075E-009 0.6482972492172223E-010
 50.00000000000000  200.0000000000000  0.000000000000000  0.000000000000000  0.000000000000000 -.6883410508251586E-010 -.8773651805071836E-009 0.4519778995515367E-010
 100.0000000000000  0.000000000000000  0.000000000000000  0.000000000000000  0.000000000000000 0.5397671198892340E-010 -.9885795515529594E-009 0.1184376763330164E-009
 100.0000000000000  50.00000000000000  0.000000000000000  0.000000000000000  0.000000000000000 0.1305675012552854E-010 -.9609517070963136E-009 0.9880707363407737E-010
 100.0000000000000  100.0000000000000  0.000000000000000  0.000000000000000  0.000000000000000 -.2786373909380302E-010 -.9333237793729410E-009 0.7917597133477727E-010
 100.0000000000000  150.0000000000000  0.000000000000000  0.000000000000000  0.000000000000000 -.6878472791349566E-010 -.9056957961384171E-009 0.5954442494626733E-010
 100.0000000000000  200.0000000000000  0.000000000000000  0.000000000000000  0.000000000000000 -.1097062996002762E-009 -.8780677018815908E-009 0.3991237895739630E-010
 150.0000000000000  0.000000000000000  0.000000000000000  0.000000000000000  0.000000000000000 0.1310565544976328E-010 -.9892823782386984E-009 0.1131527649356201E-009
 150.0000000000000  50.00000000000000  0.000000000000000  0.000000000000000  0.000000000000000 -.2781461172496336E-010 -.9616544505153257E-009 0.9352199570322739E-010
 150.0000000000000  100.0000000000000  0.000000000000000  0.000000000000000  0.000000000000000 -.6873537850005107E-010 -.9340264395252262E-009 0.7389078238162483E-010
 150.0000000000000  150.0000000000000  0.000000000000000  0.000000000000000  0.000000000000000 -.1096567281422267E-009 -.9063983730239755E-009 0.5425909721523681E-010
 150.0000000000000  200.0000000000000  0.000000000000000  0.000000000000000  0.000000000000000 -.1505785773847634E-009 -.8787702232559980E-009 0.3462694020406332E-010
 200.0000000000000  0.000000000000000  0.000000000000000  0.000000000000000  0.000000000000000 -.2776548435612369E-010 -.9899852049244373E-009 0.1078677980270726E-009
 200.0000000000000  50.00000000000000  0.000000000000000  0.000000000000000  0.000000000000000 -.6868602908660648E-010 -.9623571939343378E-009 0.8823691777237741E-010
 200.0000000000000  100.0000000000000  0.000000000000000  0.000000000000000  0.000000000000000 -.1096071566841772E-009 -.9347291274330871E-009 0.6860559342847239E-010
 200.0000000000000  150.0000000000000  0.000000000000000  0.000000000000000  0.000000000000000 -.1505287838821090E-009 -.9071009776651096E-009 0.4897376948420629E-010
 200.0000000000000  200.0000000000000  0.000000000000000  0.000000000000000  0.000000000000000 -.1914509939471287E-009 -.8794727168748295E-009 0.2934147369515472E-010
 0.000000000000000  0.000000000000000 -50.00000000000000  0.000000000000000  0.000000000000000 0.1363754387195826E-009 -.1121145454252570E-008 0.1320214493283345E-009
 0.000000000000000  50.00000000000000 -50.00000000000000  0.000000000000000  0.000000000000000 0.9545583767867072E-010 -.1093517054684412E-008 0.1123911796963029E-009
 0.000000000000000  100.0000000000000 -50.00000000000000  0.000000000000000  0.000000000000000 0.5453570928182216E-010 -.1065888599605103E-008 0.9276043821948576E-010
 0.000000000000000  150.0000000000000 -50.00000000000000  0.000000000000000  0.000000000000000 0.1361502577346130E-010 -.1038260033503491E-008 0.7312919714230759E-010
 0.000000000000000  200.0000000000000 -50.00000000000000  0.000000000000000  0.000000000000000 -.2730618509083627E-010 -.1010631411890728E-008 0.5349748422034395E-010
 50.00000000000000  0.000000000000000 -50.00000000000000  0.000000000000000  0.000000000000000 0.9550429891369561E-010 -.1121848253182733E-008 0.1267366211976650E-009
 50.00000000000000  50.00000000000000 -50.00000000000000  0.000000000000000  0.000000000000000 0.5458436480587636E-010 -.1094219798103424E-008 0.1071062127877553E-009
 50.00000000000000  100.0000000000000 -50.00000000000000  0.000000000000000  0.000000000000000 0.1366393109769604E-010 -.1066591232001812E-008 0.8747533253306017E-010
 50.00000000000000  150.0000000000000 -50.00000000000000  0.000000000000000  0.000000000000000 -.2725705772199660E-010 -.1038962610389049E-008 0.6784395267800392E-010
 50.00000000000000  200.0000000000000 -50.00000000000000  0.000000000000000  0.000000000000000 -.6817857389762594E-010 -.1011333933265135E-008 0.4821212873373781E-010
 100.0000000000000  0.000000000000000 -50.00000000000000  0.000000000000000  0.000000000000000 0.5463304808550618E-010 -.1122551052112897E-008 0.1214517653114200E-009
 100.0000000000000  50.00000000000000 -50.00000000000000  0.000000000000000  0.000000000000000 0.1371286417750639E-010 -.1094922513766861E-008 0.1018212181236322E-009
 100.0000000000000  100.0000000000000 -50.00000000000000  0.000000000000000  0.000000000000000 -.2720793035315694E-010 -.1067293892154098E-008 0.8219017133548334E-010
 100.0000000000000  150.0000000000000 -50.00000000000000  0.000000000000000  0.000000000000000 -.6812922448418135E-010 -.1039665215030183E-008 0.6255870821370024E-010
 100.0000000000000  200.0000000000000 -50.00000000000000  0.000000000000000  0.000000000000000 -.1090510737267181E-009 -.1012036426883967E-008 0.4292674549155606E-010
 150.0000000000000  0.000000000000000 -50.00000000000000  0.000000000000000  0.000000000000000 0.1376176950174113E-010 -.1123253851043060E-008 0.1161668261584481E-009
 150.0000000000000  50.00000000000000 -50.00000000000000  0.000000000000000  0.000000000000000 -.2715877522874166E-010 -.1095625229430297E-008 0.9653616794835784E-010
 150.0000000000000  100.0000000000000 -50.00000000000000  0.000000000000000  0.000000000000000 -.6807984731516115E-010 -.1067996524550807E-008 0.7690501013790652E-010
 150.0000000000000  150.0000000000000 -50.00000000000000  0.000000000000000  0.000000000000000 -.1090014745130929E-009 -.1040367764160166E-008 0.5727340823824534E-010
 150.0000000000000  200.0000000000000 -50.00000000000000  0.000000000000000  0.000000000000000 -.1499236568225371E-009 -.1012738920502798E-008 0.3764130673822308E-010
 200.0000000000000  0.000000000000000 -50.00000000000000  0.000000000000000  0.000000000000000 -.2710964785990200E-010 -.1123956649973223E-008 0.1108818870054762E-009
 200.0000000000000  50.00000000000000 -50.00000000000000  0.000000000000000  0.000000000000000 -.6803049790171656E-010 -.1096327945093734E-008 0.9125109001750786E-010
 200.0000000000000  100.0000000000000 -50.00000000000000  0.000000000000000  0.000000000000000 -.1089519030550434E-009 -.1068699184703092E-008 0.7161984894032969E-010
 200.0000000000000  150.0000000000000 -50.00000000000000  0.000000000000000  0.000000000000000 -.1498738355643070E-009 -.1041070341045724E-008 0.5198808050721482E-010
 200.0000000000000  200.0000000000000 -50.00000000000000  0.000000000000000  0.000000000000000 -.1907962954295073E-009 -.1013441386366054E-008 0.3235586798489010E-010
 0.000000000000000  0.000000000000000 -100.0000000000000  0.000000000000000  0.000000000000000 0.1370323576832533E-009 -.1255121978571694E-008 0.1350354827955869E-009
 0.000000000000000  50.00000000000000 -100.0000000000000  0.000000000000000  0.000000000000000 0.9611250684216088E-010 -.1227492885114145E-008 0.1154052686747065E-009
 0.000000000000000  100.0000000000000 -100.0000000000000  0.000000000000000  0.000000000000000 0.5519207313398056E-010 -.1199863736145446E-008 0.9577461046461622E-010
 0.000000000000000  150.0000000000000 -100.0000000000000  0.000000000000000  0.000000000000000 0.1427113982543915E-010 -.1172234476154443E-008 0.7614345265416489E-010
 0.000000000000000  200.0000000000000 -100.0000000000000  0.000000000000000  0.000000000000000 -.2665037635019019E-010 -.1144605160652290E-008 0.5651179524335248E-010
 50.00000000000000  0.000000000000000 -100.0000000000000  0.000000000000000  0.000000000000000 0.9616096807718577E-010 -.1255824749746282E-008 0.1297506546649174E-009
 50.00000000000000  50.00000000000000 -100.0000000000000  0.000000000000000  0.000000000000000 0.5524075641361037E-010 -.1228195600777582E-008 0.1101203295217346E-009
 50.00000000000000  100.0000000000000 -100.0000000000000  0.000000000000000  0.000000000000000 0.1432004514967389E-010 -.1200566368542155E-008 0.9048950477819062E-010
 50.00000000000000  150.0000000000000 -100.0000000000000  0.000000000000000  0.000000000000000 -.2660124898135052E-010 -.1172937053040002E-008 0.7085820818986122E-010
 50.00000000000000  200.0000000000000 -100.0000000000000  0.000000000000000  0.000000000000000 -.6752307046831163E-010 -.1145307654271122E-008 0.5122643975674634E-010
 100.0000000000000  0.000000000000000 -100.0000000000000  0.000000000000000  0.000000000000000 0.5528943969324018E-010 -.1256527548676445E-008 0.1244657987786724E-009
 100.0000000000000  50.00000000000000 -100.0000000000000  0.000000000000000  0.000000000000000 0.1436895047390863E-010 -.1228898288685443E-008 0.1048353348576114E-009
 100.0000000000000  100.0000000000000 -100.0000000000000  0.000000000000000  0.000000000000000 -.2655212161251086E-010 -.1201269000938865E-008 0.8520439909176503E-010
 100.0000000000000  150.0000000000000 -100.0000000000000  0.000000000000000  0.000000000000000 -.6747372105486704E-010 -.1173639602169985E-008 0.6557296372555754E-010
 100.0000000000000  200.0000000000000 -100.0000000000000  0.000000000000000  0.000000000000000 -.1083958200975843E-009 -.1146010120134378E-008 0.4594108427014021E-010
 150.0000000000000  0.000000000000000 -100.0000000000000  0.000000000000000  0.000000000000000 0.1441788355371898E-010 -.1257230292095457E-008 0.1191809151368517E-009
 150.0000000000000  50.00000000000000 -100.0000000000000  0.000000000000000  0.000000000000000 -.2650296648809558E-010 -.1229601004348879E-008 0.9955031243791268E-010
 150.0000000000000  100.0000000000000 -100.0000000000000  0.000000000000000  0.000000000000000 -.6742434388584684E-010 -.1201971605579999E-008 0.7991923789418820E-010
 150.0000000000000  150.0000000000000 -100.0000000000000  0.000000000000000  0.000000000000000 -.1083462208839592E-009 -.1174342151299967E-008 0.6028769150567825E-010
 150.0000000000000  200.0000000000000 -100.0000000000000  0.000000000000000  0.000000000000000 -.1492686807491594E-009 -.1146712613753209E-008 0.4065567327238284E-010
 200.0000000000000  0.000000000000000 -100.0000000000000  0.000000000000000  0.000000000000000 -.2645381136368030E-010 -.1257933063270045E-008 0.1138960037394554E-009
 200.0000000000000  50.00000000000000 -100.0000000000000  0.000000000000000  0.000000000000000 -.6737493896125102E-010 -.1230303664501164E-008 0.9426526226263832E-010
 200.0000000000000  100.0000000000000 -100.0000000000000  0.000000000000000  0.000000000000000 -.1082966216703340E-009 -.1202674210221133E-008 0.7463407669661137E-010
 200.0000000000000  150.0000000000000 -100.0000000000000  0.000000000000000  0.000000000000000 -.1492188594909294E-009 -.1175044672674375E-008 0.5500239153022335E-010
 200.0000000000000  200.0000000000000 -100.0000000000000  0.000000000000000  0.000000000000000 -.1901415969118858E-009 -.1147415051860889E-008 0.3537026227462547E-010
 0.000000000000000  0.000000000000000 -150.0000000000000  0.000000000000000  0.000000000000000 0.1376893044024996E-009 -.1389103498894428E-008 0.1380494885072636E-009
 0.000000000000000  50.00000000000000 -150.0000000000000  0.000000000000000  0.000000000000000 0.9676917600565105E-010 -.1361473711547490E-008 0.1184193576531101E-009
 0.000000000000000  100.0000000000000 -150.0000000000000  0.000000000000000  0.000000000000000 0.5584846474171457E-010 -.1333843868689399E-008 0.9878875495417105E-010
 0.000000000000000  150.0000000000000 -150.0000000000000  0.000000000000000  0.000000000000000 0.1492719836626577E-010 -.1306213914809007E-008 0.7915765265487096E-010
 0.000000000000000  200.0000000000000 -150.0000000000000  0.000000000000000  0.000000000000000 -.2599456760954411E-010 -.1278583905417463E-008 0.5952607851078540E-010
 50.00000000000000  0.000000000000000 -150.0000000000000  0.000000000000000  0.000000000000000 0.9681763724067594E-010 -.1389806242313441E-008 0.1327646881321698E-009
 50.00000000000000  50.00000000000000 -150.0000000000000  0.000000000000000  0.000000000000000 0.5589714802134438E-010 -.1362176399455350E-008 0.1131344462557138E-009
 50.00000000000000  100.0000000000000 -150.0000000000000  0.000000000000000  0.000000000000000 0.1497610369050051E-010 -.1334546445574958E-008 0.9350367702332107E-010
 50.00000000000000  150.0000000000000 -150.0000000000000  0.000000000000000  0.000000000000000 -.2594544024070444E-010 -.1306916463938990E-008 0.7387246370171852E-010
 50.00000000000000  200.0000000000000 -150.0000000000000  0.000000000000000  0.000000000000000 -.6686753928342171E-010 -.1279286371280719E-008 0.5424077853533049E-010
 100.0000000000000  0.000000000000000 -150.0000000000000  0.000000000000000  0.000000000000000 0.5594583130097419E-010 -.1390509013488028E-008 0.1274798600015004E-009
 100.0000000000000  50.00000000000000 -150.0000000000000  0.000000000000000  0.000000000000000 0.1502506452588648E-010 -.1362879059607636E-008 0.1078494515915907E-009
 100.0000000000000  100.0000000000000 -150.0000000000000  0.000000000000000  0.000000000000000 -.2589628511628916E-010 -.1335249077971667E-008 0.8821857133689548E-010
 100.0000000000000  150.0000000000000 -150.0000000000000  0.000000000000000  0.000000000000000 -.6681816211440150E-010 -.1307618957557821E-008 0.6858724699299046E-010
 100.0000000000000  200.0000000000000 -150.0000000000000  0.000000000000000  0.000000000000000 -.1077405664684505E-009 -.1279988809388399E-008 0.4895542304872436E-010
 150.0000000000000  0.000000000000000 -150.0000000000000  0.000000000000000  0.000000000000000 0.1507399760569683E-010 -.1391211729151465E-008 0.1221949763596797E-009
 150.0000000000000  50.00000000000000 -150.0000000000000  0.000000000000000  0.000000000000000 -.2584712999187389E-010 -.1363581747515497E-008 0.1025644569274675E-009
 150.0000000000000  100.0000000000000 -150.0000000000000  0.000000000000000  0.000000000000000 -.6676878494538130E-010 -.1335951627101650E-008 0.8293346565046988E-010
 150.0000000000000  150.0000000000000 -150.0000000000000  0.000000000000000  0.000000000000000 -.1076909672548254E-009 -.1308321478932228E-008 0.6330197477311117E-010
 150.0000000000000  200.0000000000000 -150.0000000000000  0.000000000000000  0.000000000000000 -.1486137046757818E-009 -.1280691247496080E-008 0.4367003980654260E-010
 200.0000000000000  0.000000000000000 -150.0000000000000  0.000000000000000  0.000000000000000 -.2579797486745861E-010 -.1391914472570477E-008 0.1169100927178590E-009
 200.0000000000000  50.00000000000000 -150.0000000000000  0.000000000000000  0.000000000000000 -.6671940777636109E-010 -.1364284379912206E-008 0.9727943450776877E-010
 200.0000000000000  100.0000000000000 -150.0000000000000  0.000000000000000  0.000000000000000 -.1076413680412003E-009 -.1336654231742784E-008 0.7764830445289306E-010
 200.0000000000000  150.0000000000000 -150.0000000000000  0.000000000000000  0.000000000000000 -.1485638834175518E-009 -.1309024000306636E-008 0.5801670255323188E-010
 200.0000000000000  200.0000000000000 -150.0000000000000  0.000000000000000  0.000000000000000 -.1894869261498400E-009 -.1281393657848184E-008 0.3838460105320962E-010
 0.000000000000000  0.000000000000000 -200.0000000000000  0.000000000000000  0.000000000000000 0.1383462788773215E-009 -.1523089959709623E-008 0.1410634942189404E-009
 0.000000000000000  50.00000000000000 -200.0000000000000  0.000000000000000  0.000000000000000 0.9742584516914121E-010 -.1495459506228869E-008 0.1214334466315137E-009
 0.000000000000000  100.0000000000000 -200.0000000000000  0.000000000000000  0.000000000000000 0.5650485634944857E-010 -.1467828969481388E-008 0.1018028994437259E-009
 0.000000000000000  150.0000000000000 -200.0000000000000  0.000000000000000  0.000000000000000 0.1558331241824362E-010 -.1440198321711605E-008 0.8217185265557703E-010
 0.000000000000000  200.0000000000000 -200.0000000000000  0.000000000000000  0.000000000000000 -.2533875886889803E-010 -.1412567618430671E-008 0.6254036177821831E-010
 50.00000000000000  0.000000000000000 -200.0000000000000  0.000000000000000  0.000000000000000 0.9747430640416610E-010 -.1523792703128635E-008 0.1357787215994222E-009
 50.00000000000000  50.00000000000000 -200.0000000000000  0.000000000000000  0.000000000000000 0.5655353962907839E-010 -.1496162166381154E-008 0.1161485352341174E-009
 50.00000000000000  100.0000000000000 -200.0000000000000  0.000000000000000  0.000000000000000 0.1563221774247836E-010 -.1468531546366947E-008 0.9651784926845153E-010
 50.00000000000000  150.0000000000000 -200.0000000000000  0.000000000000000  0.000000000000000 -.2528960374448275E-010 -.1440900843086013E-008 0.7688669145800020E-010
 50.00000000000000  200.0000000000000 -200.0000000000000  0.000000000000000  0.000000000000000 -.6621200809853178E-010 -.1413270056538352E-008 0.5725506180276341E-010
 100.0000000000000  0.000000000000000 -200.0000000000000  0.000000000000000  0.000000000000000 0.5660225066428382E-010 -.1524495446547647E-008 0.1304938934687527E-009
 100.0000000000000  50.00000000000000 -200.0000000000000  0.000000000000000  0.000000000000000 0.1568115082228871E-010 -.1496864798777864E-008 0.1108635683255699E-009
 100.0000000000000  100.0000000000000 -200.0000000000000  0.000000000000000  0.000000000000000 -.2524044862006747E-010 -.1469234123252505E-008 0.9123277133760155E-010
 100.0000000000000  150.0000000000000 -200.0000000000000  0.000000000000000  0.000000000000000 -.6616263092951158E-010 -.1441603308949269E-008 0.7160150250484776E-010
 100.0000000000000  200.0000000000000 -200.0000000000000  0.000000000000000  0.000000000000000 -.1070853128393168E-009 -.1413972466890456E-008 0.5196973407173289E-010
 150.0000000000000  0.000000000000000 -200.0000000000000  0.000000000000000  0.000000000000000 0.1573008390209907E-010 -.1525198134455508E-008 0.1252090375825077E-009
 150.0000000000000  50.00000000000000 -200.0000000000000  0.000000000000000  0.000000000000000 -.2519129349565219E-010 -.1497567458930149E-008 0.1055786014170224E-009
 150.0000000000000  100.0000000000000 -200.0000000000000  0.000000000000000  0.000000000000000 -.6611325376049138E-010 -.1469936644626912E-008 0.8594766565117595E-010
 150.0000000000000  150.0000000000000 -200.0000000000000  0.000000000000000  0.000000000000000 -.1070357136256916E-009 -.1442305802568100E-008 0.6631625804054408E-010
 150.0000000000000  200.0000000000000 -200.0000000000000  0.000000000000000  0.000000000000000 -.1479587286024042E-009 -.1414674877242561E-008 0.4668437858512675E-010
 200.0000000000000  0.000000000000000 -200.0000000000000  0.000000000000000  0.000000000000000 -.2514213837123691E-010 -.1525900850118944E-008 0.1199241539406870E-009
 200.0000000000000  50.00000000000000 -200.0000000000000  0.000000000000000  0.000000000000000 -.6606384883589556E-010 -.1498270063571283E-008 0.1002935789973236E-009
 200.0000000000000  100.0000000000000 -200.0000000000000  0.000000000000000  0.000000000000000 -.1069860866564909E-009 -.1470639221512471E-008 0.8066253220917474E-010
 200.0000000000000  150.0000000000000 -200.0000000000000  0.000000000000000  0.000000000000000 -.1479088795885986E-009 -.1443008296186932E-008 0.6103101357624041E-010
 200.0000000000000  200.0000000000000 -200.0000000000000  0.000000000000000  0.000000000000000 -.1888322276322185E-009 -.1415377259839090E-008 0.4139896758736938E-010
