 SGx1               SGx2               SGy1               SGy2               spin_ref          spin_x                  spin_y                  spin_z
 0.000000000000000  0.000000000000000 -40.00000000000000  0.000000000000000  0.000000000000000 0.3316470986725051E-009 0.1730874027439100E-008 0.1267204952082324E-009
 0.000000000000000  100.0000000000000 -40.00000000000000  0.000000000000000  0.000000000000000 0.2550208932916576E-009 0.1150206263567100E-008 -.4550471111031129E-011
 0.000000000000000  200.0000000000000 -40.00000000000000  0.000000000000000  0.000000000000000 0.1784453973474598E-009 0.5693999993727772E-009 -.1358410328666793E-009
 0.000000000000000  300.0000000000000 -40.00000000000000  0.000000000000000  0.000000000000000 0.1019205830843362E-009 -.1154470963271592E-010 -.2671512455698632E-009
 0.000000000000000  400.0000000000000 -40.00000000000000  0.000000000000000  0.000000000000000 0.2544642274671105E-010 -.5926278634493798E-009 -.3984811092205831E-009
 100.0000000000000  0.000000000000000 -40.00000000000000  0.000000000000000  0.000000000000000 0.2751379124532605E-009 0.1032553098578859E-008 0.8984793464783536E-010
 100.0000000000000  100.0000000000000 -40.00000000000000  0.000000000000000  0.000000000000000 0.1985331343767882E-009 0.4517687057781217E-009 -.4142783338600964E-010
 100.0000000000000  200.0000000000000 -40.00000000000000  0.000000000000000  0.000000000000000 0.1219790657369657E-009 -.1291541040782107E-009 -.1727232246118149E-009
 100.0000000000000  300.0000000000000 -40.00000000000000  0.000000000000000  0.000000000000000 0.4547565102264173E-010 -.7102153865012895E-009 -.3040382667851560E-009
 100.0000000000000  400.0000000000000 -40.00000000000000  0.000000000000000  0.000000000000000 -.3097705425503250E-010 -.1291415141491115E-008 -.4353729321504574E-009
 200.0000000000000  0.000000000000000 -40.00000000000000  0.000000000000000  0.000000000000000 0.2186298364570405E-009 0.3342423837704445E-009 0.5297370875290142E-010
 200.0000000000000  100.0000000000000 -40.00000000000000  0.000000000000000  0.000000000000000 0.1420465134405191E-009 -.2466585824478784E-009 -.7830688875110070E-010
 200.0000000000000  200.0000000000000 -40.00000000000000  0.000000000000000  0.000000000000000 0.6551387210507187E-010 -.8276979934773721E-009 -.2096071372026387E-009
 200.0000000000000  300.0000000000000 -40.00000000000000  0.000000000000000  0.000000000000000 -.1096811530487685E-010 -.1408875849318036E-008 -.3409269810905613E-009
 200.0000000000000  400.0000000000000 -40.00000000000000  0.000000000000000  0.000000000000000 -.8739942103375142E-010 -.1990192149969872E-008 -.4722664759260198E-009
 300.0000000000000  0.000000000000000 -40.00000000000000  0.000000000000000  0.000000000000000 0.1621229539505720E-009 -.3640581169861434E-009 0.1609776201227930E-010
 300.0000000000000  100.0000000000000 -40.00000000000000  0.000000000000000  0.000000000000000 0.8556105823842586E-010 -.9450756288664763E-009 -.1151876649618799E-009
 300.0000000000000  200.0000000000000 -40.00000000000000  0.000000000000000  0.000000000000000 0.9049816451778270E-011 -.1526231613313556E-008 -.2464927151279994E-009
 300.0000000000000  300.0000000000000 -40.00000000000000  0.000000000000000  0.000000000000000 -.6741074365379518E-010 -.2107526042571806E-008 -.3778173607305035E-009
 300.0000000000000  400.0000000000000 -40.00000000000000  0.000000000000000  0.000000000000000 -.1438206220782945E-009 -.2688958944396802E-008 -.5091617127916948E-009
 400.0000000000000  0.000000000000000 -40.00000000000000  0.000000000000000  0.000000000000000 0.1056171816671281E-009 -.1062348375935329E-008 -.2077990557403098E-010
 400.0000000000000  100.0000000000000 -40.00000000000000  0.000000000000000  0.000000000000000 0.2907671325935723E-010 -.1643482461233248E-008 -.1520701342627717E-009
 400.0000000000000  200.0000000000000 -40.00000000000000  0.000000000000000  0.000000000000000 -.4741310122291509E-010 -.2224755019097913E-008 -.2833799861434727E-009
 400.0000000000000  300.0000000000000 -40.00000000000000  0.000000000000000  0.000000000000000 -.1238522340241133E-009 -.2806165994018173E-008 -.4147094889717096E-009
 400.0000000000000  400.0000000000000 -40.00000000000000  0.000000000000000  0.000000000000000 -.2002407128998129E-009 -.3387715469260755E-008 -.5460586427474823E-009
 0.000000000000000  0.000000000000000 -60.00000000000000  0.000000000000000  0.000000000000000 0.2903050577707234E-009 0.1675287963909255E-008 0.1302943031245007E-009
 0.000000000000000  100.0000000000000 -60.00000000000000  0.000000000000000  0.000000000000000 0.2136905929983612E-009 0.1094638296672557E-008 -.9763023722797470E-012
 0.000000000000000  200.0000000000000 -60.00000000000000  0.000000000000000  0.000000000000000 0.1371267821514977E-009 0.5138501846246868E-009 -.1322665033054449E-009
 0.000000000000000  300.0000000000000 -60.00000000000000  0.000000000000000  0.000000000000000 0.6061365298570820E-010 -.6707639998992931E-010 -.2635763829417215E-009
 0.000000000000000  400.0000000000000 -60.00000000000000  0.000000000000000  0.000000000000000 -.1584879449900711E-010 -.6481414571712918E-009 -.3949058857699583E-009
 100.0000000000000  0.000000000000000 -60.00000000000000  0.000000000000000  0.000000000000000 0.2337961213516593E-009 0.9769480224797178E-009 0.9342196460870866E-010
 100.0000000000000  100.0000000000000 -60.00000000000000  0.000000000000000  0.000000000000000 0.1572030561280968E-009 0.3961817818254332E-009 -.3785347035822895E-010
 100.0000000000000  200.0000000000000 -60.00000000000000  0.000000000000000  0.000000000000000 0.8066067258560849E-010 -.1847229313955978E-009 -.1691485007615512E-009
 100.0000000000000  300.0000000000000 -60.00000000000000  0.000000000000000  0.000000000000000 0.4168970724194310E-011 -.7657660616722239E-009 -.3004631821124093E-009
 100.0000000000000  400.0000000000000 -60.00000000000000  0.000000000000000  0.000000000000000 -.7227210496729697E-010 -.1346947692271172E-008 -.4317975144108033E-009
 200.0000000000000  0.000000000000000 -60.00000000000000  0.000000000000000  0.000000000000000 0.1772883229111955E-009 0.2786182951020066E-009 0.5654787749165280E-010
 200.0000000000000  100.0000000000000 -60.00000000000000  0.000000000000000  0.000000000000000 0.1007166849920083E-009 -.3022644912142880E-009 -.7473233143429070E-010
 200.0000000000000  200.0000000000000 -60.00000000000000  0.000000000000000  0.000000000000000 0.2419572875389520E-010 -.8832857778529046E-009 -.2060321913077701E-009
 200.0000000000000  300.0000000000000 -60.00000000000000  0.000000000000000  0.000000000000000 -.5227457355871934E-010 -.1464445509302692E-008 -.3373517021287853E-009
 200.0000000000000  400.0000000000000 -60.00000000000000  0.000000000000000  0.000000000000000 -.1286942219458354E-009 -.2045743713319226E-008 -.4686908638973364E-009
 300.0000000000000  0.000000000000000 -60.00000000000000  0.000000000000000  0.000000000000000 0.1207816624493319E-009 -.4197011627127267E-009 0.1967215279563561E-010
 300.0000000000000  100.0000000000000 -60.00000000000000  0.000000000000000  0.000000000000000 0.4423145183451993E-010 -.1000700550202183E-008 -.1116129133560406E-009
 300.0000000000000  200.0000000000000 -60.00000000000000  0.000000000000000  0.000000000000000 -.3226810485479348E-010 -.1581838410258385E-008 -.2429176026996771E-009
 300.0000000000000  300.0000000000000 -60.00000000000000  0.000000000000000  0.000000000000000 -.1087170076186084E-009 -.2163114687370182E-008 -.3742419152352738E-009
 300.0000000000000  400.0000000000000 -60.00000000000000  0.000000000000000  0.000000000000000 -.1851152009457735E-009 -.2744529437048726E-008 -.5055858787184064E-009
 400.0000000000000  0.000000000000000 -60.00000000000000  0.000000000000000  0.000000000000000 0.6427613996606851E-010 -.1118010406475634E-008 -.1720532050164536E-010
 400.0000000000000  100.0000000000000 -60.00000000000000  0.000000000000000  0.000000000000000 -.1225267109994377E-010 -.1699126339627099E-008 -.1484951883679031E-009
 400.0000000000000  200.0000000000000 -60.00000000000000  0.000000000000000  0.000000000000000 -.8873080048488191E-010 -.2280380773100887E-008 -.2798046794261211E-009
 400.0000000000000  300.0000000000000 -60.00000000000000  0.000000000000000  0.000000000000000 -.1651582481887459E-009 -.2861773651385846E-008 -.4111338491874506E-009
 400.0000000000000  400.0000000000000 -60.00000000000000  0.000000000000000  0.000000000000000 -.2415350142115358E-009 -.3443304974481975E-008 -.5424826143851647E-009
 0.000000000000000  0.000000000000000 -80.00000000000000  0.000000000000000  0.000000000000000 0.2489631001356685E-009 0.1619711059719364E-008 0.1338680832851935E-009
 0.000000000000000  100.0000000000000 -80.00000000000000  0.000000000000000  0.000000000000000 0.1723603204606405E-009 0.1039079516873542E-008 0.2597838610896019E-011
 0.000000000000000  200.0000000000000 -80.00000000000000  0.000000000000000  0.000000000000000 0.9580816695553551E-010 0.4583095292165495E-009 -.1286920014997861E-009
 0.000000000000000  300.0000000000000 -80.00000000000000  0.000000000000000  0.000000000000000 0.1930672288708024E-010 -.1225989032516139E-009 -.2600015203135797E-009
 0.000000000000000  400.0000000000000 -80.00000000000000  0.000000000000000  0.000000000000000 -.5714403950030089E-010 -.7036458082865238E-009 -.3913306900749092E-009
 100.0000000000000  0.000000000000000 -80.00000000000000  0.000000000000000  0.000000000000000 0.1924543857612093E-009 0.9213521334761055E-009 0.9699593905843074E-010
 100.0000000000000  100.0000000000000 -80.00000000000000  0.000000000000000  0.000000000000000 0.1158730333905567E-009 0.3406040449682735E-009 -.3427913508602387E-010
 100.0000000000000  200.0000000000000 -80.00000000000000  0.000000000000000  0.000000000000000 0.3934230718982690E-010 -.2402825438618805E-009 -.1655738324224387E-009
 100.0000000000000  300.0000000000000 -80.00000000000000  0.000000000000000  0.000000000000000 -.3713770957425311E-010 -.8213075775032053E-009 -.2968881251952382E-009
 100.0000000000000  400.0000000000000 -80.00000000000000  0.000000000000000  0.000000000000000 -.1135670724128346E-009 -.1402471055955701E-008 -.4282221244267248E-009
 200.0000000000000  0.000000000000000 -80.00000000000000  0.000000000000000  0.000000000000000 0.1359468093653504E-009 0.2230034490402488E-009 0.6012204623040418E-010
 200.0000000000000  100.0000000000000 -80.00000000000000  0.000000000000000  0.000000000000000 0.5938682878792179E-010 -.3578612406407444E-009 -.7115780187305631E-010
 200.0000000000000  200.0000000000000 -80.00000000000000  0.000000000000000  0.000000000000000 -.1712244235285709E-010 -.9388644028884841E-009 -.2024573009240527E-009
 200.0000000000000  300.0000000000000 -80.00000000000000  0.000000000000000  0.000000000000000 -.9358103181256183E-010 -.1520005954436243E-008 -.3337764786781605E-009
 200.0000000000000  400.0000000000000 -80.00000000000000  0.000000000000000  0.000000000000000 -.1699889673467680E-009 -.2101286034061900E-008 -.4651152241130774E-009
 300.0000000000000  0.000000000000000 -80.00000000000000  0.000000000000000  0.000000000000000 0.7944037094809175E-010 -.4753349935882056E-009 0.2324651582341630E-010
 300.0000000000000  100.0000000000000 -80.00000000000000  0.000000000000000  0.000000000000000 0.2901817675038387E-011 -.1056316256686785E-008 -.1080381617502013E-009
 300.0000000000000  200.0000000000000 -80.00000000000000  0.000000000000000  0.000000000000000 -.7358602616136523E-010 -.1637435964596534E-008 -.2393425180269304E-009
 300.0000000000000  300.0000000000000 -80.00000000000000  0.000000000000000  0.000000000000000 -.1500231883166947E-009 -.2218694145073030E-008 -.3706664697400441E-009
 300.0000000000000  400.0000000000000 -80.00000000000000  0.000000000000000  0.000000000000000 -.2264096965465257E-009 -.2800090770360697E-008 -.5020101001562693E-009
 400.0000000000000  0.000000000000000 -80.00000000000000  0.000000000000000  0.000000000000000 0.2293507050943333E-010 -.1173663222164834E-008 -.1363073542925974E-010
 400.0000000000000  100.0000000000000 -80.00000000000000  0.000000000000000  0.000000000000000 -.5358205545924477E-010 -.1754761058680998E-008 -.1449202702286101E-009
 400.0000000000000  200.0000000000000 -80.00000000000000  0.000000000000000  0.000000000000000 -.1300484719912731E-009 -.2335997340008333E-008 -.2762294004643451E-009
 400.0000000000000  300.0000000000000 -80.00000000000000  0.000000000000000  0.000000000000000 -.2064642345978029E-009 -.2917372066146839E-008 -.4075582094031915E-009
 400.0000000000000  400.0000000000000 -80.00000000000000  0.000000000000000  0.000000000000000 -.2828293155232586E-009 -.3498885264852092E-008 -.5389066137784226E-009
