 SGx1               SGx2               SGy1               SGy2               spin_ref          spin_x                  spin_y                  spin_z
 0.000000000000000  0.000000000000000  0.000000000000000  0.000000000000000  0.000000000000000 0.5428748284241891E-009 -.3948673610310038E-008 0.3225689160224476E-010
 0.000000000000000 0.1000000000000000E-002  0.000000000000000  0.000000000000000  0.000000000000000 0.7968287141224550E-010 -.3603749243463739E-008 0.1829494888916372E-010
 0.000000000000000 0.2000000000000000E-002  0.000000000000000  0.000000000000000  0.000000000000000 -.3835526340978390E-009 -.3258818159768140E-008 0.4332506575721595E-011
 0.000000000000000 0.3000000000000000E-002  0.000000000000000  0.000000000000000  0.000000000000000 -.8468316881060645E-009 -.2913880386978818E-008 -.9630407582505995E-011
 0.000000000000000 0.4000000000000000E-002  0.000000000000000  0.000000000000000  0.000000000000000 -.1310154290612431E-008 -.2568935952851348E-008 -.2359379358551905E-010
0.1000000000000000E-002  0.000000000000000  0.000000000000000  0.000000000000000  0.000000000000000 0.8013914531979083E-010 -.3946363014151189E-008 0.2849523395020981E-010
0.1000000000000000E-002 0.1000000000000000E-002  0.000000000000000  0.000000000000000  0.000000000000000 -.3830775696656019E-009 -.3601432763122858E-008 0.1453315245925069E-010
0.1000000000000000E-002 0.2000000000000000E-002  0.000000000000000  0.000000000000000  0.000000000000000 -.8463377776379843E-009 -.3256495795245229E-008 0.5705991235060992E-012
0.1000000000000000E-002 0.3000000000000000E-002  0.000000000000000  0.000000000000000  0.000000000000000 -.1309641561864083E-008 -.2911552193785027E-008 -.1339245381259957E-010
0.1000000000000000E-002 0.4000000000000000E-002  0.000000000000000  0.000000000000000  0.000000000000000 -.1772988866832748E-008 -.2566601875475527E-008 -.2735597859349070E-010
0.2000000000000000E-002  0.000000000000000  0.000000000000000  0.000000000000000  0.000000000000000 -.3826021999220330E-009 -.3944051668591797E-008 0.2473354854259924E-010
0.2000000000000000E-002 0.1000000000000000E-002  0.000000000000000  0.000000000000000  0.000000000000000 -.8458436173697237E-009 -.3599115561137012E-008 0.1077132827376204E-010
0.2000000000000000E-002 0.2000000000000000E-002  0.000000000000000  0.000000000000000  0.000000000000000 -.1309128555559980E-008 -.3254172736832928E-008 -.3191363839860628E-011
0.2000000000000000E-002 0.3000000000000000E-002  0.000000000000000  0.000000000000000  0.000000000000000 -.1772457042248377E-008 -.2909223278946271E-008 -.1715452779826876E-010
0.2000000000000000E-002 0.4000000000000000E-002  0.000000000000000  0.000000000000000  0.000000000000000 -.2235829077434914E-008 -.2564267076454740E-008 -.3111819135703797E-010
0.3000000000000000E-002  0.000000000000000  0.000000000000000  0.000000000000000  0.000000000000000 -.8453492073012825E-009 -.3941739629143015E-008 0.2097183537941305E-010
0.3000000000000000E-002 0.1000000000000000E-002  0.000000000000000  0.000000000000000  0.000000000000000 -.1308615354966847E-008 -.3596797665261775E-008 0.7009476332697773E-011
0.3000000000000000E-002 0.2000000000000000E-002  0.000000000000000  0.000000000000000  0.000000000000000 -.1771924995619401E-008 -.3251849012286812E-008 -.6953326803227355E-011
0.3000000000000000E-002 0.3000000000000000E-002  0.000000000000000  0.000000000000000  0.000000000000000 -.2235278212525671E-008 -.2906893642462549E-008 -.2091665729508918E-010
0.3000000000000000E-002 0.4000000000000000E-002  0.000000000000000  0.000000000000000  0.000000000000000 -.2698674950174507E-008 -.2561931583544563E-008 -.3488045963173647E-010
0.4000000000000000E-002  0.000000000000000  0.000000000000000  0.000000000000000  0.000000000000000 -.1308101849062382E-008 -.3939426895804843E-008 0.1721006670507563E-010
0.4000000000000000E-002 0.1000000000000000E-002  0.000000000000000  0.000000000000000  0.000000000000000 -.1771392726945820E-008 -.3594479047741572E-008 0.3247596636057892E-011
0.4000000000000000E-002 0.2000000000000000E-002  0.000000000000000  0.000000000000000  0.000000000000000 -.2234727097816247E-008 -.3249524538340154E-008 -.1071534527774531E-010
0.4000000000000000E-002 0.3000000000000000E-002  0.000000000000000  0.000000000000000  0.000000000000000 -.2698105017184815E-008 -.2904563284333861E-008 -.2467881454748522E-010
0.4000000000000000E-002 0.4000000000000000E-002  0.000000000000000  0.000000000000000  0.000000000000000 -.3161526485051525E-008 -.2559595368989420E-008 -.3864272790643497E-010
 0.000000000000000  0.000000000000000 -.2000000000000000E-002  0.000000000000000  0.000000000000000 0.5720194318215022E-009 -.7069422436334349E-008 0.3707570361832779E-010
 0.000000000000000 0.1000000000000000E-002 -.2000000000000000E-002  0.000000000000000  0.000000000000000 0.1087840373337201E-009 -.6724393347701252E-008 0.2311389968312483E-010
 0.000000000000000 0.2000000000000000E-002 -.2000000000000000E-002  0.000000000000000  0.000000000000000 -.3544949056522029E-009 -.6379357542218855E-008 0.9151651658712012E-011
 0.000000000000000 0.3000000000000000E-002 -.2000000000000000E-002  0.000000000000000  0.000000000000000 -.8178173693806912E-009 -.6034315075398311E-008 -.4811123721637500E-011
 0.000000000000000 0.4000000000000000E-002 -.2000000000000000E-002  0.000000000000000  0.000000000000000 -.1281183326096169E-008 -.5689265891728468E-008 -.1877434319119686E-010
0.1000000000000000E-002  0.000000000000000 -.2000000000000000E-002  0.000000000000000  0.000000000000000 0.1092404500191435E-009 -.7067102708591122E-008 0.3331407372186845E-010
0.1000000000000000E-002 0.1000000000000000E-002 -.2000000000000000E-002  0.000000000000000  0.000000000000000 -.3540196469309365E-009 -.6722067735775994E-008 0.1935215876436303E-010
0.1000000000000000E-002 0.2000000000000000E-002 -.2000000000000000E-002  0.000000000000000  0.000000000000000 -.8173232923791574E-009 -.6377026073867142E-008 0.5389771962072132E-011
0.1000000000000000E-002 0.3000000000000000E-002 -.2000000000000000E-002  0.000000000000000  0.000000000000000 -.1280670486325519E-008 -.6031977750620143E-008 -.8573114440579843E-011
0.1000000000000000E-002 0.4000000000000000E-002 -.2000000000000000E-002  0.000000000000000  0.000000000000000 -.1744061173258871E-008 -.5686922710523845E-008 -.2253647268801728E-010
0.2000000000000000E-002  0.000000000000000 -.2000000000000000E-002  0.000000000000000  0.000000000000000 -.3535441661650651E-009 -.7064782259202929E-008 0.2955244382540911E-010
0.2000000000000000E-002 0.1000000000000000E-002 -.2000000000000000E-002  0.000000000000000  0.000000000000000 -.8168289655774430E-009 -.6719741429961346E-008 0.1559039009002561E-010
0.2000000000000000E-002 0.2000000000000000E-002 -.2000000000000000E-002  0.000000000000000  0.000000000000000 -.1280157341243537E-008 -.6374693911626039E-008 0.1627864509856636E-011
0.2000000000000000E-002 0.3000000000000000E-002 -.2000000000000000E-002  0.000000000000000  0.000000000000000 -.1743529265407773E-008 -.6029639704197010E-008 -.1233516067067342E-010
0.2000000000000000E-002 0.4000000000000000E-002 -.2000000000000000E-002  0.000000000000000  0.000000000000000 -.2206944710314573E-008 -.5684578779918681E-008 -.2629865769598894E-010
0.3000000000000000E-002  0.000000000000000 -.2000000000000000E-002  0.000000000000000  0.000000000000000 -.8163344444866993E-009 -.7062461088169769E-008 0.2579075841779854E-010
0.3000000000000000E-002 0.1000000000000000E-002 -.2000000000000000E-002  0.000000000000000  0.000000000000000 -.1279643974116951E-008 -.6717414402501731E-008 0.1182856590453696E-010
0.3000000000000000E-002 0.2000000000000000E-002 -.2000000000000000E-002  0.000000000000000  0.000000000000000 -.1742997052245343E-008 -.6372361027739970E-008 -.2134098453510092E-011
0.3000000000000000E-002 0.3000000000000000E-002 -.2000000000000000E-002  0.000000000000000  0.000000000000000 -.2206393678871876E-008 -.6027300963884485E-008 -.1609723465634261E-010
0.3000000000000000E-002 0.4000000000000000E-002 -.2000000000000000E-002  0.000000000000000  0.000000000000000 -.2669833853996550E-008 -.5682234183179702E-008 -.3006087045953620E-010
0.4000000000000000E-002  0.000000000000000 -.2000000000000000E-002  0.000000000000000  0.000000000000000 -.1279130384945759E-008 -.7060139223247219E-008 0.2202904525461236E-010
0.4000000000000000E-002 0.1000000000000000E-002 -.2000000000000000E-002  0.000000000000000  0.000000000000000 -.1742464644793884E-008 -.6715086708908302E-008 0.8066741719048309E-011
0.4000000000000000E-002 0.2000000000000000E-002 -.2000000000000000E-002  0.000000000000000  0.000000000000000 -.2205842425384574E-008 -.6370027449964510E-008 -.5896061416876819E-011
0.4000000000000000E-002 0.3000000000000000E-002 -.2000000000000000E-002  0.000000000000000  0.000000000000000 -.2669263782228981E-008 -.6024961501926995E-008 -.1985936415316303E-010
0.4000000000000000E-002 0.4000000000000000E-002 -.2000000000000000E-002  0.000000000000000  0.000000000000000 -.3132728659815953E-008 -.5679888864795757E-008 -.3382311097865909E-010
 0.000000000000000  0.000000000000000 -.4000000000000000E-002  0.000000000000000  0.000000000000000 0.6011692532670310E-009 -.1019155937420635E-007 0.4189446012325959E-010
 0.000000000000000 0.1000000000000000E-002 -.4000000000000000E-002  0.000000000000000  0.000000000000000 0.1378904490589861E-009 -.9846425536030878E-008 0.2793282272151032E-010
 0.000000000000000 0.2000000000000000E-002 -.4000000000000000E-002  0.000000000000000  0.000000000000000 -.3254319036471998E-009 -.9501285036517260E-008 0.1397071347497558E-010
 0.000000000000000 0.3000000000000000E-002 -.4000000000000000E-002  0.000000000000000  0.000000000000000 -.7887978048515265E-009 -.9156137847909918E-008 0.8132383655379272E-014
 0.000000000000000 0.4000000000000000E-002 -.4000000000000000E-002  0.000000000000000  0.000000000000000 -.1252207171287267E-008 -.8810983942453277E-008 -.1395494830802591E-010
0.1000000000000000E-002  0.000000000000000 -.4000000000000000E-002  0.000000000000000  0.000000000000000 0.1383470282778632E-009 -.1018923051487874E-007 0.3813288573795148E-010
0.1000000000000000E-002 0.1000000000000000E-002 -.4000000000000000E-002  0.000000000000000  0.000000000000000 -.3249565061480553E-009 -.9844090820276818E-008 0.2417113731389975E-010
0.1000000000000000E-002 0.2000000000000000E-002 -.4000000000000000E-002  0.000000000000000  0.000000000000000 -.7883035890721146E-009 -.9498944464336745E-008 0.1020888928948693E-010
0.1000000000000000E-002 0.3000000000000000E-002 -.4000000000000000E-002  0.000000000000000  0.000000000000000 -.1251694192738739E-008 -.9153791391547372E-008 -.3753830579711348E-011
0.1000000000000000E-002 0.4000000000000000E-002 -.4000000000000000E-002  0.000000000000000  0.000000000000000 -.1715128289392354E-008 -.8808631629664276E-008 -.1771702229369509E-010
0.2000000000000000E-002  0.000000000000000 -.4000000000000000E-002  0.000000000000000  0.000000000000000 -.3244808866043059E-009 -.1018690093390617E-007 0.3437128359706776E-010
0.2000000000000000E-002 0.1000000000000000E-002 -.4000000000000000E-002  0.000000000000000  0.000000000000000 -.7878091234925222E-009 -.9841755382877793E-008 0.2040939639513795E-010
0.2000000000000000E-002 0.2000000000000000E-002 -.4000000000000000E-002  0.000000000000000  0.000000000000000 -.1251180908878879E-008 -.9496603170511264E-008 0.6447009592847053E-011
0.2000000000000000E-002 0.3000000000000000E-002 -.4000000000000000E-002  0.000000000000000  0.000000000000000 -.1714596242763378E-008 -.9151444241295437E-008 -.7515821298653691E-011
0.2000000000000000E-002 0.4000000000000000E-002 -.4000000000000000E-002  0.000000000000000  0.000000000000000 -.2178055069634866E-008 -.8806278622985886E-008 -.2147917954609113E-010
0.3000000000000000E-002  0.000000000000000 -.4000000000000000E-002  0.000000000000000  0.000000000000000 -.7873144358683248E-009 -.1018457065904421E-007 0.3060965370060842E-010
0.3000000000000000E-002 0.1000000000000000E-002 -.4000000000000000E-002  0.000000000000000  0.000000000000000 -.1250667402974415E-008 -.9839419279344952E-008 0.1664762772080053E-010
0.3000000000000000E-002 0.2000000000000000E-002 -.4000000000000000E-002  0.000000000000000  0.000000000000000 -.1714063890823070E-008 -.9494261182796393E-008 0.2685129896207172E-011
0.3000000000000000E-002 0.3000000000000000E-002 -.4000000000000000E-002  0.000000000000000  0.000000000000000 -.2177503954925442E-008 -.9149096369398535E-008 -.1127786752874727E-010
0.3000000000000000E-002 0.4000000000000000E-002 -.4000000000000000E-002  0.000000000000000  0.000000000000000 -.2640987484259227E-008 -.8803924922418105E-008 -.2524133679848717E-010
0.4000000000000000E-002  0.000000000000000 -.4000000000000000E-002  0.000000000000000  0.000000000000000 -.1250153647269769E-008 -.1018223969029286E-007 0.2684796829299785E-010
0.4000000000000000E-002 0.1000000000000000E-002 -.4000000000000000E-002  0.000000000000000  0.000000000000000 -.1713531316838157E-008 -.9837082426411570E-008 0.1288583129088750E-010
0.4000000000000000E-002 0.2000000000000000E-002 -.4000000000000000E-002  0.000000000000000  0.000000000000000 -.2176952534904686E-008 -.9491918473436556E-008 -.1076805311583939E-011
0.4000000000000000E-002 0.3000000000000000E-002 -.4000000000000000E-002  0.000000000000000  0.000000000000000 -.2640417301469355E-008 -.9146747803612243E-008 -.1503994151441645E-010
0.4000000000000000E-002 0.4000000000000000E-002 -.4000000000000000E-002  0.000000000000000  0.000000000000000 -.3103925561021015E-008 -.8801570472449782E-008 -.2900352180645882E-010
 0.000000000000000  0.000000000000000 -.6000000000000000E-002  0.000000000000000  0.000000000000000 0.6303242927607755E-009 -.1331508439617046E-007 0.4671316111704016E-010
 0.000000000000000 0.1000000000000000E-002 -.6000000000000000E-002  0.000000000000000  0.000000000000000 0.1670020788324678E-009 -.1296984586396377E-007 0.3275169024874458E-010
 0.000000000000000 0.2000000000000000E-002 -.6000000000000000E-002  0.000000000000000  0.000000000000000 -.2963637113495565E-009 -.1262460064266335E-007 0.1878974753566354E-010
 0.000000000000000 0.3000000000000000E-002 -.6000000000000000E-002  0.000000000000000  0.000000000000000 -.7597729667629949E-009 -.1227934873226921E-007 0.4827332977797028E-011
 0.000000000000000 0.4000000000000000E-002 -.6000000000000000E-002  0.000000000000000  0.000000000000000 -.1223225798430150E-008 -.1193409013278135E-007 -.9135581180430563E-011
0.1000000000000000E-002  0.000000000000000 -.6000000000000000E-002  0.000000000000000  0.000000000000000 0.1674587968292229E-009 -.1331274640525848E-007 0.4295164224288328E-010
0.1000000000000000E-002 0.1000000000000000E-002 -.6000000000000000E-002  0.000000000000000  0.000000000000000 -.2958881750725340E-009 -.1296750201662533E-007 0.2899003259670963E-010
0.1000000000000000E-002 0.2000000000000000E-002 -.6000000000000000E-002  0.000000000000000  0.000000000000000 -.7592786399612805E-009 -.1262225096665404E-007 0.1502797886132612E-010
0.1000000000000000E-002 0.3000000000000000E-002 -.6000000000000000E-002  0.000000000000000  0.000000000000000 -.1222712653348168E-008 -.1227699317207787E-007 0.1065397770005916E-011
0.1000000000000000E-002 0.4000000000000000E-002 -.6000000000000000E-002  0.000000000000000  0.000000000000000 -.1686190187477621E-008 -.1193172868840797E-007 -.1289762741052414E-010
0.2000000000000000E-002  0.000000000000000 -.6000000000000000E-002  0.000000000000000  0.000000000000000 -.2954123889953308E-009 -.1331040774821268E-007 0.3919006785757517E-010
0.2000000000000000E-002 0.1000000000000000E-002 -.6000000000000000E-002  0.000000000000000  0.000000000000000 -.7587840633593856E-009 -.1296515750315308E-007 0.2522834718909905E-010
0.2000000000000000E-002 0.2000000000000000E-002 -.6000000000000000E-002  0.000000000000000  0.000000000000000 -.1222199258466006E-008 -.1261990054124418E-007 0.1126615467583747E-010
0.2000000000000000E-002 0.3000000000000000E-002 -.6000000000000000E-002  0.000000000000000  0.000000000000000 -.1685657974315191E-008 -.1227463689024155E-007 -.2696537437785196E-011
0.2000000000000000E-002 0.4000000000000000E-002 -.6000000000000000E-002  0.000000000000000  0.000000000000000 -.2149160238662517E-008 -.1192936657790078E-007 -.1665972915176894E-010
0.3000000000000000E-002  0.000000000000000 -.6000000000000000E-002  0.000000000000000  0.000000000000000 -.7582892092017346E-009 -.1330806834176634E-007 0.3542849347226706E-010
0.3000000000000000E-002 0.1000000000000000E-002 -.6000000000000000E-002  0.000000000000000  0.000000000000000 -.1221685586028087E-008 -.1296281224028029E-007 0.2146663402591287E-010
0.3000000000000000E-002 0.2000000000000000E-002 -.6000000000000000E-002  0.000000000000000  0.000000000000000 -.1685125511352581E-008 -.1261754942194493E-007 0.7504302734773205E-011
0.3000000000000000E-002 0.3000000000000000E-002 -.6000000000000000E-002  0.000000000000000  0.000000000000000 -.2148608957419640E-008 -.1227227991451585E-007 -.6458528156727539E-011
0.3000000000000000E-002 0.4000000000000000E-002 -.6000000000000000E-002  0.000000000000000  0.000000000000000 -.2612135924229264E-008 -.1192700371799305E-007 -.2042185864858936E-010
0.4000000000000000E-002  0.000000000000000 -.6000000000000000E-002  0.000000000000000  0.000000000000000 -.1221171691545564E-008 -.1330572826918619E-007 0.3166686357580772E-010
0.4000000000000000E-002 0.1000000000000000E-002 -.6000000000000000E-002  0.000000000000000  0.000000000000000 -.1684592798589790E-008 -.1296046628351810E-007 0.1770486535157545E-010
0.4000000000000000E-002 0.2000000000000000E-002 -.6000000000000000E-002  0.000000000000000  0.000000000000000 -.2148057426376582E-008 -.1261519758100071E-007 0.3742395282557709E-011
0.4000000000000000E-002 0.3000000000000000E-002 -.6000000000000000E-002  0.000000000000000  0.000000000000000 -.2611565602661514E-008 -.1226992224490076E-007 -.1022057438682111E-010
0.4000000000000000E-002 0.4000000000000000E-002 -.6000000000000000E-002  0.000000000000000  0.000000000000000 -.3075117271933436E-008 -.1192464016419592E-007 -.2418398814540978E-010
 0.000000000000000  0.000000000000000 -.8000000000000000E-002  0.000000000000000  0.000000000000000 0.6594845780583114E-009 -.1643999752998226E-007 0.5153183435524511E-010
 0.000000000000000 0.1000000000000000E-002 -.8000000000000000E-002  0.000000000000000  0.000000000000000 0.1961189266541652E-009 -.1609465427598877E-007 0.3757053002040323E-010
 0.000000000000000 0.2000000000000000E-002 -.8000000000000000E-002  0.000000000000000  0.000000000000000 -.2672902454925463E-009 -.1574930436065713E-007 0.2360875384077588E-010
 0.000000000000000 0.3000000000000000E-002 -.8000000000000000E-002  0.000000000000000  0.000000000000000 -.7307429383818231E-009 -.1540394772847620E-007 0.9646478060787445E-011
 0.000000000000000 0.4000000000000000E-002 -.8000000000000000E-002  0.000000000000000  0.000000000000000 -.1194239207524816E-008 -.1505858440720154E-007 -.4316269563986452E-011
0.1000000000000000E-002  0.000000000000000 -.8000000000000000E-002  0.000000000000000  0.000000000000000 0.1965757834287984E-009 -.1643765043524148E-007 0.4777034323666385E-010
0.1000000000000000E-002 0.1000000000000000E-002 -.8000000000000000E-002  0.000000000000000  0.000000000000000 -.2668145981932213E-009 -.1609230132482153E-007 0.3380892787951950E-010
0.1000000000000000E-002 0.2000000000000000E-002 -.8000000000000000E-002  0.000000000000000  0.000000000000000 -.7302485005578063E-009 -.1574694555306344E-007 0.1984701292201407E-010
0.1000000000000000E-002 0.3000000000000000E-002 -.8000000000000000E-002  0.000000000000000  0.000000000000000 -.1193725895909381E-008 -.1540158303670047E-007 0.5884598364147564E-011
0.1000000000000000E-002 0.4000000000000000E-002 -.8000000000000000E-002  0.000000000000000  0.000000000000000 -.1657246867514672E-008 -.1505621388675493E-007 -.8078260282928795E-011
0.2000000000000000E-002  0.000000000000000 -.8000000000000000E-002  0.000000000000000  0.000000000000000 -.2663386455825645E-009 -.1643530264661131E-007 0.4400882436250697E-010
0.2000000000000000E-002 0.1000000000000000E-002 -.8000000000000000E-002  0.000000000000000  0.000000000000000 -.7297537574224577E-009 -.1608994767976490E-007 0.3004727022748455E-010
0.2000000000000000E-002 0.2000000000000000E-002 -.8000000000000000E-002  0.000000000000000  0.000000000000000 -.1193212362249341E-008 -.1574458602382478E-007 0.1608521649210104E-010
0.2000000000000000E-002 0.3000000000000000E-002 -.8000000000000000E-002  0.000000000000000  0.000000000000000 -.1656714487818789E-008 -.1539921765103536E-007 0.2122690911932068E-011
0.2000000000000000E-002 0.4000000000000000E-002 -.8000000000000000E-002  0.000000000000000  0.000000000000000 -.2120260161886378E-008 -.1505384261690779E-007 -.1184030651302237E-010
0.3000000000000000E-002  0.000000000000000 -.8000000000000000E-002  0.000000000000000  0.000000000000000 -.7292587644869286E-009 -.1643295413633616E-007 0.4024727773277448E-010
0.3000000000000000E-002 0.1000000000000000E-002 -.8000000000000000E-002  0.000000000000000  0.000000000000000 -.1192698551033544E-008 -.1608759331306331E-007 0.2628558481987397E-010
0.3000000000000000E-002 0.2000000000000000E-002 -.8000000000000000E-002  0.000000000000000  0.000000000000000 -.1656181886078301E-008 -.1574222577294115E-007 0.1232342006218801E-010
0.3000000000000000E-002 0.3000000000000000E-002 -.8000000000000000E-002  0.000000000000000  0.000000000000000 -.2119708741865622E-008 -.1539685157148085E-007 -.1639244295859044E-011
0.3000000000000000E-002 0.4000000000000000E-002 -.8000000000000000E-002  0.000000000000000  0.000000000000000 -.2583279146151085E-008 -.1505147065317125E-007 -.1560240825426717E-010
0.4000000000000000E-002  0.000000000000000 -.8000000000000000E-002  0.000000000000000  0.000000000000000 -.1192184517773143E-008 -.1643060493217163E-007 0.3648570334746637E-010
0.4000000000000000E-002 0.1000000000000000E-002 -.8000000000000000E-002  0.000000000000000  0.000000000000000 -.1655649034537632E-008 -.1608523822471675E-007 0.2252387165668779E-010
0.4000000000000000E-002 0.2000000000000000E-002 -.8000000000000000E-002  0.000000000000000  0.000000000000000 -.2119157099800262E-008 -.1573986482816814E-007 0.8561568121123742E-011
0.4000000000000000E-002 0.3000000000000000E-002 -.8000000000000000E-002  0.000000000000000  0.000000000000000 -.2582708658049881E-008 -.1539448477028138E-007 -.5401207259225771E-011
0.4000000000000000E-002 0.4000000000000000E-002 -.8000000000000000E-002  0.000000000000000  0.000000000000000 -.3046303764797642E-008 -.1504909796778975E-007 -.1936450999551198E-010
