 SGx1               SGx2               SGy1               SGy2               spin_ref          spin_x                  spin_y                  spin_z
 0.000000000000000  0.000000000000000  0.000000000000000  0.000000000000000  0.000000000000000 0.5428749672020672E-009 -.3948674776044214E-008 0.3225320011068789E-010
 0.000000000000000  50.00000000000000  0.000000000000000  0.000000000000000  0.000000000000000 0.3791997549296156E-009 -.3838162898617270E-008 0.2734523718572746E-010
 0.000000000000000  100.0000000000000  0.000000000000000  0.000000000000000  0.000000000000000 0.2155202127873679E-009 -.3727650355056511E-008 0.2243721874961579E-010
 0.000000000000000  150.0000000000000  0.000000000000000  0.000000000000000  0.000000000000000 0.5183634077532417E-010 -.3617137173117513E-008 0.1752914480235290E-010
 0.000000000000000  200.0000000000000  0.000000000000000  0.000000000000000  0.000000000000000 -.1118518888620912E-009 -.3506623352800275E-008 0.1262101534393878E-010
 50.00000000000000  0.000000000000000  0.000000000000000  0.000000000000000  0.000000000000000 0.3793917124905732E-009 -.3951488053433039E-008 0.3093186817793026E-010
 50.00000000000000  50.00000000000000  0.000000000000000  0.000000000000000  0.000000000000000 0.2157139467051650E-009 -.3840975565383431E-008 0.2602390525296983E-010
 50.00000000000000  100.0000000000000  0.000000000000000  0.000000000000000  0.000000000000000 0.5203190656111190E-010 -.3730462411200008E-008 0.2111588681685816E-010
 50.00000000000000  150.0000000000000  0.000000000000000  0.000000000000000  0.000000000000000 -.1116545189638884E-009 -.3619948646393922E-008 0.1620778511401966E-010
 50.00000000000000  200.0000000000000  0.000000000000000  0.000000000000000  0.000000000000000 -.2753452188475336E-009 -.3509434215454021E-008 0.1129962790002992E-010
 100.0000000000000  0.000000000000000  0.000000000000000  0.000000000000000  0.000000000000000 0.2159077361341133E-009 -.3954301247555136E-008 0.2961053624517263E-010
 100.0000000000000  50.00000000000000  0.000000000000000  0.000000000000000  0.000000000000000 0.5222750010247523E-010 -.3843788148882865E-008 0.2470257332021220E-010
 100.0000000000000  100.0000000000000  0.000000000000000  0.000000000000000  0.000000000000000 -.1114571213101101E-009 -.3733274411832355E-008 0.1979452712852492E-010
 100.0000000000000  150.0000000000000  0.000000000000000  0.000000000000000  0.000000000000000 -.2751460170813402E-009 -.3622760036403605E-008 0.1488642542568641E-010
 100.0000000000000  200.0000000000000  0.000000000000000  0.000000000000000  0.000000000000000 -.4388392982335176E-009 -.3512245022596616E-008 0.9978240456121057E-011
 150.0000000000000  0.000000000000000  0.000000000000000  0.000000000000000  0.000000000000000 0.5242309364383857E-010 -.3957114358410507E-008 0.2828920431241500E-010
 150.0000000000000  50.00000000000000  0.000000000000000  0.000000000000000  0.000000000000000 -.1112596681451805E-009 -.3846600649115572E-008 0.2338124138745457E-010
 150.0000000000000  100.0000000000000  0.000000000000000  0.000000000000000  0.000000000000000 -.2749468153151469E-009 -.3736086301442398E-008 0.1847316744019167E-010
 150.0000000000000  150.0000000000000  0.000000000000000  0.000000000000000  0.000000000000000 -.4386382368437580E-009 -.3625571315390985E-008 0.1356503798177755E-010
 150.0000000000000  200.0000000000000  0.000000000000000  0.000000000000000  0.000000000000000 -.6023340159977408E-009 -.3515055718716908E-008 0.8656853012212196E-011
 200.0000000000000  0.000000000000000  0.000000000000000  0.000000000000000  0.000000000000000 -.1110622149802509E-009 -.3959927358243576E-008 0.2696790013523298E-010
 200.0000000000000  50.00000000000000  0.000000000000000  0.000000000000000  0.000000000000000 -.2747475580378023E-009 -.3849413066081553E-008 0.2205990945469694E-010
 200.0000000000000  100.0000000000000  0.000000000000000  0.000000000000000  0.000000000000000 -.4384371754539984E-009 -.3738898107785715E-008 0.1715180775185843E-010
 200.0000000000000  150.0000000000000  0.000000000000000  0.000000000000000  0.000000000000000 -.6021311504955662E-009 -.3628382566622790E-008 0.1224367829344430E-010
 200.0000000000000  200.0000000000000  0.000000000000000  0.000000000000000  0.000000000000000 -.7658294276513544E-009 -.3517866303814898E-008 0.7335465568303334E-011
 0.000000000000000  0.000000000000000 -50.00000000000000  0.000000000000000  0.000000000000000 0.5455064455706093E-009 -.4484642879276635E-008 0.3300676398865221E-010
 0.000000000000000  50.00000000000000 -50.00000000000000  0.000000000000000  0.000000000000000 0.3818289573409572E-009 -.4374125450734567E-008 0.2809880106369178E-010
 0.000000000000000  100.0000000000000 -50.00000000000000  0.000000000000000  0.000000000000000 0.2181471114859335E-009 -.4263607328303110E-008 0.2319081038315574E-010
 0.000000000000000  150.0000000000000 -50.00000000000000  0.000000000000000  0.000000000000000 0.5446096351668928E-010 -.4153088623004564E-008 0.1828273643589284E-010
 0.000000000000000  200.0000000000000 -50.00000000000000  0.000000000000000  0.000000000000000 -.1092295143223510E-009 -.4042569223816628E-008 0.1337463473305434E-010
 50.00000000000000  0.000000000000000 -50.00000000000000  0.000000000000000  0.000000000000000 0.3820209426574905E-009 -.4487455906865279E-008 0.3168545981147020E-010
 50.00000000000000  50.00000000000000 -50.00000000000000  0.000000000000000  0.000000000000000 0.2183409286704574E-009 -.4376937867700548E-008 0.2677749688650977E-010
 50.00000000000000  100.0000000000000 -50.00000000000000  0.000000000000000  0.000000000000000 0.5465655705805261E-010 -.4266419162402002E-008 0.2186945069482249E-010
 50.00000000000000  150.0000000000000 -50.00000000000000  0.000000000000000  0.000000000000000 -.1090320889129970E-009 -.4155899846480793E-008 0.1696137674755960E-010
 50.00000000000000  200.0000000000000 -50.00000000000000  0.000000000000000  0.000000000000000 -.2727251202649938E-009 -.4045379864425769E-008 0.1205324728914547E-010
 100.0000000000000  0.000000000000000 -50.00000000000000  0.000000000000000  0.000000000000000 0.2185347736105570E-009 -.4490268906698347E-008 0.3036412787871257E-010
 100.0000000000000  50.00000000000000 -50.00000000000000  0.000000000000000  0.000000000000000 0.5485220611056718E-010 -.4379750229155377E-008 0.2545616495375214E-010
 100.0000000000000  100.0000000000000 -50.00000000000000  0.000000000000000  0.000000000000000 -.1088346635036430E-009 -.4269230940989743E-008 0.2054811876206486E-010
 100.0000000000000  150.0000000000000 -50.00000000000000  0.000000000000000  0.000000000000000 -.2725258629876492E-009 -.4158710986690295E-008 0.1564001705922635E-010
 100.0000000000000  200.0000000000000 -50.00000000000000  0.000000000000000  0.000000000000000 -.4362213923414515E-009 -.4048190421768183E-008 0.1073188760081223E-010
 150.0000000000000  0.000000000000000 -50.00000000000000  0.000000000000000  0.000000000000000 0.5504788291865736E-010 -.4493081767753537E-008 0.2904282370153055E-010
 150.0000000000000  50.00000000000000 -50.00000000000000  0.000000000000000  0.000000000000000 -.1086371825831378E-009 -.4382562479587904E-008 0.2413480526541889E-010
 150.0000000000000  100.0000000000000 -50.00000000000000  0.000000000000000  0.000000000000000 -.2723265501991534E-009 -.4272042608555182E-008 0.1922675907373161E-010
 150.0000000000000  150.0000000000000 -50.00000000000000  0.000000000000000  0.000000000000000 -.4360203031961163E-009 -.4161522043633070E-008 0.1431862961531749E-010
 150.0000000000000  200.0000000000000 -50.00000000000000  0.000000000000000  0.000000000000000 -.5997183305517240E-009 -.4051000895843870E-008 0.9410472401327752E-011
 200.0000000000000  0.000000000000000 -50.00000000000000  0.000000000000000  0.000000000000000 -.1084396739070570E-009 -.4495894545542001E-008 0.2772149176877292E-010
 200.0000000000000  50.00000000000000 -50.00000000000000  0.000000000000000  0.000000000000000 -.2721272651662332E-009 -.4385374702264855E-008 0.2281347333266126E-010
 200.0000000000000  100.0000000000000 -50.00000000000000  0.000000000000000  0.000000000000000 -.4358191862952054E-009 -.4274854192853894E-008 0.1790539938539837E-010
 200.0000000000000  150.0000000000000 -50.00000000000000  0.000000000000000  0.000000000000000 -.5995154095383981E-009 -.4164333045064694E-008 0.1299726992698425E-010
 200.0000000000000  200.0000000000000 -50.00000000000000  0.000000000000000  0.000000000000000 -.7632159904069624E-009 -.4053811258897255E-008 0.8089084957418891E-011
 0.000000000000000  0.000000000000000 -100.0000000000000  0.000000000000000  0.000000000000000 0.5481379794503027E-009 -.5020650811760063E-008 0.3376032786661654E-010
 0.000000000000000  50.00000000000000 -100.0000000000000  0.000000000000000  0.000000000000000 0.3844581875078745E-009 -.4910127804347297E-008 0.2885239269723172E-010
 0.000000000000000  100.0000000000000 -100.0000000000000  0.000000000000000  0.000000000000000 0.2207740934512259E-009 -.4799604130800716E-008 0.2394437426112006E-010
 0.000000000000000  150.0000000000000 -100.0000000000000  0.000000000000000  0.000000000000000 0.5708564176920561E-010 -.4689079846631472E-008 0.1903635582500840E-010
 0.000000000000000  200.0000000000000 -100.0000000000000  0.000000000000000  0.000000000000000 -.1066071120270351E-009 -.4578554896328413E-008 0.1412822636659428E-010
 50.00000000000000  0.000000000000000 -100.0000000000000  0.000000000000000  0.000000000000000 0.3846502560911347E-009 -.5023463617304103E-008 0.3243902368943452E-010
 50.00000000000000  50.00000000000000 -100.0000000000000  0.000000000000000  0.000000000000000 0.2209679383913254E-009 -.4912939999268673E-008 0.2753106076447409E-010
 50.00000000000000  100.0000000000000 -100.0000000000000  0.000000000000000  0.000000000000000 0.5728131857729579E-010 -.4802415742855004E-008 0.2262304232836243E-010
 50.00000000000000  150.0000000000000 -100.0000000000000  0.000000000000000  0.000000000000000 -.1064096588621055E-009 -.4691890848063096E-008 0.1771499613667515E-010
 50.00000000000000  200.0000000000000 -100.0000000000000  0.000000000000000  0.000000000000000 -.2701049106601516E-009 -.4581365314892949E-008 0.1280686667826103E-010
 100.0000000000000  0.000000000000000 -100.0000000000000  0.000000000000000  0.000000000000000 0.2211618388425762E-009 -.5026276367336990E-008 0.3111769175667689E-010
 100.0000000000000  50.00000000000000 -100.0000000000000  0.000000000000000  0.000000000000000 0.5747702314096159E-010 -.4915752138678897E-008 0.2620972883171646E-010
 100.0000000000000  100.0000000000000 -100.0000000000000  0.000000000000000  0.000000000000000 -.1062121501860247E-009 -.4805227271642565E-008 0.2130168264002918E-010
 100.0000000000000  150.0000000000000 -100.0000000000000  0.000000000000000  0.000000000000000 -.2699056256272314E-009 -.4694701766227993E-008 0.1639363644834191E-010
 100.0000000000000  200.0000000000000 -100.0000000000000  0.000000000000000  0.000000000000000 -.4336034309382342E-009 -.4584175650190758E-008 0.1148547923435217E-010
 150.0000000000000  0.000000000000000 -100.0000000000000  0.000000000000000  0.000000000000000 0.5767272770462739E-010 -.5029088978592000E-008 0.2979638757949488E-010
 150.0000000000000  50.00000000000000 -100.0000000000000  0.000000000000000  0.000000000000000 -.1060146415099439E-009 -.4918564167066819E-008 0.2488839689895883E-010
 150.0000000000000  100.0000000000000 -100.0000000000000  0.000000000000000  0.000000000000000 -.2697062850831600E-009 -.4808038717163399E-008 0.1998035070727155E-010
 150.0000000000000  150.0000000000000 -100.0000000000000  0.000000000000000  0.000000000000000 -.4334023140373233E-009 -.4697512601126164E-008 0.1507222124885743E-010
 150.0000000000000  200.0000000000000 -100.0000000000000  0.000000000000000  0.000000000000000 -.5971026173501315E-009 -.4586985874466265E-008 0.1016409179044331E-010
 200.0000000000000  0.000000000000000 -100.0000000000000  0.000000000000000  0.000000000000000 -.1058170495671362E-009 -.5031901534335859E-008 0.2847505564673725E-010
 200.0000000000000  50.00000000000000 -100.0000000000000  0.000000000000000  0.000000000000000 -.2695069445390885E-009 -.4921376112188014E-008 0.2356706496620120E-010
 200.0000000000000  100.0000000000000 -100.0000000000000  0.000000000000000  0.000000000000000 -.4332011138696856E-009 -.4810850051661930E-008 0.1865899101893831E-010
 200.0000000000000  150.0000000000000 -100.0000000000000  0.000000000000000  0.000000000000000 -.5968996685812300E-009 -.4700323352757607E-008 0.1375086156052419E-010
 200.0000000000000  200.0000000000000 -100.0000000000000  0.000000000000000  0.000000000000000 -.7606024976514192E-009 -.4589796015475045E-008 0.8842704346534447E-011
 0.000000000000000  0.000000000000000 -150.0000000000000  0.000000000000000  0.000000000000000 0.5507695688411474E-009 -.5556698545738925E-008 0.3451389174458086E-010
 0.000000000000000  50.00000000000000 -150.0000000000000  0.000000000000000  0.000000000000000 0.3870875009415187E-009 -.5446169987211036E-008 0.2960595657519605E-010
 0.000000000000000  100.0000000000000 -150.0000000000000  0.000000000000000  0.000000000000000 0.2234011031720939E-009 -.5335640762549332E-008 0.2469799365023562E-010
 0.000000000000000  150.0000000000000 -150.0000000000000  0.000000000000000  0.000000000000000 0.5971040328844879E-010 -.5225110927264964E-008 0.1978991970297272E-010
 0.000000000000000  200.0000000000000 -150.0000000000000  0.000000000000000  0.000000000000000 -.1039846542205680E-009 -.5114580398091206E-008 0.1488181800013422E-010
 50.00000000000000  0.000000000000000 -150.0000000000000  0.000000000000000  0.000000000000000 0.3872796250359301E-009 -.5559511101482784E-008 0.3319255981182323E-010
 50.00000000000000  50.00000000000000 -150.0000000000000  0.000000000000000  0.000000000000000 0.2235950036233447E-009 -.5448981960087806E-008 0.2828462464243842E-010
 50.00000000000000  100.0000000000000 -150.0000000000000  0.000000000000000  0.000000000000000 0.5990610785211459E-010 -.5338452124803439E-008 0.2337663396190237E-010
 50.00000000000000  150.0000000000000 -150.0000000000000  0.000000000000000  0.000000000000000 -.1037871177889116E-009 -.5227921678896408E-008 0.1846858777021509E-010
 50.00000000000000  200.0000000000000 -150.0000000000000  0.000000000000000  0.000000000000000 -.2674847010553094E-009 -.5117390566855562E-008 0.1356045831180097E-010
 100.0000000000000  0.000000000000000 -150.0000000000000  0.000000000000000  0.000000000000000 0.2237889873413224E-009 -.5562323601715491E-008 0.3187125563464122E-010
 100.0000000000000  50.00000000000000 -150.0000000000000  0.000000000000000  0.000000000000000 0.6010186792693162E-010 -.5451793849697850E-008 0.2696329270968079E-010
 100.0000000000000  100.0000000000000 -150.0000000000000  0.000000000000000  0.000000000000000 -.1035895536016795E-009 -.5341263403790819E-008 0.2205530202914474E-010
 100.0000000000000  150.0000000000000 -150.0000000000000  0.000000000000000  0.000000000000000 -.2672853327556624E-009 -.5230732375016700E-008 0.1714722808188185E-010
 100.0000000000000  200.0000000000000 -150.0000000000000  0.000000000000000  0.000000000000000 -.4309854140238656E-009 -.5120200652353191E-008 0.1223907086789211E-010
 150.0000000000000  0.000000000000000 -150.0000000000000  0.000000000000000  0.000000000000000 0.6029762800174865E-010 -.5565136046437047E-008 0.3054995145745920E-010
 150.0000000000000  50.00000000000000 -150.0000000000000  0.000000000000000  0.000000000000000 -.1033919894144475E-009 -.5454605656041167E-008 0.2564196077692316E-010
 150.0000000000000  100.0000000000000 -150.0000000000000  0.000000000000000  0.000000000000000 -.2670859644560153E-009 -.5344074655022624E-008 0.2073391458523588E-010
 150.0000000000000  150.0000000000000 -150.0000000000000  0.000000000000000  0.000000000000000 -.4307842416118035E-009 -.5233542960114690E-008 0.1582584063797299E-010
 150.0000000000000  200.0000000000000 -150.0000000000000  0.000000000000000  0.000000000000000 -.5944868486373878E-009 -.5123010682339668E-008 0.1091768342398325E-010
 200.0000000000000  0.000000000000000 -150.0000000000000  0.000000000000000  0.000000000000000 -.1031943974716398E-009 -.5567948352380725E-008 0.2922861952470157E-010
 200.0000000000000  50.00000000000000 -150.0000000000000  0.000000000000000  0.000000000000000 -.2668865406452170E-009 -.5457417351362182E-008 0.2432062884416553E-010
 200.0000000000000  100.0000000000000 -150.0000000000000  0.000000000000000  0.000000000000000 -.4305830136885902E-009 -.5346885767476550E-008 0.1941258265247825E-010
 200.0000000000000  150.0000000000000 -150.0000000000000  0.000000000000000  0.000000000000000 -.5942838166017594E-009 -.5236353489701528E-008 0.1450448094963974E-010
 200.0000000000000  200.0000000000000 -150.0000000000000  0.000000000000000  0.000000000000000 -.7579889493847247E-009 -.5125820601303843E-008 0.9596323735650003E-011
 0.000000000000000  0.000000000000000 -200.0000000000000  0.000000000000000  0.000000000000000 0.5534012414987188E-009 -.6092786081213220E-008 0.3526745562254519E-010
 0.000000000000000  50.00000000000000 -200.0000000000000  0.000000000000000  0.000000000000000 0.3897168698863140E-009 -.5982251943814632E-008 0.3035954820873599E-010
 0.000000000000000  100.0000000000000 -200.0000000000000  0.000000000000000  0.000000000000000 0.2260282239152644E-009 -.5871717195793380E-008 0.2545155752819994E-010
 0.000000000000000  150.0000000000000 -200.0000000000000  0.000000000000000  0.000000000000000 0.6233519256326758E-010 -.5761181781638314E-008 0.2054351133651267E-010
 0.000000000000000  200.0000000000000 -200.0000000000000  0.000000000000000  0.000000000000000 -.1013621131473741E-009 -.5650645729105008E-008 0.1563540963367416E-010
 50.00000000000000  0.000000000000000 -200.0000000000000  0.000000000000000  0.000000000000000 0.3899090217363010E-009 -.6095598442668049E-008 0.3394612368978756E-010
 50.00000000000000  50.00000000000000 -200.0000000000000  0.000000000000000  0.000000000000000 0.2262221798776665E-009 -.5985063722402373E-008 0.2903821627597836E-010
 50.00000000000000  100.0000000000000 -200.0000000000000  0.000000000000000  0.000000000000000 0.6253095263808461E-010 -.5874528336002882E-008 0.2413022559544231E-010
 50.00000000000000  150.0000000000000 -200.0000000000000  0.000000000000000  0.000000000000000 -.1011645489601420E-009 -.5763992338980728E-008 0.1922215164817942E-010
 50.00000000000000  200.0000000000000 -200.0000000000000  0.000000000000000  0.000000000000000 -.2648644081837404E-009 -.5653455675824759E-008 0.1431404994534091E-010
 100.0000000000000  0.000000000000000 -200.0000000000000  0.000000000000000  0.000000000000000 0.2264161635956441E-009 -.6098410693100575E-008 0.3262481951260554E-010
 100.0000000000000  50.00000000000000 -200.0000000000000  0.000000000000000  0.000000000000000 0.6272679597962849E-010 -.5987875389967812E-008 0.2771688434322073E-010
 100.0000000000000  100.0000000000000 -200.0000000000000  0.000000000000000  0.000000000000000 -.1009669570173344E-009 -.5877339392945657E-008 0.2280886590710907E-010
 100.0000000000000  150.0000000000000 -200.0000000000000  0.000000000000000  0.000000000000000 -.2646649843729421E-009 -.5766802785300840E-008 0.1790079195984617E-010
 100.0000000000000  200.0000000000000 -200.0000000000000  0.000000000000000  0.000000000000000 -.4283673415983458E-009 -.5656265511522207E-008 0.1299266250143205E-010
 150.0000000000000  0.000000000000000 -200.0000000000000  0.000000000000000  0.000000000000000 0.6292261156559675E-010 -.6101222888021951E-008 0.3130351533542353E-010
 150.0000000000000  50.00000000000000 -200.0000000000000  0.000000000000000  0.000000000000000 -.1007693095633755E-009 -.5990686946510948E-008 0.2639555241046310E-010
 150.0000000000000  100.0000000000000 -200.0000000000000  0.000000000000000  0.000000000000000 -.2644655328065681E-009 -.5880150394377281E-008 0.2148753397435144E-010
 150.0000000000000  150.0000000000000 -200.0000000000000  0.000000000000000  0.000000000000000 -.4281661136751325E-009 -.5769613148354225E-008 0.1657943227151293E-010
 150.0000000000000  200.0000000000000 -200.0000000000000  0.000000000000000  0.000000000000000 -.5918709966579172E-009 -.5659075319464080E-008 0.1167130281309881E-010
 200.0000000000000  0.000000000000000 -200.0000000000000  0.000000000000000  0.000000000000000 -.1005716621094166E-009 -.6104034971921024E-008 0.2998218340266590E-010
 200.0000000000000  50.00000000000000 -200.0000000000000  0.000000000000000  0.000000000000000 -.2642660812401942E-009 -.5993498419787358E-008 0.2507419272212985E-010
 200.0000000000000  100.0000000000000 -200.0000000000000  0.000000000000000  0.000000000000000 -.4279648579963435E-009 -.5882961257031027E-008 0.2016617428601819E-010
 200.0000000000000  150.0000000000000 -200.0000000000000  0.000000000000000  0.000000000000000 -.5916679368667133E-009 -.5772423428140883E-008 0.1525807258317968E-010
 200.0000000000000  200.0000000000000 -200.0000000000000  0.000000000000000  0.000000000000000 -.7553753456068790E-009 -.5661884988628074E-008 0.1034991536918994E-010
