 SGx1               SGx2               SGy1               SGy2               spin_ref          spin_x                  spin_y                  spin_z
 0.000000000000000  0.000000000000000  0.000000000000000  0.000000000000000  0.000000000000000 0.2953676037087405E-007 -.6739107188957760E-008 0.2142377941716234E-010
 0.000000000000000 0.2000000000000000E-001  0.000000000000000  0.000000000000000  0.000000000000000 0.2267005272393874E-007 -.6565769788968723E-008 0.2090388973030599E-010
 0.000000000000000 0.4000000000000000E-001  0.000000000000000  0.000000000000000  0.000000000000000 0.1580137312662266E-007 -.6392432388979685E-008 0.2038422208805457E-010
 0.000000000000000 0.6000000000000000E-001  0.000000000000000  0.000000000000000  0.000000000000000 0.8930721634436978E-008 -.6219095016746223E-008 0.1986438791234946E-010
 0.000000000000000 0.8000000000000000E-001  0.000000000000000  0.000000000000000  0.000000000000000 0.2058098191870528E-008 -.6045757616757186E-008 0.1934452598106873E-010
0.2000000000000000E-001  0.000000000000000  0.000000000000000  0.000000000000000  0.000000000000000 0.2113798508451836E-007 -.6635593019499453E-008 0.2132999332715713E-010
0.2000000000000000E-001 0.2000000000000000E-001  0.000000000000000  0.000000000000000  0.000000000000000 0.1432948684709778E-007 -.6462255619510415E-008 0.2081018690702763E-010
0.2000000000000000E-001 0.4000000000000000E-001  0.000000000000000  0.000000000000000  0.000000000000000 0.7519016687052016E-008 -.6288918247276953E-008 0.2029040824247375E-010
0.2000000000000000E-001 0.6000000000000000E-001  0.000000000000000  0.000000000000000  0.000000000000000 0.7065746043810606E-009 -.6115580847287916E-008 0.1977057406676863E-010
0.2000000000000000E-001 0.8000000000000000E-001  0.000000000000000  0.000000000000000  0.000000000000000 -.6107839400915083E-008 -.5942243447298878E-008 0.1925071213548790E-010
0.4000000000000000E-001  0.000000000000000  0.000000000000000  0.000000000000000  0.000000000000000 0.1288123180342993E-007 -.6532078850041145E-008 0.2123623499272753E-010
0.4000000000000000E-001 0.2000000000000000E-001  0.000000000000000  0.000000000000000  0.000000000000000 0.6130942975524079E-008 -.6358741477807683E-008 0.2071645632817365E-010
0.4000000000000000E-001 0.4000000000000000E-001  0.000000000000000  0.000000000000000  0.000000000000000 -.6213177750069576E-009 -.6185404077818646E-008 0.2019662215246854E-010
0.4000000000000000E-001 0.6000000000000000E-001  0.000000000000000  0.000000000000000  0.000000000000000 -.7375550448163182E-008 -.6012066677829608E-008 0.1967678797676342E-010
0.4000000000000000E-001 0.8000000000000000E-001  0.000000000000000  0.000000000000000  0.000000000000000 -.1413175504394459E-007 -.5838729305596146E-008 0.1915687053433146E-010
0.6000000000000000E-001  0.000000000000000  0.000000000000000  0.000000000000000  0.000000000000000 0.4766500416586439E-008 -.6428564680582838E-008 0.2114247665829794E-010
0.6000000000000000E-001 0.2000000000000000E-001  0.000000000000000  0.000000000000000  0.000000000000000 -.1925578974049102E-008 -.6255227308349376E-008 0.2062267023816844E-010
0.6000000000000000E-001 0.4000000000000000E-001  0.000000000000000  0.000000000000000  0.000000000000000 -.8619630315065407E-008 -.6081889908360338E-008 0.2010286381803894E-010
0.6000000000000000E-001 0.6000000000000000E-001  0.000000000000000  0.000000000000000  0.000000000000000 -.1531565355095132E-007 -.5908552508371301E-008 0.1958297413118260E-010
0.6000000000000000E-001 0.8000000000000000E-001  0.000000000000000  0.000000000000000  0.000000000000000 -.2201364873721801E-007 -.5735215136137839E-008 0.1906305668875063E-010
0.8000000000000000E-001  0.000000000000000  0.000000000000000  0.000000000000000  0.000000000000000 -.3206208992745374E-008 -.6325050538880106E-008 0.2104874607944396E-010
0.8000000000000000E-001 0.2000000000000000E-001  0.000000000000000  0.000000000000000  0.000000000000000 -.9840078973866184E-008 -.6151713138891068E-008 0.2052893965931446E-010
0.8000000000000000E-001 0.4000000000000000E-001  0.000000000000000  0.000000000000000  0.000000000000000 -.1647592087761218E-007 -.5978375738902031E-008 0.2000896670573127E-010
0.8000000000000000E-001 0.6000000000000000E-001  0.000000000000000  0.000000000000000  0.000000000000000 -.2311373473173894E-007 -.5805038366668569E-008 0.1948921579675300E-010
0.8000000000000000E-001 0.8000000000000000E-001  0.000000000000000  0.000000000000000  0.000000000000000 -.2975352050849089E-007 -.5631700966679531E-008 0.1896927059874542E-010
 0.000000000000000  0.000000000000000 -.3000000000000000E-001  0.000000000000000  0.000000000000000 0.3238166768060324E-007 -.7800507156874303E-008 0.2149985744992478E-010
 0.000000000000000 0.2000000000000000E-001 -.3000000000000000E-001  0.000000000000000  0.000000000000000 0.2549510025318114E-007 -.7627169756885266E-008 0.2098007878537089E-010
 0.000000000000000 0.4000000000000000E-001 -.3000000000000000E-001  0.000000000000000  0.000000000000000 0.1860656090313384E-007 -.7453832356896228E-008 0.2046030012081701E-010
 0.000000000000000 0.6000000000000000E-001 -.3000000000000000E-001  0.000000000000000  0.000000000000000 0.1171604963046136E-007 -.7280494984662766E-008 0.1994049370068751E-010
 0.000000000000000 0.8000000000000000E-001 -.3000000000000000E-001  0.000000000000000  0.000000000000000 0.4823566407408109E-008 -.7107157584673729E-008 0.1942063176940678E-010
0.2000000000000000E-001  0.000000000000000 -.3000000000000000E-001  0.000000000000000  0.000000000000000 0.2393490378116425E-007 -.7696992987415996E-008 0.2140604360434395E-010
0.2000000000000000E-001 0.2000000000000000E-001 -.3000000000000000E-001  0.000000000000000  0.000000000000000 0.1710654576325688E-007 -.7523655587426958E-008 0.2088629269536568E-010
0.2000000000000000E-001 0.4000000000000000E-001 -.3000000000000000E-001  0.000000000000000  0.000000000000000 0.1027621585047989E-007 -.7350318215193496E-008 0.2036648627523618E-010
0.2000000000000000E-001 0.6000000000000000E-001 -.3000000000000000E-001  0.000000000000000  0.000000000000000 0.3443913931810982E-008 -.7176980815204459E-008 0.1984665209953107E-010
0.2000000000000000E-001 0.8000000000000000E-001 -.3000000000000000E-001  0.000000000000000  0.000000000000000 -.3390359853971958E-008 -.7003643415215421E-008 0.1932679016825034E-010
0.4000000000000000E-001  0.000000000000000 -.3000000000000000E-001  0.000000000000000  0.000000000000000 0.1563016183148136E-007 -.7593478817957688E-008 0.2131228526991436E-010
0.4000000000000000E-001 0.2000000000000000E-001 -.3000000000000000E-001  0.000000000000000  0.000000000000000 0.8860013223088714E-008 -.7420141417968651E-008 0.2079250660536047E-010
0.4000000000000000E-001 0.4000000000000000E-001 -.3000000000000000E-001  0.000000000000000  0.000000000000000 0.2087892692070881E-008 -.7246804045735189E-008 0.2027270018523097E-010
0.4000000000000000E-001 0.6000000000000000E-001 -.3000000000000000E-001  0.000000000000000  0.000000000000000 -.4686199733816565E-008 -.7073466645746151E-008 0.1975286600952586E-010
0.4000000000000000E-001 0.8000000000000000E-001 -.3000000000000000E-001  0.000000000000000  0.000000000000000 -.1146226411008477E-007 -.6900129245757114E-008 0.1923294856709390E-010
0.6000000000000000E-001  0.000000000000000 -.3000000000000000E-001  0.000000000000000  0.000000000000000 0.7467441803798991E-008 -.7489964648499381E-008 0.2121855469106038E-010
0.6000000000000000E-001 0.2000000000000000E-001 -.3000000000000000E-001  0.000000000000000  0.000000000000000 0.7555026326766523E-009 -.7316627276265919E-008 0.2069872051535526E-010
0.6000000000000000E-001 0.4000000000000000E-001 -.3000000000000000E-001  0.000000000000000  0.000000000000000 -.5958408488826450E-008 -.7143289876276882E-008 0.2017891409522576E-010
0.6000000000000000E-001 0.6000000000000000E-001 -.3000000000000000E-001  0.000000000000000  0.000000000000000 -.1267429150519916E-007 -.6969952476287844E-008 0.1965905216394503E-010
0.6000000000000000E-001 0.8000000000000000E-001 -.3000000000000000E-001  0.000000000000000  0.000000000000000 -.1939214647195264E-007 -.6796615104054382E-008 0.1913913472151307E-010
0.8000000000000000E-001  0.000000000000000 -.3000000000000000E-001  0.000000000000000  0.000000000000000 -.5532562186161272E-009 -.7386450479041073E-008 0.2112482411220640E-010
0.8000000000000000E-001 0.2000000000000000E-001 -.3000000000000000E-001  0.000000000000000  0.000000000000000 -.7206985980223735E-008 -.7213113106807612E-008 0.2060501769207690E-010
0.8000000000000000E-001 0.4000000000000000E-001 -.3000000000000000E-001  0.000000000000000  0.000000000000000 -.1386268766445653E-007 -.7039775706818574E-008 0.2008518351637179E-010
0.8000000000000000E-001 0.6000000000000000E-001 -.3000000000000000E-001  0.000000000000000  0.000000000000000 -.2052036129907009E-007 -.6866438334585112E-008 0.1956529382951544E-010
0.8000000000000000E-001 0.8000000000000000E-001 -.3000000000000000E-001  0.000000000000000  0.000000000000000 -.2718000682855326E-007 -.6693100934596075E-008 0.1904537638708348E-010
 0.000000000000000  0.000000000000000 -.6000000000000000E-001  0.000000000000000  0.000000000000000 0.3524278874289521E-007 -.8861907124790847E-008 0.2157593548268721E-010
 0.000000000000000 0.2000000000000000E-001 -.6000000000000000E-001  0.000000000000000  0.000000000000000 0.2833636153498631E-007 -.8688569724801809E-008 0.2105626784043579E-010
 0.000000000000000 0.4000000000000000E-001 -.6000000000000000E-001  0.000000000000000  0.000000000000000 0.2142796240445222E-007 -.8515232324812771E-008 0.2053640590915506E-010
 0.000000000000000 0.6000000000000000E-001 -.6000000000000000E-001  0.000000000000000  0.000000000000000 0.1451759135129294E-007 -.8341894952579310E-008 0.2001657173344995E-010
 0.000000000000000 0.8000000000000000E-001 -.6000000000000000E-001  0.000000000000000  0.000000000000000 0.7605248375508467E-008 -.8168557552590272E-008 0.1949673755774484E-010
0.2000000000000000E-001  0.000000000000000 -.6000000000000000E-001  0.000000000000000  0.000000000000000 0.2674803620261734E-007 -.8758392955332539E-008 0.2148212163710639E-010
0.2000000000000000E-001 0.2000000000000000E-001 -.6000000000000000E-001  0.000000000000000  0.000000000000000 0.1989981843197874E-007 -.8585055555343502E-008 0.2096237072812812E-010
0.2000000000000000E-001 0.4000000000000000E-001 -.6000000000000000E-001  0.000000000000000  0.000000000000000 0.1304962871095938E-007 -.8411718155354464E-008 0.2044259206357424E-010
0.2000000000000000E-001 0.6000000000000000E-001 -.6000000000000000E-001  0.000000000000000  0.000000000000000 0.6197467067314832E-008 -.8238380783121002E-008 0.1992275788786912E-010
0.2000000000000000E-001 0.8000000000000000E-001 -.6000000000000000E-001  0.000000000000000  0.000000000000000 -.6566664989549054E-009 -.8065043383131965E-008 0.1940289595658840E-010
0.4000000000000000E-001  0.000000000000000 -.6000000000000000E-001  0.000000000000000  0.000000000000000 0.1839530561209557E-007 -.8654878785874232E-008 0.2138836330267679E-010
0.4000000000000000E-001 0.2000000000000000E-001 -.6000000000000000E-001  0.000000000000000  0.000000000000000 0.1160529722321613E-007 -.8481541385885194E-008 0.2086858463812291E-010
0.4000000000000000E-001 0.4000000000000000E-001 -.6000000000000000E-001  0.000000000000000  0.000000000000000 0.4813316939467072E-008 -.8308204013651732E-008 0.2034877821799341E-010
0.4000000000000000E-001 0.6000000000000000E-001 -.6000000000000000E-001  0.000000000000000  0.000000000000000 -.1980635294662747E-008 -.8134866613662695E-008 0.1982894404228830E-010
0.4000000000000000E-001 0.8000000000000000E-001 -.6000000000000000E-001  0.000000000000000  0.000000000000000 -.8776559451417754E-008 -.7961529213673657E-008 0.1930905435543195E-010
0.6000000000000000E-001  0.000000000000000 -.6000000000000000E-001  0.000000000000000  0.000000000000000 0.1018459697132990E-007 -.8551364616415924E-008 0.2129457721267158E-010
0.6000000000000000E-001 0.2000000000000000E-001 -.6000000000000000E-001  0.000000000000000  0.000000000000000 0.3452798019720760E-008 -.8378027244182462E-008 0.2077482630369332E-010
0.6000000000000000E-001 0.4000000000000000E-001 -.6000000000000000E-001  0.000000000000000  0.000000000000000 -.3280972854513564E-008 -.8204689844193425E-008 0.2025501988356382E-010
0.6000000000000000E-001 0.6000000000000000E-001 -.6000000000000000E-001  0.000000000000000  0.000000000000000 -.1001671570688423E-007 -.8031352444204387E-008 0.1973513019670747E-010
0.6000000000000000E-001 0.8000000000000000E-001 -.6000000000000000E-001  0.000000000000000  0.000000000000000 -.1675443042636893E-007 -.7858015071970925E-008 0.1921524050985113E-010
0.8000000000000000E-001  0.000000000000000 -.6000000000000000E-001  0.000000000000000  0.000000000000000 0.2115910280320321E-008 -.8447850446957617E-008 0.2120087438939322E-010
0.8000000000000000E-001 0.2000000000000000E-001 -.6000000000000000E-001  0.000000000000000  0.000000000000000 -.4557679261774084E-008 -.8274513074724155E-008 0.2068109572483934E-010
0.8000000000000000E-001 0.4000000000000000E-001 -.6000000000000000E-001  0.000000000000000  0.000000000000000 -.1123324072649368E-007 -.8101175674735117E-008 0.2016137257143669E-010
0.8000000000000000E-001 0.6000000000000000E-001 -.6000000000000000E-001  0.000000000000000  0.000000000000000 -.1791077411383846E-007 -.7927838274746080E-008 0.1964134410670226E-010
0.8000000000000000E-001 0.8000000000000000E-001 -.6000000000000000E-001  0.000000000000000  0.000000000000000 -.2459027945156400E-007 -.7754500902512618E-008 0.1912145441984592E-010
 0.000000000000000  0.000000000000000 -.9000000000000000E-001  0.000000000000000  0.000000000000000 0.3812012358550554E-007 -.9923307064951814E-008 0.2165198575987404E-010
 0.000000000000000 0.2000000000000000E-001 -.9000000000000000E-001  0.000000000000000  0.000000000000000 0.3119383662486541E-007 -.9749969692718352E-008 0.2113245689550070E-010
 0.000000000000000 0.4000000000000000E-001 -.9000000000000000E-001  0.000000000000000  0.000000000000000 0.2426557771384452E-007 -.9576632292729315E-008 0.2061245618634189E-010
 0.000000000000000 0.6000000000000000E-001 -.9000000000000000E-001  0.000000000000000  0.000000000000000 0.1733534688019844E-007 -.9403294920495853E-008 0.2009267752178800E-010
 0.000000000000000 0.8000000000000000E-001 -.9000000000000000E-001  0.000000000000000  0.000000000000000 0.1040314412392718E-007 -.9229957520506815E-008 0.1957284334608289E-010
0.2000000000000000E-001  0.000000000000000 -.9000000000000000E-001  0.000000000000000  0.000000000000000 0.2957738237663321E-007 -.9819792923249082E-008 0.2155817191429321E-010
0.2000000000000000E-001 0.2000000000000000E-001 -.9000000000000000E-001  0.000000000000000  0.000000000000000 0.2270930482550781E-007 -.9646455523260045E-008 0.2103844876089056E-010
0.2000000000000000E-001 0.4000000000000000E-001 -.9000000000000000E-001  0.000000000000000  0.000000000000000 0.1583925532400166E-007 -.9473118123271007E-008 0.2051864234076106E-010
0.2000000000000000E-001 0.6000000000000000E-001 -.9000000000000000E-001  0.000000000000000  0.000000000000000 0.8967233927625884E-008 -.9299780751037545E-008 0.1999883592063156E-010
0.2000000000000000E-001 0.8000000000000000E-001 -.9000000000000000E-001  0.000000000000000  0.000000000000000 0.2093240580869349E-008 -.9126443351048508E-008 0.1947900174492645E-010
0.4000000000000000E-001  0.000000000000000 -.9000000000000000E-001  0.000000000000000  0.000000000000000 0.2117666314527256E-007 -.9716278753790775E-008 0.2146441357986362E-010
0.4000000000000000E-001 0.2000000000000000E-001 -.9000000000000000E-001  0.000000000000000  0.000000000000000 0.1436679497590632E-007 -.9542941353801737E-008 0.2094466267088535E-010
0.4000000000000000E-001 0.4000000000000000E-001 -.9000000000000000E-001  0.000000000000000  0.000000000000000 0.7554954911670464E-008 -.9369603981568275E-008 0.2042485625075585E-010
0.4000000000000000E-001 0.6000000000000000E-001 -.9000000000000000E-001  0.000000000000000  0.000000000000000 0.7411429248094237E-009 -.9196266581579238E-008 0.1990504983062635E-010
0.4000000000000000E-001 0.8000000000000000E-001 -.9000000000000000E-001  0.000000000000000  0.000000000000000 -.6074641012432380E-008 -.9022929181590200E-008 0.1938516014377001E-010
0.6000000000000000E-001  0.000000000000000 -.9000000000000000E-001  0.000000000000000  0.000000000000000 0.1291796586366800E-007 -.9612764584332467E-008 0.2137068300100964E-010
0.6000000000000000E-001 0.2000000000000000E-001 -.9000000000000000E-001  0.000000000000000  0.000000000000000 0.6166307131572069E-008 -.9439427184343430E-008 0.2085087658088014E-010
0.6000000000000000E-001 0.4000000000000000E-001 -.9000000000000000E-001  0.000000000000000  0.000000000000000 -.5873235231490526E-009 -.9266089812109968E-008 0.2033082036057010E-010
0.6000000000000000E-001 0.6000000000000000E-001 -.9000000000000000E-001  0.000000000000000  0.000000000000000 -.7342926100495362E-008 -.9092752412120930E-008 0.1981123598504553E-010
0.6000000000000000E-001 0.8000000000000000E-001 -.9000000000000000E-001  0.000000000000000  0.000000000000000 -.1410050062822243E-007 -.8919415012131893E-008 0.1929131854261357E-010
0.8000000000000000E-001  0.000000000000000 -.9000000000000000E-001  0.000000000000000  0.000000000000000 0.4801290531819546E-008 -.9509250414874160E-008 0.2127692466658004E-010
0.8000000000000000E-001 0.2000000000000000E-001 -.9000000000000000E-001  0.000000000000000  0.000000000000000 -.1892158790761655E-008 -.9335913042640698E-008 0.2075714600202616E-010
0.8000000000000000E-001 0.4000000000000000E-001 -.9000000000000000E-001  0.000000000000000  0.000000000000000 -.8587580035968045E-008 -.9162575642651660E-008 0.2023756162650159E-010
0.8000000000000000E-001 0.6000000000000000E-001 -.9000000000000000E-001  0.000000000000000  0.000000000000000 -.1528497320379962E-007 -.8989238242662623E-008 0.1971742213946470E-010
0.8000000000000000E-001 0.8000000000000000E-001 -.9000000000000000E-001  0.000000000000000  0.000000000000000 -.2198433829425639E-007 -.8815900870429161E-008 0.1919753245260836E-010
 0.000000000000000  0.000000000000000 -.1200000000000000  0.000000000000000  0.000000000000000 0.4101367218067864E-007 -.1098470703286836E-007 0.2172806379263648E-010
 0.000000000000000 0.2000000000000000E-001 -.1200000000000000  0.000000000000000  0.000000000000000 0.3406752541179614E-007 -.1081136966063490E-007 0.2120834063923382E-010
 0.000000000000000 0.4000000000000000E-001 -.1200000000000000  0.000000000000000  0.000000000000000 0.2711940672028845E-007 -.1063803226064586E-007 0.2068856197467994E-010
 0.000000000000000 0.6000000000000000E-001 -.1200000000000000  0.000000000000000  0.000000000000000 0.2016931610615558E-007 -.1046469486065682E-007 0.2016875555455044E-010
 0.000000000000000 0.8000000000000000E-001 -.1200000000000000  0.000000000000000  0.000000000000000 0.1321725356939751E-007 -.1029135748842336E-007 0.1964892137884533E-010
0.2000000000000000E-001  0.000000000000000 -.1200000000000000  0.000000000000000  0.000000000000000 0.3242294233096743E-007 -.1088119289116563E-007 0.2163424994705565E-010
0.2000000000000000E-001 0.2000000000000000E-001 -.1200000000000000  0.000000000000000  0.000000000000000 0.2553500497159966E-007 -.1070785549117659E-007 0.2111452679365300E-010
0.2000000000000000E-001 0.4000000000000000E-001 -.1200000000000000  0.000000000000000  0.000000000000000 0.1864509571736228E-007 -.1053451809118755E-007 0.2059474812909912E-010
0.2000000000000000E-001 0.6000000000000000E-001 -.1200000000000000  0.000000000000000  0.000000000000000 0.1175321451274414E-007 -.1036118071895409E-007 0.2007491395339400E-010
0.2000000000000000E-001 0.8000000000000000E-001 -.1200000000000000  0.000000000000000  0.000000000000000 0.4859361385500804E-008 -.1018784331896505E-007 0.1955510753326450E-010
0.4000000000000000E-001  0.000000000000000 -.1200000000000000  0.000000000000000  0.000000000000000 0.2397423445876790E-007 -.1077767872170732E-007 0.2154049161262606E-010
0.4000000000000000E-001 0.2000000000000000E-001 -.1200000000000000  0.000000000000000  0.000000000000000 0.1714450653667043E-007 -.1060434132171828E-007 0.2102074070364779E-010
0.4000000000000000E-001 0.4000000000000000E-001 -.1200000000000000  0.000000000000000  0.000000000000000 0.1031280669194778E-007 -.1043100392172924E-007 0.2050093428351829E-010
0.4000000000000000E-001 0.6000000000000000E-001 -.1200000000000000  0.000000000000000  0.000000000000000 0.3479134896844371E-008 -.1025766654949578E-007 0.1998110010781318E-010
0.4000000000000000E-001 0.8000000000000000E-001 -.1200000000000000  0.000000000000000  0.000000000000000 -.3356508820884230E-008 -.1008432914950674E-007 0.1946123817653245E-010
0.6000000000000000E-001  0.000000000000000 -.1200000000000000  0.000000000000000  0.000000000000000 0.1566754850856888E-007 -.1067416455224901E-007 0.2144670552262085E-010
0.6000000000000000E-001 0.2000000000000000E-001 -.1200000000000000  0.000000000000000  0.000000000000000 0.8896030023741730E-008 -.1050082715225997E-007 0.2092695461364258E-010
0.6000000000000000E-001 0.4000000000000000E-001 -.1200000000000000  0.000000000000000  0.000000000000000 0.2122539560778236E-008 -.1032748978002651E-007 0.2040703717121062E-010
0.6000000000000000E-001 0.6000000000000000E-001 -.1200000000000000  0.000000000000000  0.000000000000000 -.4652922797054870E-008 -.1015415238003747E-007 0.1988731401780797E-010
0.6000000000000000E-001 0.8000000000000000E-001 -.1200000000000000  0.000000000000000  0.000000000000000 -.1143035707751316E-007 -.9980814980048436E-008 0.1936745208652724E-010
0.8000000000000000E-001  0.000000000000000 -.1200000000000000  0.000000000000000  0.000000000000000 0.7502884563637124E-008 -.1057065038279070E-007 0.2135297494376687E-010
0.8000000000000000E-001 0.2000000000000000E-001 -.1200000000000000  0.000000000000000  0.000000000000000 0.7895754328135496E-009 -.1039731301055724E-007 0.2083322403478860E-010
0.8000000000000000E-001 0.4000000000000000E-001 -.1200000000000000  0.000000000000000  0.000000000000000 -.5925705565124062E-008 -.1022397561056820E-007 0.2031338985908349E-010
0.8000000000000000E-001 0.6000000000000000E-001 -.1200000000000000  0.000000000000000  0.000000000000000 -.1264295851344244E-007 -.1005063821057917E-007 0.1979352792780276E-010
0.8000000000000000E-001 0.8000000000000000E-001 -.1200000000000000  0.000000000000000  0.000000000000000 -.1936218341214158E-007 -.9877300838345704E-008 0.1927363824094641E-010
