BETA     element
 1.483330000000000      0.000000000000000
 1.485768635420932      1.000000000000000
 1.639107767235092      2.000000000000000
 7.035092963605067      3.000000000000000
 7.526298561464639      4.000000000000000
 7.516992136541347      5.000000000000000
 6.995613353359337      6.000000000000000
 1.536358955807477      7.000000000000000
 1.387754671273002      8.000000000000000
 1.387738799345392      9.000000000000000
 1.536297575635738      10.00000000000000
 6.996748213852662      11.00000000000000
 7.518348784572893      12.00000000000000
 7.527726115224214      13.00000000000000
 7.036538392780593      14.00000000000000
 1.639346567587005      15.00000000000000
 1.485809544342009      16.00000000000000
 1.485673154905089      17.00000000000000
 1.638724064624154      18.00000000000000
 7.032144651775919      19.00000000000000
 7.523256284004884      20.00000000000000
 7.514020987685716      21.00000000000000
 6.992976527771027      22.00000000000000
 1.536279302554882      23.00000000000000
 1.387720322517091      24.00000000000000
 1.387719774086547      25.00000000000000
 1.536317846124889      26.00000000000000
 6.999099790274186      27.00000000000000
 7.521012489397672      28.00000000000000
 7.530460056166666      29.00000000000000
 7.039197669658731      30.00000000000000
 1.639661021349611      31.00000000000000
 1.485842242167509      32.00000000000000
 1.483267314201274      33.00000000000000
 1.485546143171943      34.00000000000000
 1.637623040559011      35.00000000000000
 7.008078668598784      36.00000000000000
 7.506785239260140      37.00000000000000
 7.508379654206816      38.00000000000000
 7.015158055711360      39.00000000000000
 1.667957379840097      40.00000000000000
 1.515852840495785      41.00000000000000
 1.513506587659674      42.00000000000000
 1.515994883689651      43.00000000000000
 1.669328407066177      44.00000000000000
 7.047418896818970      45.00000000000000
 7.534119442432624      46.00000000000000
 7.522013015658725      47.00000000000000
 6.995484983201870      48.00000000000000
 1.508536022898200      49.00000000000000
 1.358885538855040      50.00000000000000
 1.358392620110862      51.00000000000000
 1.506301127038537      52.00000000000000
 6.981009153125934      53.00000000000000
 7.507269101403224      54.00000000000000
 7.519730021836596      55.00000000000000
 7.034495968698936      56.00000000000000
 1.668577363794450      57.00000000000000
 1.515762760086813      58.00000000000000
 1.515878448214625      59.00000000000000
 1.669166190646682      60.00000000000000
 7.048147894320669      61.00000000000000
 7.535043247835638      62.00000000000000
 7.523012726703271      63.00000000000000
 6.996545872575787      64.00000000000000
 1.508736881420568      65.00000000000000
 1.358887304026091      66.00000000000000
 1.358276329123710      67.00000000000000
 1.505969028265210      68.00000000000000
 6.979103776436512      69.00000000000000
 7.505345610666395      70.00000000000000
 7.517872225406546      71.00000000000000
 7.032878881496755      72.00000000000000
 1.668482744916484      73.00000000000000
 1.515643276817135      74.00000000000000
 1.513270883135096      75.00000000000000
 1.515732628128925      76.00000000000000
 1.668289131143959      77.00000000000000
 7.027862833307894      78.00000000000000
 7.522702418383998      79.00000000000000
 7.521559637651892      80.00000000000000
 7.022758838592873      81.00000000000000
 1.640307057566144      82.00000000000000
 1.486369393442055      83.00000000000000
 1.483561736426003      84.00000000000000
 1.485606224914468      85.00000000000000
 1.637544024941589      86.00000000000000
 7.023224652150106      87.00000000000000
 7.514099380344160      88.00000000000000
 7.505008877414980      89.00000000000000
 6.984694359965082      90.00000000000000
 1.535046948659279      91.00000000000000
 1.386898897912905      92.00000000000000
 1.387098350720932      93.00000000000000
 1.536037614432488      94.00000000000000
 7.004636387546343      95.00000000000000
 7.527322907598659      96.00000000000000
 7.537049054775487      97.00000000000000
 7.045950148527028      98.00000000000000
 1.641271098859184      99.00000000000000
 1.486377488293621      100.0000000000000
 1.485455430055228      101.0000000000000
 1.637096312980923      102.0000000000000
 7.019753978067230      103.0000000000000
 7.510479159830047      104.0000000000000
 7.501449781017121      105.0000000000000
 6.981492467326700      106.0000000000000
 1.534781213548349      107.0000000000000
 1.386691420838825      108.0000000000000
 1.386905445198117      109.0000000000000
 1.535868235248902      110.0000000000000
 7.006377828394475      111.0000000000000
 7.529350106287879      112.0000000000000
 7.539156426223852      113.0000000000000
 7.048041697383434      114.0000000000000
 1.641517687565257      115.0000000000000
 1.486354065274737      116.0000000000000
 1.483388232113165      117.0000000000000
 1.485273113310753      118.0000000000000
 1.635931369286989      119.0000000000000
 6.995152139193646      120.0000000000000
 7.493393123828241      121.0000000000000
 7.495158333154661      122.0000000000000
 7.002985438707023      123.0000000000000
 1.665907970336325      124.0000000000000
 1.514301272845822      125.0000000000000
 1.512065917516155      126.0000000000000
 1.514665563366165      127.0000000000000
 1.668361247123787      128.0000000000000
 7.054209565321903      129.0000000000000
 7.542038621699772      130.0000000000000
 7.530352357946518      131.0000000000000
 7.004108058373081      132.0000000000000
 1.510731821637276      133.0000000000000
 1.359706672299510      134.0000000000000
 1.358408695978506      135.0000000000000
 1.504859205226453      136.0000000000000
 6.967581030509937      137.0000000000000
 7.493282697031768      138.0000000000000
 7.505890492861047      139.0000000000000
 7.021719563320739      140.0000000000000
 1.666336448036253      141.0000000000000
 1.514032283529843      142.0000000000000
 1.514368666918253      143.0000000000000
 1.668000888510558      144.0000000000000
 7.054290578194097      145.0000000000000
 7.542286357577869      146.0000000000000
 7.530686545193712      147.0000000000000
 7.004565963257055      148.0000000000000
 1.510863714119332      149.0000000000000
 1.359652916309613      150.0000000000000
 1.358238538259516      151.0000000000000
 1.504465945071263      152.0000000000000
 6.965164937423935      153.0000000000000
 7.490792625778214      154.0000000000000
 7.503455450575307      155.0000000000000
 7.019546235905780      156.0000000000000
 1.666050982859048      157.0000000000000
 1.513733893102283      158.0000000000000
 1.511471056091887      159.0000000000000
 1.514042425244248      160.0000000000000
 1.666926165678944      161.0000000000000
 7.033338061897575      162.0000000000000
 7.529249278463904      163.0000000000000
 7.528550658293956      164.0000000000000
 7.030169721819055      165.0000000000000
 1.642655288838502      166.0000000000000
 1.487434220856730      167.0000000000000
 1.484250018274045      168.0000000000000
 1.485912580719812      169.0000000000000
 1.636466815720149      170.0000000000000
 7.010137590140335      171.0000000000000
 7.500368040391805      172.0000000000000
 7.491371394132708      173.0000000000000
 6.972028502964903      174.0000000000000
 1.532419696408085      175.0000000000000
 1.384736790654610      176.0000000000000
 1.385122947508533      177.0000000000000
 1.534328811639050      178.0000000000000
 7.009359873619140      179.0000000000000
 7.533126789282843      180.0000000000000
 7.543323445943410      181.0000000000000
 7.052723712532478      182.0000000000000
 1.643545885782981      183.0000000000000
 1.487383771701074      184.0000000000000
 1.485705751523837      185.0000000000000
 1.635957460577127      186.0000000000000
 7.006191836378461      187.0000000000000
 7.496221093587353      188.0000000000000
 7.487275785697751      189.0000000000000
 6.968309756569367      190.0000000000000
 1.531973373538301      191.0000000000000
 1.384358645531591      192.0000000000000
 1.384757031449997      193.0000000000000
 1.533967733282078      194.0000000000000
 7.010444667124515      195.0000000000000
 7.534466926511071      196.0000000000000
 7.544753384631079      197.0000000000000
 7.054199699953225      198.0000000000000
 1.643719057376938      199.0000000000000
 1.487301851520084      200.0000000000000
 1.483962593501200      201.0000000000000
 1.485467436099215      202.0000000000000
 1.634730972599576      203.0000000000000
 6.981102453322559      204.0000000000000
 7.478571111955508      205.0000000000000
 7.480383796565823      206.0000000000000
 6.989155910249474      207.0000000000000
 1.662488958783646      208.0000000000000
 1.511370939102226      209.0000000000000
 1.509225689202479      210.0000000000000
 1.511916244249515      211.0000000000000
 1.665831616872893      212.0000000000000
 7.057293421024330      213.0000000000000
 7.546214865528084      214.0000000000000
 7.535073738320683      215.0000000000000
 7.009564667499391      216.0000000000000
 1.513200995030598      217.0000000000000
 1.360916888743170      218.0000000000000
 1.358856747970125      219.0000000000000
 1.503890657257549      220.0000000000000
 6.953078239584416      221.0000000000000
 7.477912529364277      222.0000000000000
 7.490541555790676      223.0000000000000
 7.007325182150587      224.0000000000000
 1.662731863890551      225.0000000000000
 1.510926408964950      226.0000000000000
 1.511440708011624      227.0000000000000
 1.665272138526255      228.0000000000000
 7.056682046522075      229.0000000000000
 7.545737997957444      230.0000000000000
 7.534693423568806      231.0000000000000
 7.009373280500990      232.0000000000000
 1.513257757968039      233.0000000000000
 1.360804564534287      234.0000000000000
 1.358631320445876      235.0000000000000
 1.503437835334494      236.0000000000000
 6.950197904720818      237.0000000000000
 7.474906455491681      238.0000000000000
 7.487580193593808      239.0000000000000
 7.004643572549794      240.0000000000000
 1.662261926162997      241.0000000000000
 1.510452491820774      242.0000000000000
 1.508276879971274      243.0000000000000
 1.510935878202038      244.0000000000000
 1.663999258524017      245.0000000000000
 7.035031075862758      246.0000000000000
 7.531965359881358      247.0000000000000
 7.531829156856398      248.0000000000000
 7.034310291922642      249.0000000000000
 1.645234809047512      250.0000000000000
 1.488866138477049      251.0000000000000
 1.485334639416239      252.0000000000000
