BETA     element
 7.528270000000000      0.000000000000000
 7.528749491414225      1.000000000000000
 7.029188027533518      2.000000000000000
 1.592853252670167      3.000000000000000
 1.435740033519426      4.000000000000000
 1.432909043122310      5.000000000000000
 1.579894644897646      6.000000000000000
 6.924087191665362      7.000000000000000
 7.417903443396802      8.000000000000000
 7.417904413326153      9.000000000000000
 6.924087928145669      10.00000000000000
 1.580205143993064      11.00000000000000
 1.433325425206687      12.00000000000000
 1.436227073714289      13.00000000000000
 1.593472788096063      14.00000000000000
 7.029428363440429      15.00000000000000
 7.528740887180529      16.00000000000000
 7.528592065185776      17.00000000000000
 7.028784047991200      18.00000000000000
 1.592168844703930      19.00000000000000
 1.435193045328364      20.00000000000000
 1.432433087125082      21.00000000000000
 1.579521032035514      22.00000000000000
 6.923942917492665      23.00000000000000
 7.417758026363099      24.00000000000000
 7.417766156851868      25.00000000000000
 6.923967442015939      26.00000000000000
 1.580516460795365      27.00000000000000
 1.433743877346354      28.00000000000000
 1.436715755509463      29.00000000000000
 1.594091142604039      30.00000000000000
 7.029526872612844      31.00000000000000
 7.528571120226688      32.00000000000000
 7.527942828317414      33.00000000000000
 7.528270895866135      34.00000000000000
 7.031340071287720      35.00000000000000
 1.655868820222751      36.00000000000000
 1.501120079179972      37.00000000000000
 1.499791668239433      38.00000000000000
 1.649954382328576      39.00000000000000
 7.001988912683907      40.00000000000000
 7.498005412064705      41.00000000000000
 7.497467090675786      42.00000000000000
 7.497904714924793      43.00000000000000
 6.998412615385753      44.00000000000000
 1.585031235305876      45.00000000000000
 1.433246869387526      46.00000000000000
 1.433526487611823      47.00000000000000
 1.585881729258119      48.00000000000000
 6.951643769706602      49.00000000000000
 7.445163166959126      50.00000000000000
 7.444908771994118      51.00000000000000
 6.950555993195573      52.00000000000000
 1.584936467096361      53.00000000000000
 1.433266487569553      54.00000000000000
 1.433335533118206      55.00000000000000
 1.585610217844487      56.00000000000000
 6.998402128202224      57.00000000000000
 7.497483050101195      58.00000000000000
 7.497376634278710      59.00000000000000
 6.997906884266702      60.00000000000000
 1.585198148192879      61.00000000000000
 1.433537533696961      62.00000000000000
 1.433892594199521      63.00000000000000
 1.586380313745805      64.00000000000000
 6.951651356166531      65.00000000000000
 7.444919416933551      66.00000000000000
 7.444526471276518      67.00000000000000
 6.949963410270078      68.00000000000000
 1.584268458470097      69.00000000000000
 1.432732376900178      70.00000000000000
 1.432867609136032      71.00000000000000
 1.585230085140567      72.00000000000000
 6.997792948101488      73.00000000000000
 7.496816138412036      74.00000000000000
 7.496272150001700      75.00000000000000
 7.496704028226137      76.00000000000000
 7.000378463071885      77.00000000000000
 1.649268643126100      78.00000000000000
 1.499747259564665      79.00000000000000
 1.501508759645446      80.00000000000000
 1.657088267503112      81.00000000000000
 7.032916276560231      82.00000000000000
 7.528868215160731      83.00000000000000
 7.528231925051322      84.00000000000000
 7.528551821891457      85.00000000000000
 7.028461493558314      86.00000000000000
 1.592733404751743      87.00000000000000
 1.436152860817556      88.00000000000000
 1.433580328416924      89.00000000000000
 1.580889727583995      90.00000000000000
 6.922020895493564      91.00000000000000
 7.415161546183887      92.00000000000000
 7.414897396958100      93.00000000000000
 6.920816601554729      94.00000000000000
 1.578409553274374      95.00000000000000
 1.432035955036118      96.00000000000000
 1.435257208702168      97.00000000000000
 1.593092771776522      98.00000000000000
 7.029794971153796      99.00000000000000
 7.528586622902116      100.0000000000000
 7.528119637887140      101.0000000000000
 7.027801780794807      102.0000000000000
 1.591950684599187      103.0000000000000
 1.435499039546414      104.0000000000000
 1.432986247112861      105.0000000000000
 1.580364428319329      106.0000000000000
 6.920982194592381      107.0000000000000
 7.414055968972263      108.0000000000000
 7.413798251093426      109.0000000000000
 6.919798576700654      110.0000000000000
 1.578559932895068      111.0000000000000
 1.432327232347232      112.0000000000000
 1.435629938075223      113.0000000000000
 1.593603258145348      114.0000000000000
 7.029634429930689      115.0000000000000
 7.528141414937587      116.0000000000000
 7.527354663811883      117.0000000000000
 7.527523812141046      118.0000000000000
 7.030101683685972      119.0000000000000
 1.655481486794165      120.0000000000000
 1.501233380563099      121.0000000000000
 1.500131996136707      122.0000000000000
 1.650535534330940      123.0000000000000
 6.998031596828164      124.0000000000000
 7.493269812426552      125.0000000000000
 7.492611355186985      126.0000000000000
 7.492928637660845      127.0000000000000
 6.993361671431345      128.0000000000000
 1.583194632407854      129.0000000000000
 1.431967683411055      130.0000000000000
 1.432581136269687      131.0000000000000
 1.585536066218070      132.0000000000000
 6.952138938107042      133.0000000000000
 7.445139209968652      134.0000000000000
 7.444555287046031      135.0000000000000
 6.949651178675673      136.0000000000000
 1.584424120784470      137.0000000000000
 1.433244532738250      138.0000000000000
 1.433534360545829      139.0000000000000
 1.586031061573863      140.0000000000000
 6.993593114990587      141.0000000000000
 7.491829269733018      142.0000000000000
 7.491480817612985      143.0000000000000
 6.991995378621593      144.0000000000000
 1.583200396743011      145.0000000000000
 1.432129111642014      146.0000000000000
 1.432828293264114      147.0000000000000
 1.585922153063118      148.0000000000000
 6.951872345613375      149.0000000000000
 7.444605307394811      150.0000000000000
 7.443884482264634      151.0000000000000
 6.948791469240982      152.0000000000000
 1.583663553334565      153.0000000000000
 1.432610557975885      154.0000000000000
 1.432956169555014      155.0000000000000
 1.585509209258098      156.0000000000000
 6.992129929179598      157.0000000000000
 7.490244165716969      158.0000000000000
 7.489578544209663      159.0000000000000
 7.489888513860534      160.0000000000000
 6.993603631509358      161.0000000000000
 1.647004876939867      162.0000000000000
 1.498092960546419      163.0000000000000
 1.500204353253622      164.0000000000000
 1.656395774376374      165.0000000000000
 7.033347477846072      166.0000000000000
 7.528838946986266      167.0000000000000
 7.528051110346498      168.0000000000000
 7.528218842368423      169.0000000000000
 7.027604128884434      170.0000000000000
 1.592283540023499      171.0000000000000
 1.436184987889596      172.0000000000000
 1.433822618287107      173.0000000000000
 1.581314941210300      174.0000000000000
 6.915581252908403      175.0000000000000
 7.407677220946095      176.0000000000000
 7.407132434742261      177.0000000000000
 6.913106717969088      178.0000000000000
 1.575897194502604      179.0000000000000
 1.430179603419738      180.0000000000000
 1.433768045854408      181.0000000000000
 1.592232680512373      182.0000000000000
 7.029956096767082      183.0000000000000
 7.528273594268393      184.0000000000000
 7.527505404819093      185.0000000000000
 7.026685465765779      186.0000000000000
 1.591412328330122      187.0000000000000
 1.435434197470845      188.0000000000000
 1.433120480789051      189.0000000000000
 1.580648766474716      190.0000000000000
 6.913659525603593      191.0000000000000
 7.405620871797882      192.0000000000000
 7.405080194895100      193.0000000000000
 6.911195749805405      194.0000000000000
 1.575877301820247      195.0000000000000
 1.430334144788036      196.0000000000000
 1.434014964598633      197.0000000000000
 1.592624571986905      198.0000000000000
 7.029526272620048      199.0000000000000
 7.527544985760371      200.0000000000000
 7.526609303365182      201.0000000000000
 7.526628652398925      202.0000000000000
 7.028726349146793      203.0000000000000
 1.654779945860804      204.0000000000000
 1.500980968327420      205.0000000000000
 1.500058674951843      206.0000000000000
 1.650565049968031      207.0000000000000
 6.989772104202145      208.0000000000000
 7.483857874407405      209.0000000000000
 7.483068330065217      210.0000000000000
 7.483254098139041      211.0000000000000
 6.983917702815603      212.0000000000000
 1.580632322837693      213.0000000000000
 1.430112762865313      214.0000000000000
 1.431106517657936      215.0000000000000
 1.584695851442290      216.0000000000000
 6.952375532218626      217.0000000000000
 7.444908584798648      218.0000000000000
 7.444018401829526      219.0000000000000
 6.948585640148529      220.0000000000000
 1.583632833216545      221.0000000000000
 1.432893598183604      222.0000000000000
 1.433357578015793      223.0000000000000
 1.585941166182203      224.0000000000000
 6.984498822826207      225.0000000000000
 7.481512259145185      226.0000000000000
 7.480898078671216      227.0000000000000
 6.981698969576973      228.0000000000000
 1.580467990337043      229.0000000000000
 1.430135541616954      230.0000000000000
 1.431224886981999      231.0000000000000
 1.584958495598785      232.0000000000000
 6.951820551711264      233.0000000000000
 7.444072249736314      234.0000000000000
 7.443048474619637      235.0000000000000
 6.947451704387802      236.0000000000000
 1.582789044214597      237.0000000000000
 1.432169385457403      238.0000000000000
 1.432679077040913      239.0000000000000
 1.585288517372333      240.0000000000000
 6.982196427193966      241.0000000000000
 7.479022042762551      242.0000000000000
 7.478222269835889      243.0000000000000
 7.478397588298561      244.0000000000000
 6.982449880169778      245.0000000000000
 1.643958852254174      246.0000000000000
 1.495804649582897      247.0000000000000
 1.498310453232690      248.0000000000000
 1.655142275413931      249.0000000000000
 7.033370706614408      250.0000000000000
 7.528454796408149      251.0000000000000
 7.527530496374975      252.0000000000000
