DISP     element
0.8445620000000000E-003      0.000000000000000
0.8381091800000000E-003      1.000000000000000
0.7869862633180665E-003      2.000000000000000
0.1162171613364595      3.000000000000000
0.1479585059883318      4.000000000000000
0.1688285125144429      5.000000000000000
0.2117259068508970      6.000000000000000
0.7458733567457859      7.000000000000000
0.7956265728899007      8.000000000000000
0.8085417067561312      9.000000000000000
0.8030365181280906      10.00000000000000
0.6293201610611002      11.00000000000000
0.6437816504718171      12.00000000000000
0.6646711494863013      13.00000000000000
0.7249183372741907      14.00000000000000
 1.548823858662928      15.00000000000000
 1.604074497192136      16.00000000000000
 1.604069747188637      17.00000000000000
 1.548802119367431      18.00000000000000
0.7247487218824006      19.00000000000000
0.6644904373656191      20.00000000000000
0.6435982550475078      21.00000000000000
0.6291387127647978      22.00000000000000
0.8029289932061278      23.00000000000000
0.8084387200937131      24.00000000000000
0.7955237250543182      25.00000000000000
0.7457664470486470      26.00000000000000
0.2115489645680271      27.00000000000000
0.1686502289182898      28.00000000000000
0.1477833409544597      29.00000000000000
0.1160540433822453      30.00000000000000
0.7813907862155361E-003      31.00000000000000
0.8500696501668826E-003      32.00000000000000
0.8612723076709255E-003      33.00000000000000
0.8724749651749682E-003      34.00000000000000
0.8821662378438713E-003      35.00000000000000
0.7168557139242188E-003      36.00000000000000
0.7094458605862202E-003      37.00000000000000
0.7119422890503435E-003      38.00000000000000
0.7278253962774496E-003      39.00000000000000
0.9613887322511760E-003      40.00000000000000
0.9639489656526089E-003      41.00000000000000
0.9574905103072916E-003      42.00000000000000
0.9510320549619742E-003      43.00000000000000
0.9041065218137945E-003      44.00000000000000
0.1164047321482068      45.00000000000000
0.1481470858001926      46.00000000000000
0.1690135648154284      47.00000000000000
0.2118977833910942      48.00000000000000
0.7458745976198792      49.00000000000000
0.7956091272943354      50.00000000000000
0.8085143543125178      51.00000000000000
0.8029924355081468      52.00000000000000
0.6291386618646675      53.00000000000000
0.6435899444073025      54.00000000000000
0.6644770718754907      55.00000000000000
0.7247264574593067      56.00000000000000
 1.548705693460346      57.00000000000000
 1.603961006775555      58.00000000000000
 1.603956554427558      59.00000000000000
 1.548685234734260      60.00000000000000
0.7245656402888312      61.00000000000000
0.6643069952132226      62.00000000000000
0.6434188000724642      63.00000000000000
0.6289734285435856      64.00000000000000
0.8029443874396690      65.00000000000000
0.8084733967702337      66.00000000000000
0.7955683149915596      67.00000000000000
0.7458271931689975      68.00000000000000
0.2117372636507062      69.00000000000000
0.1688477682177497      70.00000000000000
0.1479828126929978      71.00000000000000
0.1162507140631527      72.00000000000000
0.9005538631961648E-003      73.00000000000000
0.9640794939824252E-003      74.00000000000000
0.9749901260315404E-003      75.00000000000000
0.9859007580806556E-003      76.00000000000000
0.9987530415853678E-003      77.00000000000000
0.8961291226908664E-003      78.00000000000000
0.8888772060257535E-003      79.00000000000000
0.8872967404730155E-003      80.00000000000000
0.8888687134095739E-003      81.00000000000000
0.9415050552496109E-003      82.00000000000000
0.9252340657381128E-003      83.00000000000000
0.9140752802834806E-003      84.00000000000000
0.9029164948288486E-003      85.00000000000000
0.8412225023457469E-003      86.00000000000000
0.1162302148489892      87.00000000000000
0.1479645424855889      88.00000000000000
0.1688294062700909      89.00000000000000
0.2117163446732678      90.00000000000000
0.7457645882085975      91.00000000000000
0.7955036589158732      92.00000000000000
0.8084091790190057      93.00000000000000
0.8028836249826607      94.00000000000000
0.6289644967495199      95.00000000000000
0.6434157352266504      96.00000000000000
0.6643071674616382      97.00000000000000
0.7245715834857314      98.00000000000000
 1.548741404492516      99.00000000000000
 1.604016152506383      100.0000000000000
 1.604021118603698      101.0000000000000
 1.548764039837552      102.0000000000000
0.7247468328916953      103.0000000000000
0.6644953173347263      104.0000000000000
0.6436083370327293      105.0000000000000
0.6291597106826532      106.0000000000000
0.8030560336591055      107.0000000000000
0.8085800697543601      108.0000000000000
0.7956744216992215      109.0000000000000
0.7459364298239586      110.0000000000000
0.2119074049130960      111.0000000000000
0.1690172964311549      112.0000000000000
0.1481475800667222      113.0000000000000
0.1163994775140772      114.0000000000000
0.8489974451225353E-003      115.0000000000000
0.8925009345841355E-003      116.0000000000000
0.8986937784108149E-003      117.0000000000000
0.9048866222374943E-003      118.0000000000000
0.9040092585546097E-003      119.0000000000000
0.7068933608596361E-003      120.0000000000000
0.6929519518403882E-003      121.0000000000000
0.6902137942541017E-003      122.0000000000000
0.6948153143910558E-003      123.0000000000000
0.8160780215983898E-003      124.0000000000000
0.8041521148278800E-003      125.0000000000000
0.7931587689868105E-003      126.0000000000000
0.7821654231457410E-003      127.0000000000000
0.7170848598563578E-003      128.0000000000000
0.1160443117145070      129.0000000000000
0.1477796292355494      130.0000000000000
0.1686497428516715      131.0000000000000
0.2115540555313248      132.0000000000000
0.7458186649024119      133.0000000000000
0.7955792009386947      134.0000000000000
0.8084947223111435      135.0000000000000
0.8029834349983704      136.0000000000000
0.6291584551651107      137.0000000000000
0.6436162343471568      138.0000000000000
0.6645087643605342      139.0000000000000
0.7247700605928465      140.0000000000000
 1.548869089268042      141.0000000000000
 1.604139035976637      142.0000000000000
 1.604143386176441      143.0000000000000
 1.548889148232903      144.0000000000000
0.7249287478615960      145.0000000000000
0.6646755258255417      146.0000000000000
0.6437828057497565      147.0000000000000
0.6293157700260369      148.0000000000000
0.8029854477891499      149.0000000000000
0.8084873904537963      150.0000000000000
0.7955717142986177      151.0000000000000
0.7458199918051075      152.0000000000000
0.2117063475354494      153.0000000000000
0.1688106152993283      154.0000000000000
0.1479402056309324      155.0000000000000
0.1161957519922738      156.0000000000000
0.7191142914836937E-003      157.0000000000000
0.7678526798465657E-003      158.0000000000000
0.7744960066242597E-003      159.0000000000000
0.7811393334019536E-003      160.0000000000000
0.7779902195486289E-003      161.0000000000000
0.5281989223736246E-003      162.0000000000000
0.5162012940537373E-003      163.0000000000000
0.5192913214623704E-003      164.0000000000000
0.5424014408662832E-003      165.0000000000000
0.8900846674722205E-003      166.0000000000000
0.8998158384437400E-003      167.0000000000000
0.8935929035025746E-003      168.0000000000000
0.8873699685614093E-003      169.0000000000000
0.8346836167621426E-003      170.0000000000000
0.1162310927982007      171.0000000000000
0.1479709416778424      172.0000000000000
0.1688415389551029      173.0000000000000
0.2117425467392536      174.0000000000000
0.7459422552341659      175.0000000000000
0.7956983747693922      176.0000000000000
0.8086133290296591      177.0000000000000
0.8031047310256941      178.0000000000000
0.6293334436674791      179.0000000000000
0.6437889937057198      180.0000000000000
0.6646753839493670      181.0000000000000
0.7249173197640412      182.0000000000000
 1.548779443289442      183.0000000000000
 1.604027081089763      184.0000000000000
 1.604021851335846      185.0000000000000
 1.548755705670124      186.0000000000000
0.7247349945995726      187.0000000000000
0.6644780833758219      188.0000000000000
0.6435852427643038      189.0000000000000
0.6291219679981721      190.0000000000000
0.8028589679408686      191.0000000000000
0.8083657113116028      192.0000000000000
0.7954508733998924      193.0000000000000
0.7456970078213268      194.0000000000000
0.2115348488742038      195.0000000000000
0.1686420726768837      196.0000000000000
0.1477782894546759      197.0000000000000
0.1160542093637503      198.0000000000000
0.8244359359305135E-003      199.0000000000000
0.8961029097294314E-003      200.0000000000000
0.9075554537479364E-003      201.0000000000000
0.9190079977664412E-003      202.0000000000000
0.9273125958279061E-003      203.0000000000000
0.7309318780371359E-003      204.0000000000000
0.7223296760758078E-003      205.0000000000000
0.7255690301062581E-003      206.0000000000000
0.7453082895223159E-003      207.0000000000000
0.1033307212796640E-002      208.0000000000000
0.1038945717838390E-002      209.0000000000000
0.1032407748533097E-002      210.0000000000000
0.1025869779227805E-002      211.0000000000000
0.9753993775118505E-003      212.0000000000000
0.1164184633356064      213.0000000000000
0.1481547563470469      214.0000000000000
0.1690181669079933      215.0000000000000
0.2118973989532832      216.0000000000000
0.7458347012915429      217.0000000000000
0.7955664619050499      218.0000000000000
0.8084712137239515      219.0000000000000
0.8029505710894276      220.0000000000000
0.6291259408649645      221.0000000000000
0.6435782104644977      222.0000000000000
0.6644644752929304      223.0000000000000
0.7247097775216115      224.0000000000000
 1.548632781099358      225.0000000000000
 1.603884915552353      226.0000000000000
 1.603880597881622      227.0000000000000
 1.548612819088678      228.0000000000000
0.7245510885557502      229.0000000000000
0.6642985137264783      230.0000000000000
0.6434133771428832      231.0000000000000
0.6289729471449825      232.0000000000000
0.8029828076853083      233.0000000000000
0.8085145664462173      234.0000000000000
0.7956099780623787      235.0000000000000
0.7458676621028972      236.0000000000000
0.2117497085610613      237.0000000000000
0.1688593509969737      238.0000000000000
0.1479953257216084      239.0000000000000
0.1162674272764651      240.0000000000000
0.9744835654988125E-003      241.0000000000000
0.1041267598795804E-002      242.0000000000000
0.1052123049252921E-002      243.0000000000000
0.1062978499710038E-002      244.0000000000000
0.1072314561455425E-002      245.0000000000000
0.9123351433923327E-003      246.0000000000000
0.8991465518047157E-003      247.0000000000000
0.8946080101195455E-003      248.0000000000000
0.8914702616673087E-003      249.0000000000000
0.9075692677187293E-003      250.0000000000000
0.8886294287083999E-003      251.0000000000000
0.8771970179994454E-003      252.0000000000000
