 SGx1               SGx2               SGy1               SGy2               spin_ref          spin_x                  spin_y                  spin_z
 0.000000000000000  0.000000000000000  0.000000000000000  0.000000000000000  0.000000000000000 -.5206467479368371E-009 -.2524143949411695E-008 0.9600803485554366E-010
 0.000000000000000 0.2000000000000000E-001  0.000000000000000  0.000000000000000  0.000000000000000 -.5648468082153357E-009 -.5826820831389412E-008 0.9352804641871160E-010
 0.000000000000000 0.4000000000000000E-001  0.000000000000000  0.000000000000000  0.000000000000000 -.6089857229607532E-009 -.9129483197201083E-008 0.9104800247072831E-010
 0.000000000000000 0.6000000000000000E-001  0.000000000000000  0.000000000000000  0.000000000000000 -.6530635476842406E-009 -.1243213101909113E-007 0.8856790301159378E-010
 0.000000000000000 0.8000000000000000E-001  0.000000000000000  0.000000000000000  0.000000000000000 -.6970802268746468E-009 -.1573476435257071E-007 0.8608780355245926E-010
0.2000000000000000E-001  0.000000000000000  0.000000000000000  0.000000000000000  0.000000000000000 -.6163478061260719E-009 -.4621321131326184E-008 0.8922934613408984E-010
0.2000000000000000E-001 0.2000000000000000E-001  0.000000000000000  0.000000000000000  0.000000000000000 -.6604629343431867E-009 -.7924883860255250E-008 0.8674932994168216E-010
0.2000000000000000E-001 0.4000000000000000E-001  0.000000000000000  0.000000000000000  0.000000000000000 -.7045169447827959E-009 -.1122843207301827E-007 0.8426925823812326E-010
0.2000000000000000E-001 0.6000000000000000E-001  0.000000000000000  0.000000000000000  0.000000000000000 -.7485098374448995E-009 -.1453196574185966E-007 0.8178918653456435E-010
0.2000000000000000E-001 0.8000000000000000E-001  0.000000000000000  0.000000000000000  0.000000000000000 -.7924416123294975E-009 -.1783548489453501E-007 0.7930908707542983E-010
0.4000000000000000E-001  0.000000000000000  0.000000000000000  0.000000000000000  0.000000000000000 -.7119645983877376E-009 -.6719432704693773E-008 0.8245060190148479E-010
0.4000000000000000E-001 0.2000000000000000E-001  0.000000000000000  0.000000000000000  0.000000000000000 -.7559947945434686E-009 -.1002388128057419E-007 0.7997053019792588E-010
0.4000000000000000E-001 0.4000000000000000E-001  0.000000000000000  0.000000000000000  0.000000000000000 -.7999639006772696E-009 -.1332831531253298E-007 0.7749048624994259E-010
0.4000000000000000E-001 0.6000000000000000E-001  0.000000000000000  0.000000000000000  0.000000000000000 -.8438718335224138E-009 -.1663273482832572E-007 0.7501041454638369E-010
0.4000000000000000E-001 0.8000000000000000E-001  0.000000000000000  0.000000000000000  0.000000000000000 -.8877186763456280E-009 -.1993713985570800E-007 0.7253037059840040E-010
0.6000000000000000E-001  0.000000000000000  0.000000000000000  0.000000000000000  0.000000000000000 -.8074970692106831E-009 -.8818478586247736E-008 0.7567182991330412E-010
0.6000000000000000E-001 0.2000000000000000E-001  0.000000000000000  0.000000000000000  0.000000000000000 -.8514423610606059E-009 -.1212381300907950E-007 0.7319178596532083E-010
0.6000000000000000E-001 0.4000000000000000E-001  0.000000000000000  0.000000000000000  0.000000000000000 -.8953265351330231E-009 -.1542913288798964E-007 0.7071171426176193E-010
0.6000000000000000E-001 0.6000000000000000E-001  0.000000000000000  0.000000000000000  0.000000000000000 -.9391495636723590E-009 -.1873443827848931E-007 0.6823164255820302E-010
0.6000000000000000E-001 0.8000000000000000E-001  0.000000000000000  0.000000000000000  0.000000000000000 -.9829115021897650E-009 -.2203972915282293E-007 0.6575157085464411E-010
0.8000000000000000E-001  0.000000000000000  0.000000000000000  0.000000000000000  0.000000000000000 -.9029453018616351E-009 -.1091845885925480E-007 0.6889305792512346E-010
0.8000000000000000E-001 0.2000000000000000E-001  0.000000000000000  0.000000000000000  0.000000000000000 -.9468056616501741E-009 -.1422467912903791E-007 0.6641298622156455E-010
0.8000000000000000E-001 0.4000000000000000E-001  0.000000000000000  0.000000000000000  0.000000000000000 -.9906048759056318E-009 -.1753088485489940E-007 0.6393294227358126E-010
0.8000000000000000E-001 0.6000000000000000E-001  0.000000000000000  0.000000000000000  0.000000000000000 -.1034343000139160E-008 -.2083707609235042E-007 0.6145287057002236E-010
0.8000000000000000E-001 0.8000000000000000E-001  0.000000000000000  0.000000000000000  0.000000000000000 -.1078020006595182E-008 -.2414325278587981E-007 0.5897282662203907E-010
 0.000000000000000  0.000000000000000 -.3000000000000000E-001  0.000000000000000  0.000000000000000 -.2735669940578944E-008 -.8949020913195938E-008 0.9507028497779402E-010
 0.000000000000000 0.2000000000000000E-001 -.3000000000000000E-001  0.000000000000000  0.000000000000000 -.2780728369788932E-008 -.1220688611303089E-007 0.9259037980768881E-010
 0.000000000000000 0.4000000000000000E-001 -.3000000000000000E-001  0.000000000000000  0.000000000000000 -.2825725681221414E-008 -.1546473674118864E-007 0.9011025259297867E-010
 0.000000000000000 0.6000000000000000E-001 -.3000000000000000E-001  0.000000000000000  0.000000000000000 -.2870661874876390E-008 -.1872257288093593E-007 0.8763020864499538E-010
 0.000000000000000 0.8000000000000000E-001 -.3000000000000000E-001  0.000000000000000  0.000000000000000 -.2915536950753861E-008 -.2198039447676159E-007 0.8515005367470962E-010
0.2000000000000000E-001  0.000000000000000 -.3000000000000000E-001  0.000000000000000  0.000000000000000 -.2831725687268971E-008 -.1102152483167806E-007 0.8829156850076458E-010
0.2000000000000000E-001 0.2000000000000000E-001 -.3000000000000000E-001  0.000000000000000  0.000000000000000 -.2876699156661999E-008 -.1428027585070879E-007 0.8581146904163006E-010
0.2000000000000000E-001 0.4000000000000000E-001 -.3000000000000000E-001  0.000000000000000  0.000000000000000 -.2921611536033097E-008 -.1753901232581789E-007 0.8333153611594923E-010
0.2000000000000000E-001 0.6000000000000000E-001 -.3000000000000000E-001  0.000000000000000  0.000000000000000 -.2966462825382266E-008 -.2079773431251652E-007 0.8085143665681471E-010
0.2000000000000000E-001 0.8000000000000000E-001 -.3000000000000000E-001  0.000000000000000  0.000000000000000 -.3011252969198353E-008 -.2405644175529353E-007 0.7837136495325581E-010
0.4000000000000000E-001  0.000000000000000 -.3000000000000000E-001  0.000000000000000  0.000000000000000 -.2927697112520278E-008 -.1309496308610214E-007 0.8151279651258392E-010
0.4000000000000000E-001 0.2000000000000000E-001 -.3000000000000000E-001  0.000000000000000  0.000000000000000 -.2972585677607498E-008 -.1635459995208421E-007 0.7903275256460063E-010
0.4000000000000000E-001 0.4000000000000000E-001 -.3000000000000000E-001  0.000000000000000  0.000000000000000 -.3017413152672788E-008 -.1961422230190024E-007 0.7655262534989049E-010
0.4000000000000000E-001 0.6000000000000000E-001 -.3000000000000000E-001  0.000000000000000  0.000000000000000 -.3062179509960572E-008 -.2287383013555022E-007 0.7407263691305843E-010
0.4000000000000000E-001 0.8000000000000000E-001 -.3000000000000000E-001  0.000000000000000  0.000000000000000 -.3106884721715275E-008 -.2613342342527858E-007 0.7159256520949953E-010
0.6000000000000000E-001  0.000000000000000 -.3000000000000000E-001  0.000000000000000  0.000000000000000 -.3023584244088440E-008 -.1516933570422374E-007 0.7473396901325202E-010
0.6000000000000000E-001 0.2000000000000000E-001 -.3000000000000000E-001  0.000000000000000  0.000000000000000 -.3068387904869851E-008 -.1842985844491274E-007 0.7225395282084435E-010
0.6000000000000000E-001 0.4000000000000000E-001 -.3000000000000000E-001  0.000000000000000  0.000000000000000 -.3113130447873758E-008 -.2169036664168011E-007 0.6977388111728544E-010
0.6000000000000000E-001 0.6000000000000000E-001 -.3000000000000000E-001  0.000000000000000  0.000000000000000 -.3157811873100158E-008 -.2495086032228144E-007 0.6729386492487777E-010
0.6000000000000000E-001 0.8000000000000000E-001 -.3000000000000000E-001  0.000000000000000  0.000000000000000 -.3202432180549053E-008 -.2821133945896115E-007 0.6481379322131886E-010
0.8000000000000000E-001  0.000000000000000 -.3000000000000000E-001  0.000000000000000  0.000000000000000 -.3119387109729033E-008 -.1724464271379844E-007 0.6795519702507136E-010
0.8000000000000000E-001 0.2000000000000000E-001 -.3000000000000000E-001  0.000000000000000  0.000000000000000 -.3164105838449061E-008 -.2050605127368321E-007 0.6547512532151245E-010
0.8000000000000000E-001 0.4000000000000000E-001 -.3000000000000000E-001  0.000000000000000  0.000000000000000 -.3208763477147158E-008 -.2376744531740194E-007 0.6299508137352916E-010
0.8000000000000000E-001 0.6000000000000000E-001 -.3000000000000000E-001  0.000000000000000  0.000000000000000 -.3253359970312175E-008 -.2702882481719904E-007 0.6051503742554587E-010
0.8000000000000000E-001 0.8000000000000000E-001 -.3000000000000000E-001  0.000000000000000  0.000000000000000 -.3297895345699686E-008 -.3029018982858567E-007 0.5803496572198696E-010
 0.000000000000000  0.000000000000000 -.6000000000000000E-001  0.000000000000000  0.000000000000000 -.4948904286372624E-008 -.1552555053963012E-007 0.9413264612234684E-010
 0.000000000000000 0.2000000000000000E-001 -.6000000000000000E-001  0.000000000000000  0.000000000000000 -.4994821084514101E-008 -.1873860400181115E-007 0.9165262992993917E-010
 0.000000000000000 0.4000000000000000E-001 -.6000000000000000E-001  0.000000000000000  0.000000000000000 -.5040676792633647E-008 -.2195164294782614E-007 0.8917253047080465E-010
 0.000000000000000 0.6000000000000000E-001 -.6000000000000000E-001  0.000000000000000  0.000000000000000 -.5086471355220112E-008 -.2516466737767509E-007 0.8669245876724574E-010
 0.000000000000000 0.8000000000000000E-001 -.6000000000000000E-001  0.000000000000000  0.000000000000000 -.5132204800029072E-008 -.2837767726360241E-007 0.8421235930811122E-010
0.2000000000000000E-001  0.000000000000000 -.6000000000000000E-001  0.000000000000000  0.000000000000000 -.5045314693807867E-008 -.1757338116692431E-007 0.8735379086743933E-010
0.2000000000000000E-001 0.2000000000000000E-001 -.6000000000000000E-001  0.000000000000000  0.000000000000000 -.5091146559887960E-008 -.2078732047605669E-007 0.8487369140830481E-010
0.2000000000000000E-001 0.4000000000000000E-001 -.6000000000000000E-001  0.000000000000000  0.000000000000000 -.5136917335946123E-008 -.2400124529677861E-007 0.8239378623819960E-010
0.2000000000000000E-001 0.6000000000000000E-001 -.6000000000000000E-001  0.000000000000000  0.000000000000000 -.5182626966471204E-008 -.2721515557357890E-007 0.7991365902348946E-010
0.2000000000000000E-001 0.8000000000000000E-001 -.6000000000000000E-001  0.000000000000000  0.000000000000000 -.5228275479218780E-008 -.3042905130645757E-007 0.7743361507550617E-010
0.4000000000000000E-001  0.000000000000000 -.6000000000000000E-001  0.000000000000000  0.000000000000000 -.5141640779804391E-008 -.1962214615791602E-007 0.8057499112368305E-010
0.4000000000000000E-001 0.2000000000000000E-001 -.6000000000000000E-001  0.000000000000000  0.000000000000000 -.5187387741578675E-008 -.2283697131399975E-007 0.7809491942012414E-010
0.4000000000000000E-001 0.4000000000000000E-001 -.6000000000000000E-001  0.000000000000000  0.000000000000000 -.5233073585575454E-008 -.2605178198167302E-007 0.7561484771656524E-010
0.4000000000000000E-001 0.6000000000000000E-001 -.6000000000000000E-001  0.000000000000000  0.000000000000000 -.5278698311794727E-008 -.2926657807766908E-007 0.7313491479088441E-010
0.4000000000000000E-001 0.8000000000000000E-001 -.6000000000000000E-001  0.000000000000000  0.000000000000000 -.5324261920236495E-008 -.3248135968525467E-007 0.7065481533174989E-010
0.6000000000000000E-001  0.000000000000000 -.6000000000000000E-001  0.000000000000000  0.000000000000000 -.5237882599873345E-008 -.2167184554036083E-007 0.7379616362435115E-010
0.6000000000000000E-001 0.2000000000000000E-001 -.6000000000000000E-001  0.000000000000000  0.000000000000000 -.5283544629586245E-008 -.2488755654339592E-007 0.7131611967636786E-010
0.6000000000000000E-001 0.4000000000000000E-001 -.6000000000000000E-001  0.000000000000000  0.000000000000000 -.5329145513766065E-008 -.2810325303026495E-007 0.6883607572838457E-010
0.6000000000000000E-001 0.6000000000000000E-001 -.6000000000000000E-001  0.000000000000000  0.000000000000000 -.5374685335679530E-008 -.3131893500096794E-007 0.6635597626925005E-010
0.6000000000000000E-001 0.8000000000000000E-001 -.6000000000000000E-001  0.000000000000000  0.000000000000000 -.5420164012059914E-008 -.3453460242774931E-007 0.6387604334356922E-010
0.8000000000000000E-001  0.000000000000000 -.6000000000000000E-001  0.000000000000000  0.000000000000000 -.5334040098503579E-008 -.2372247923099202E-007 0.6701733612501926E-010
0.8000000000000000E-001 0.2000000000000000E-001 -.6000000000000000E-001  0.000000000000000  0.000000000000000 -.5379617196155095E-008 -.2693907608097845E-007 0.6453726442146035E-010
0.8000000000000000E-001 0.4000000000000000E-001 -.6000000000000000E-001  0.000000000000000  0.000000000000000 -.5425133203784682E-008 -.3015565844255441E-007 0.6205724822905268E-010
0.8000000000000000E-001 0.6000000000000000E-001 -.6000000000000000E-001  0.000000000000000  0.000000000000000 -.5470588093636763E-008 -.3337222626020875E-007 0.5957717652549377E-010
0.8000000000000000E-001 0.8000000000000000E-001 -.6000000000000000E-001  0.000000000000000  0.000000000000000 -.5515981865711339E-008 -.3658877956169704E-007 0.5709707706635925E-010
 0.000000000000000  0.000000000000000 -.9000000000000000E-001  0.000000000000000  0.000000000000000 -.7160349840829028E-008 -.2225373280095866E-007 0.9319486848902159E-010
 0.000000000000000 0.2000000000000000E-001 -.9000000000000000E-001  0.000000000000000  0.000000000000000 -.7207124980146418E-008 -.2542197458099693E-007 0.9071488005218953E-010
 0.000000000000000 0.4000000000000000E-001 -.9000000000000000E-001  0.000000000000000  0.000000000000000 -.7253839057197453E-008 -.2859020181711358E-007 0.8823480834863062E-010
 0.000000000000000 0.6000000000000000E-001 -.9000000000000000E-001  0.000000000000000  0.000000000000000 -.7300491988715407E-008 -.3175841453706418E-007 0.8575473664507172E-010
 0.000000000000000 0.8000000000000000E-001 -.9000000000000000E-001  0.000000000000000  0.000000000000000 -.7347083830211432E-008 -.3492661274084874E-007 0.8327460943036158E-010
0.2000000000000000E-001  0.000000000000000 -.9000000000000000E-001  0.000000000000000  0.000000000000000 -.7257114881253912E-008 -.2427689019257606E-007 0.8641601323411408E-010
0.2000000000000000E-001 0.2000000000000000E-001 -.9000000000000000E-001  0.000000000000000  0.000000000000000 -.7303805116265494E-008 -.2744601779181011E-007 0.8393596928613078E-010
0.2000000000000000E-001 0.4000000000000000E-001 -.9000000000000000E-001  0.000000000000000  0.000000000000000 -.7350434261255145E-008 -.3061513090263368E-007 0.8145600860487434E-010
0.2000000000000000E-001 0.6000000000000000E-001 -.9000000000000000E-001  0.000000000000000  0.000000000000000 -.7397002288467291E-008 -.3378422944178006E-007 0.7897588139016420E-010
0.2000000000000000E-001 0.8000000000000000E-001 -.9000000000000000E-001  0.000000000000000  0.000000000000000 -.7443509197901932E-008 -.3695331349251596E-007 0.7649583744218091E-010
0.4000000000000000E-001  0.000000000000000 -.9000000000000000E-001  0.000000000000000  0.000000000000000 -.7353795600240076E-008 -.2630098189237984E-007 0.7963718573478218E-010
0.4000000000000000E-001 0.2000000000000000E-001 -.9000000000000000E-001  0.000000000000000  0.000000000000000 -.7400400930945850E-008 -.2947099533856523E-007 0.7715714178679889E-010
0.4000000000000000E-001 0.4000000000000000E-001 -.9000000000000000E-001  0.000000000000000  0.000000000000000 -.7446945171629693E-008 -.3264099429634015E-007 0.7467712559439121E-010
0.4000000000000000E-001 0.6000000000000000E-001 -.9000000000000000E-001  0.000000000000000  0.000000000000000 -.7493428266780455E-008 -.3581097871019345E-007 0.7219713715755915E-010
0.4000000000000000E-001 0.8000000000000000E-001 -.9000000000000000E-001  0.000000000000000  0.000000000000000 -.7539850244153712E-008 -.3898094860788071E-007 0.6971700994284902E-010
0.6000000000000000E-001  0.000000000000000 -.9000000000000000E-001  0.000000000000000  0.000000000000000 -.7450392081054247E-008 -.2832600798363671E-007 0.7285833047987467E-010
0.6000000000000000E-001 0.2000000000000000E-001 -.9000000000000000E-001  0.000000000000000  0.000000000000000 -.7496912507454212E-008 -.3149690730452903E-007 0.7037831428746699E-010
0.6000000000000000E-001 0.4000000000000000E-001 -.9000000000000000E-001  0.000000000000000  0.000000000000000 -.7543371788321096E-008 -.3466779208149973E-007 0.6789824258390809E-010
0.6000000000000000E-001 0.6000000000000000E-001 -.9000000000000000E-001  0.000000000000000  0.000000000000000 -.7589769979166050E-008 -.3783866234230437E-007 0.6541817088034918E-010
0.6000000000000000E-001 0.8000000000000000E-001 -.9000000000000000E-001  0.000000000000000  0.000000000000000 -.7636107052233498E-008 -.4100951808694298E-007 0.6293821019909274E-010
0.8000000000000000E-001  0.000000000000000 -.9000000000000000E-001  0.000000000000000  0.000000000000000 -.7546904240429697E-008 -.3035196843859111E-007 0.6607947522496715E-010
0.8000000000000000E-001 0.2000000000000000E-001 -.9000000000000000E-001  0.000000000000000  0.000000000000000 -.7593339734768279E-008 -.3352375360643478E-007 0.6359943127698386E-010
0.8000000000000000E-001 0.4000000000000000E-001 -.9000000000000000E-001  0.000000000000000  0.000000000000000 -.7639714111329354E-008 -.3669552423035682E-007 0.6111938732900057E-010
0.8000000000000000E-001 0.6000000000000000E-001 -.9000000000000000E-001  0.000000000000000  0.000000000000000 -.7686027370112924E-008 -.3986728033811282E-007 0.5863934338101728E-010
0.8000000000000000E-001 0.8000000000000000E-001 -.9000000000000000E-001  0.000000000000000  0.000000000000000 -.7732279511118989E-008 -.4303902192970277E-007 0.5615924392188276E-010
 0.000000000000000  0.000000000000000 -.1200000000000000  0.000000000000000  0.000000000000000 -.9370006520681429E-008 -.2913356775269271E-007 0.9225711861127195E-010
 0.000000000000000 0.2000000000000000E-001 -.1200000000000000  0.000000000000000  0.000000000000000 -.9417640084441459E-008 -.3225699782283264E-007 0.8977707466328866E-010
 0.000000000000000 0.4000000000000000E-001 -.1200000000000000  0.000000000000000  0.000000000000000 -.9465212530423983E-008 -.3538041334905095E-007 0.8729705847088098E-010
 0.000000000000000 0.6000000000000000E-001 -.1200000000000000  0.000000000000000  0.000000000000000 -.9512723803117851E-008 -.3850381435910322E-007 0.8481698676732208E-010
 0.000000000000000 0.8000000000000000E-001 -.1200000000000000  0.000000000000000  0.000000000000000 -.9560174013545364E-008 -.4162720085298943E-007 0.8233691506376317E-010
0.2000000000000000E-001  0.000000000000000 -.1200000000000000  0.000000000000000  0.000000000000000 -.9467126221851530E-008 -.3113205185312218E-007 0.8547826335636444E-010
0.2000000000000000E-001 0.2000000000000000E-001 -.1200000000000000  0.000000000000000  0.000000000000000 -.9514674853550176E-008 -.3425636777021346E-007 0.8299821940838115E-010
0.2000000000000000E-001 0.4000000000000000E-001 -.1200000000000000  0.000000000000000  0.000000000000000 -.9562162367471316E-008 -.3738066914338312E-007 0.8051825872712470E-010
0.2000000000000000E-001 0.6000000000000000E-001 -.1200000000000000  0.000000000000000  0.000000000000000 -.9609588763614951E-008 -.4050495600038673E-007 0.7803813151241457E-010
0.2000000000000000E-001 0.8000000000000000E-001 -.1200000000000000  0.000000000000000  0.000000000000000 -.9656954041981081E-008 -.4362922834122429E-007 0.7555811532000689E-010
0.4000000000000000E-001  0.000000000000000 -.1200000000000000  0.000000000000000  0.000000000000000 -.9564161629338486E-008 -.3313147031724917E-007 0.7869938034588131E-010
0.4000000000000000E-001 0.2000000000000000E-001 -.1200000000000000  0.000000000000000  0.000000000000000 -.9611625356731324E-008 -.3625667208129180E-007 0.7621933639789802E-010
0.4000000000000000E-001 0.4000000000000000E-001 -.1200000000000000  0.000000000000000  0.000000000000000 -.9659027910835505E-008 -.3938185930141280E-007 0.7373932020549034E-010
0.4000000000000000E-001 0.6000000000000000E-001 -.1200000000000000  0.000000000000000  0.000000000000000 -.9706369402673332E-008 -.4250703200536776E-007 0.7125935952423390E-010
0.4000000000000000E-001 0.8000000000000000E-001 -.1200000000000000  0.000000000000000  0.000000000000000 -.9753649748978077E-008 -.4563219019315667E-007 0.6877926006509938E-010
0.6000000000000000E-001  0.000000000000000 -.1200000000000000  0.000000000000000  0.000000000000000 -.9661112743142297E-008 -.3513182308956253E-007 0.7192049733539818E-010
0.6000000000000000E-001 0.2000000000000000E-001 -.1200000000000000  0.000000000000000  0.000000000000000 -.9708491538473751E-008 -.3825791070055651E-007 0.6944048114299051E-010
0.6000000000000000E-001 0.4000000000000000E-001 -.1200000000000000  0.000000000000000  0.000000000000000 -.9755809216027700E-008 -.4138398379538444E-007 0.6696043719500722E-010
0.6000000000000000E-001 0.6000000000000000E-001 -.1200000000000000  0.000000000000000  0.000000000000000 -.9803065775804143E-008 -.4451004234629075E-007 0.6448039324702393E-010
0.6000000000000000E-001 0.8000000000000000E-001 -.1200000000000000  0.000000000000000  0.000000000000000 -.9850261217803080E-008 -.4763608638103101E-007 0.6200043256576748E-010
0.8000000000000000E-001  0.000000000000000 -.1200000000000000  0.000000000000000  0.000000000000000 -.9757979591018540E-008 -.3713311028108457E-007 0.6514161432491505E-010
0.8000000000000000E-001 0.2000000000000000E-001 -.1200000000000000  0.000000000000000  0.000000000000000 -.9805273454288610E-008 -.4026008373902989E-007 0.6266159813250738E-010
0.8000000000000000E-001 0.4000000000000000E-001 -.1200000000000000  0.000000000000000  0.000000000000000 -.9852506172025599E-008 -.4338704265305360E-007 0.6018155418452409E-010
0.8000000000000000E-001 0.6000000000000000E-001 -.1200000000000000  0.000000000000000  0.000000000000000 -.9899677827496234E-008 -.4651398707866683E-007 0.5770151023654080E-010
0.8000000000000000E-001 0.8000000000000000E-001 -.1200000000000000  0.000000000000000  0.000000000000000 -.9946788337433787E-008 -.4964091696035844E-007 0.5522149404413312E-010
