BETA     element
 12.06040000000000      0.000000000000000
 11.66848672402609      1.000000000000000
 6.421073562803377      2.000000000000000
 3.352548829781271      3.000000000000000
 3.291919781848534      4.000000000000000
 3.598245247633791      5.000000000000000
 4.273464909458894      6.000000000000000
 11.66161020022231      7.000000000000000
 14.25396676720323      8.000000000000000
 14.68705151624880      9.000000000000000
 13.54721112540964      10.00000000000000
 11.31380879239921      11.00000000000000
 1.524373136558960      12.00000000000000
0.7369746219078817      13.00000000000000
0.6399006849181412      14.00000000000000
0.7378544670923217      15.00000000000000
 1.092087615998258      16.00000000000000
 9.694220033654853      17.00000000000000
 13.56675795390662      18.00000000000000
 14.70758998755152      19.00000000000000
 14.27326665186280      20.00000000000000
 12.96702447480339      21.00000000000000
 5.445905610046854      22.00000000000000
 1.779394871321819      23.00000000000000
 1.648720343106949      24.00000000000000
 1.648720340035689      25.00000000000000
 1.779394864006344      26.00000000000000
 5.445905557791589      27.00000000000000
 12.96702435874789      28.00000000000000
 14.27326652578292      29.00000000000000
 14.70758985919377      30.00000000000000
 13.56675783707200      31.00000000000000
 9.694219953647895      32.00000000000000
 1.092087617253345      33.00000000000000
0.7378544715699541      34.00000000000000
0.6399006908026885      35.00000000000000
0.7369746286525192      36.00000000000000
 1.524373142091842      37.00000000000000
 11.31380874070078      38.00000000000000
 13.54721105893928      39.00000000000000
 14.68705144081036      40.00000000000000
 14.25396669085132      41.00000000000000
 11.66161013142957      42.00000000000000
 4.273464871683028      43.00000000000000
 3.598245214373432      44.00000000000000
 3.291919750633673      45.00000000000000
 3.352548797622857      46.00000000000000
 6.421073515136847      47.00000000000000
 11.66848666992029      48.00000000000000
 12.06039994750634      49.00000000000000
