BETA     element
 2.396040000000000      0.000000000000000
 2.493185997401857      1.000000000000000
 5.429815554925510      2.000000000000000
 11.02802400668647      3.000000000000000
 11.31613857161915      4.000000000000000
 10.48458368294472      5.000000000000000
 8.866673055401771      6.000000000000000
 1.598430511853145      7.000000000000000
0.9643640136376695      8.000000000000000
0.8905645670600525      9.000000000000000
 1.008053913502479      10.00000000000000
 1.361248210646774      11.00000000000000
 8.423438872763510      12.00000000000000
 11.45317585584769      13.00000000000000
 12.32483841401418      14.00000000000000
 11.94373301858012      15.00000000000000
 10.72819060234997      16.00000000000000
 4.188496347918195      17.00000000000000
 3.144361803669876      18.00000000000000
 2.925430980646651      19.00000000000000
 3.061637754850554      20.00000000000000
 3.436383444682824      21.00000000000000
 7.835255244203600      22.00000000000000
 15.07899173172121      23.00000000000000
 15.64226384094946      24.00000000000000
 15.64829248686420      25.00000000000000
 15.09252274243955      26.00000000000000
 7.885903199310251      27.00000000000000
 3.490809326007441      28.00000000000000
 3.114027179611636      29.00000000000000
 2.978290149512410      30.00000000000000
 3.203143874715773      31.00000000000000
 4.267995404000373      32.00000000000000
 10.89714657908547      33.00000000000000
 12.12605674203133      34.00000000000000
 12.50833591896235      35.00000000000000
 11.61910306993502      36.00000000000000
 8.535518076560024      37.00000000000000
 1.353177288437255      38.00000000000000
0.9951456690116501      39.00000000000000
0.8751487093909255      40.00000000000000
0.9463965981704902      41.00000000000000
 1.577725197892844      42.00000000000000
 8.902847600580474      43.00000000000000
 10.53732214400698      44.00000000000000
 11.38052345500981      45.00000000000000
 11.09778418442299      46.00000000000000
 5.501122700176870      47.00000000000000
 2.540325440353543      48.00000000000000
 2.439934318859504      49.00000000000000
