DISP     element
 0.000000000000000      0.000000000000000
 0.000000000000000      1.000000000000000
 0.000000000000000      2.000000000000000
 0.000000000000000      3.000000000000000
 0.000000000000000      4.000000000000000
 0.000000000000000      5.000000000000000
 0.000000000000000      6.000000000000000
0.1161038663090846      7.000000000000000
0.1748406518713822      8.000000000000000
0.2060048999430646      9.000000000000000
0.2485264266313766      10.00000000000000
0.3096809028598226      11.00000000000000
0.8564522278305379      12.00000000000000
 1.022985028529285      13.00000000000000
 1.069833617559990      14.00000000000000
 1.061202387709751      15.00000000000000
 1.015623588982883      16.00000000000000
0.8000850231865562      17.00000000000000
0.7730861982361809      18.00000000000000
0.7822872141370968      19.00000000000000
0.8346165917985225      20.00000000000000
0.9167330919618459      21.00000000000000
 1.527007990902908      22.00000000000000
 2.137282889843971      23.00000000000000
 2.176137791718112      24.00000000000000
 2.174748623841348      25.00000000000000
 2.134106939308216      26.00000000000000
 1.510289878879749      27.00000000000000
0.8864728184512817      28.00000000000000
0.8025341314211515      29.00000000000000
0.7476486561340743      30.00000000000000
0.7339818804867158      31.00000000000000
0.7486207607752660      32.00000000000000
0.9159453003055393      33.00000000000000
0.9548399520235112      34.00000000000000
0.9609280526836234      35.00000000000000
0.9171839986558903      36.00000000000000
0.7639238189160522      37.00000000000000
0.2701911024880293      38.00000000000000
0.2165697028302896      39.00000000000000
0.1792490057348353      40.00000000000000
0.1518105051329936      41.00000000000000
0.9996505856806710E-001      42.00000000000000
0.1112667672639493E-001      43.00000000000000
0.1496125001863001E-001      44.00000000000000
0.1762471105624594E-001      45.00000000000000
0.1939688319704373E-001      46.00000000000000
0.2996414364321781E-001      47.00000000000000
0.4053140408939189E-001      48.00000000000000
0.4250448744472214E-001      49.00000000000000
