0.1635649186284960 0.1635649186284960 0.1635649188774591 0.1635649202482070 0.1635649187623640
0.1635649186284960 0.1635649186284960 0.1635649188544729 0.1635649200740321 0.1635649187229850
0.1635649186284960 0.1635649186284960 0.1635649188314913 0.1635649198998447 0.1635649186836042
0.1635649186284960 0.1635649186284960 0.1635649188085143 0.1635649197256449 0.1635649186442217
0.1635649186284960 0.1635649186284960 0.1635649187855418 0.1635649195514325 0.1635649186048374
0.1635649186284960 0.1635649186284960 0.1635649188605063 0.1635649200386983 0.1635649187513026
0.1635649186284960 0.1635649186284960 0.1635649188375221 0.1635649198645129 0.1635649187119231
0.1635649186284960 0.1635649186284960 0.1635649188145424 0.1635649196903149 0.1635649186725419
0.1635649186284960 0.1635649186284960 0.1635649187915673 0.1635649195161046 0.1635649186331589
0.1635649186284960 0.1635649186284960 0.1635649187685968 0.1635649193418818 0.1635649185937742
0.1635649186284960 0.1635649186284960 0.1635649188435537 0.1635649198291904 0.1635649187402410
0.1635649186284960 0.1635649186284960 0.1635649188205714 0.1635649196549945 0.1635649187008610
0.1635649186284960 0.1635649186284960 0.1635649187975936 0.1635649194807862 0.1635649186614794
0.1635649186284960 0.1635649186284960 0.1635649187746205 0.1635649193065653 0.1635649186220960
0.1635649186284960 0.1635649186284960 0.1635649187516518 0.1635649191323320 0.1635649185827109
0.1635649186284960 0.1635649186284960 0.1635649188266012 0.1635649196196835 0.1635649187291792
0.1635649186284960 0.1635649186284960 0.1635649188036208 0.1635649194454771 0.1635649186897989
0.1635649186284960 0.1635649186284960 0.1635649187806450 0.1635649192712583 0.1635649186504168
0.1635649186284960 0.1635649186284960 0.1635649187576737 0.1635649190970269 0.1635649186110330
0.1635649186284960 0.1635649186284960 0.1635649187347070 0.1635649189227832 0.1635649185716473
0.1635649186284960 0.1635649186284960 0.1635649188096487 0.1635649194101775 0.1635649187181172
0.1635649186284960 0.1635649186284960 0.1635649187866703 0.1635649192359606 0.1635649186787365
0.1635649186284960 0.1635649186284960 0.1635649187636964 0.1635649190617313 0.1635649186393540
0.1635649186284960 0.1635649186284960 0.1635649187407271 0.1635649188874895 0.1635649185999697
0.1635649186284960 0.1635649186284960 0.1635649187177623 0.1635649187132352 0.1635649185605837
0.1635649186284960 0.1635649186284960 0.1635649188361171 0.1635649201926393 0.1635649187659378
0.1635649186284960 0.1635649186284960 0.1635649188131345 0.1635649200184698 0.1635649187265589
0.1635649186284960 0.1635649186284960 0.1635649187901564 0.1635649198442879 0.1635649186871782
0.1635649186284960 0.1635649186284960 0.1635649187671828 0.1635649196700935 0.1635649186477958
0.1635649186284960 0.1635649186284960 0.1635649187442139 0.1635649194958866 0.1635649186084116
0.1635649186284960 0.1635649186284960 0.1635649188191644 0.1635649199831249 0.1635649187548764
0.1635649186284960 0.1635649186284960 0.1635649187961837 0.1635649198089449 0.1635649187154971
0.1635649186284960 0.1635649186284960 0.1635649187732075 0.1635649196347524 0.1635649186761160
0.1635649186284960 0.1635649186284960 0.1635649187502359 0.1635649194605475 0.1635649186367331
0.1635649186284960 0.1635649186284960 0.1635649187272689 0.1635649192863302 0.1635649185973485
0.1635649186284960 0.1635649186284960 0.1635649188022119 0.1635649197736113 0.1635649187438148
0.1635649186284960 0.1635649186284960 0.1635649187792331 0.1635649195994209 0.1635649187044351
0.1635649186284960 0.1635649186284960 0.1635649187562588 0.1635649194252179 0.1635649186650535
0.1635649186284960 0.1635649186284960 0.1635649187332892 0.1635649192510026 0.1635649186256702
0.1635649186284960 0.1635649186284960 0.1635649187103241 0.1635649190767747 0.1635649185862852
0.1635649186284960 0.1635649186284960 0.1635649187852594 0.1635649195640987 0.1635649187327531
0.1635649186284960 0.1635649186284960 0.1635649187622825 0.1635649193898978 0.1635649186933729
0.1635649186284960 0.1635649186284960 0.1635649187393102 0.1635649192156844 0.1635649186539909
0.1635649186284960 0.1635649186284960 0.1635649187163425 0.1635649190414585 0.1635649186146072
0.1635649186284960 0.1635649186284960 0.1635649186933793 0.1635649188672201 0.1635649185752217
0.1635649186284960 0.1635649186284960 0.1635649187683071 0.1635649193545871 0.1635649187216912
0.1635649186284960 0.1635649186284960 0.1635649187453321 0.1635649191803756 0.1635649186823106
0.1635649186284960 0.1635649186284960 0.1635649187223617 0.1635649190061517 0.1635649186429282
0.1635649186284960 0.1635649186284960 0.1635649186993959 0.1635649188319153 0.1635649186035441
0.1635649186284960 0.1635649186284960 0.1635649186764347 0.1635649186576665 0.1635649185641581
0.1635649186284960 0.1635649186284960 0.1635649187947752 0.1635649201370808 0.1635649187695115
0.1635649186284960 0.1635649186284960 0.1635649187717960 0.1635649199629167 0.1635649187301327
0.1635649186284960 0.1635649186284960 0.1635649187488214 0.1635649197887402 0.1635649186907522
0.1635649186284960 0.1635649186284960 0.1635649187258514 0.1635649196145513 0.1635649186513699
0.1635649186284960 0.1635649186284960 0.1635649187028859 0.1635649194403498 0.1635649186119857
0.1635649186284960 0.1635649186284960 0.1635649187778226 0.1635649199275606 0.1635649187584502
0.1635649186284960 0.1635649186284960 0.1635649187548454 0.1635649197533861 0.1635649187190710
0.1635649186284960 0.1635649186284960 0.1635649187318727 0.1635649195791991 0.1635649186796900
0.1635649186284960 0.1635649186284960 0.1635649187089046 0.1635649194049996 0.1635649186403072
0.1635649186284960 0.1635649186284960 0.1635649186859411 0.1635649192307877 0.1635649186009227
0.1635649186284960 0.1635649186284960 0.1635649187608701 0.1635649197180414 0.1635649187473887
0.1635649186284960 0.1635649186284960 0.1635649187378948 0.1635649195438564 0.1635649187080090
0.1635649186284960 0.1635649186284960 0.1635649187149240 0.1635649193696589 0.1635649186686276
0.1635649186284960 0.1635649186284960 0.1635649186919579 0.1635649191954490 0.1635649186292444
0.1635649186284960 0.1635649186284960 0.1635649186689963 0.1635649190212265 0.1635649185898594
0.1635649186284960 0.1635649186284960 0.1635649187439177 0.1635649195085231 0.1635649187363270
0.1635649186284960 0.1635649186284960 0.1635649187209443 0.1635649193343276 0.1635649186969469
0.1635649186284960 0.1635649186284960 0.1635649186979755 0.1635649191601196 0.1635649186575651
0.1635649186284960 0.1635649186284960 0.1635649186750113 0.1635649189858992 0.1635649186181815
0.1635649186284960 0.1635649186284960 0.1635649186520516 0.1635649188116663 0.1635649185787961
0.1635649186284960 0.1635649186284960 0.1635649187269654 0.1635649192990057 0.1635649187252652
0.1635649186284960 0.1635649186284960 0.1635649187039940 0.1635649191247997 0.1635649186858847
0.1635649186284960 0.1635649186284960 0.1635649186810271 0.1635649189505813 0.1635649186465024
0.1635649186284960 0.1635649186284960 0.1635649186580648 0.1635649187763503 0.1635649186071184
0.1635649186284960 0.1635649186284960 0.1635649186351071 0.1635649186021070 0.1635649185677325
