BETA     element
 19.36750000000000      0.000000000000000
 19.36771610749634      1.000000000000000
 17.71058538957027      2.000000000000000
 3.221672947756600      3.000000000000000
 2.253927717077397      4.000000000000000
 1.900854659848304      5.000000000000000
 1.527541662695661      6.000000000000000
 1.739042263162680      7.000000000000000
 1.863991608255120      8.000000000000000
 1.864520514742180      9.000000000000000
 1.741276178696276      10.00000000000000
 1.533356503764050      11.00000000000000
 1.906622030704873      12.00000000000000
 2.259770129826155      13.00000000000000
 3.227812807165945      14.00000000000000
 17.71304743884395      15.00000000000000
 19.36820325259265      16.00000000000000
 19.36692962721952      17.00000000000000
 17.70765009311179      18.00000000000000
 3.214893032399393      19.00000000000000
 2.247481169351054      20.00000000000000
 1.894489483200245      21.00000000000000
 1.521117146664787      22.00000000000000
 1.736625082126556      23.00000000000000
 1.863482307500369      24.00000000000000
 1.865190965851993      25.00000000000000
 1.743840548374457      26.00000000000000
 1.539777894094180      27.00000000000000
 1.912962522887676      28.00000000000000
 2.266178100623544      29.00000000000000
 3.234523390729650      30.00000000000000
 17.71553718871623      31.00000000000000
 19.36850294923472      32.00000000000000
 19.36701321731682      33.00000000000000
 19.36589528404156      34.00000000000000
 17.55144702566715      35.00000000000000
 2.452767714824126      36.00000000000000
 1.543681643962165      37.00000000000000
 1.217361714164738      38.00000000000000
0.8788895218493495      39.00000000000000
 2.177051900820227      40.00000000000000
 2.581981642591738      41.00000000000000
 2.639442958842280      42.00000000000000
 2.700361366896257      43.00000000000000
 2.695496583797454      44.00000000000000
 2.101866995618645      45.00000000000000
 2.356086925959951      46.00000000000000
 2.645086862107330      47.00000000000000
 3.487971932091813      48.00000000000000
 15.72240337792524      49.00000000000000
 16.97489465094308      50.00000000000000
 16.85610165546643      51.00000000000000
 15.22170929219870      52.00000000000000
 2.291640021765343      53.00000000000000
 1.490503321502927      54.00000000000000
 1.201633767257359      55.00000000000000
0.9061948351881017      56.00000000000000
 2.203853762739183      57.00000000000000
 2.591800389193996      58.00000000000000
 2.711184345957673      59.00000000000000
 2.707053927981479      60.00000000000000
 2.108405654856363      61.00000000000000
 2.361749601257452      62.00000000000000
 2.650381146073960      63.00000000000000
 3.492723258848540      64.00000000000000
 15.71537767552709      65.00000000000000
 16.96513087514525      66.00000000000000
 16.84519307775361      67.00000000000000
 15.20983261733196      68.00000000000000
 2.284800919523574      69.00000000000000
 1.484779265795564      70.00000000000000
 1.196421269407764      71.00000000000000
0.9017658152682941      72.00000000000000
 2.211239195501128      73.00000000000000
 2.601689303133884      74.00000000000000
 2.660155923265273      75.00000000000000
 2.722074971770698      76.00000000000000
 2.695857922879776      77.00000000000000
 1.922635440688303      78.00000000000000
 2.164739660352252      79.00000000000000
 2.448157098805035      80.00000000000000
 3.289421518165309      81.00000000000000
 16.03326034296042      82.00000000000000
 17.28067459495829      83.00000000000000
 17.16940947366429      84.00000000000000
 17.05892297116342      85.00000000000000
 15.23718200324875      86.00000000000000
 1.881260723003053      87.00000000000000
 1.117196863942556      88.00000000000000
0.8495408573637544      89.00000000000000
0.5964875620052632      90.00000000000000
 3.086900714993296      91.00000000000000
 3.739739045661764      92.00000000000000
 3.960515730208444      93.00000000000000
 4.017369486598581      94.00000000000000
 2.823992784816193      95.00000000000000
 3.001442879437069      96.00000000000000
 3.270156625745829      97.00000000000000
 4.113182019417029      98.00000000000000
 16.15582823596280      99.00000000000000
 17.26120698387784      100.0000000000000
 17.03843826182839      101.0000000000000
 15.21675949666975      102.0000000000000
 1.874046148345354      103.0000000000000
 1.111817732640033      104.0000000000000
0.8450547137718598      105.0000000000000
0.5935002623354640      106.0000000000000
 3.101939435856145      107.0000000000000
 3.757745728054897      108.0000000000000
 3.979384565814629      109.0000000000000
 4.036046289200120      110.0000000000000
 2.830510195018430      111.0000000000000
 3.006418261127564      112.0000000000000
 3.274387087718436      113.0000000000000
 4.116113741971325      114.0000000000000
 16.13951963832213      115.0000000000000
 17.24153262862283      116.0000000000000
 17.12924858086924      117.0000000000000
 17.01775151013736      118.0000000000000
 15.06368984541128      119.0000000000000
 1.346254289296257      120.0000000000000
0.6872371114794751      121.0000000000000
0.4853804809088591      122.0000000000000
0.3722995005935836      123.0000000000000
 5.521110774773542      124.0000000000000
 6.598008762395272      125.0000000000000
 6.744012881722701      126.0000000000000
 6.892713462212461      127.0000000000000
 6.812733026379854      128.0000000000000
 3.409921216951881      129.0000000000000
 3.327487595330114      130.0000000000000
 3.458398789086662      131.0000000000000
 4.037795392219036      132.0000000000000
 12.71358808119655      133.0000000000000
 13.35878790465299      134.0000000000000
 13.06398137525329      135.0000000000000
 11.47106563930772      136.0000000000000
 1.070572925783659      137.0000000000000
0.5950744602202054      138.0000000000000
0.4645967797538343      139.0000000000000
0.4448118879532741      140.0000000000000
 5.592974923013998      141.0000000000000
 6.623199817666339      142.0000000000000
 6.918319733884253      143.0000000000000
 6.836831098508366      144.0000000000000
 3.414896756405210      145.0000000000000
 3.330474137645946      146.0000000000000
 3.460378688904413      147.0000000000000
 4.037938330125168      148.0000000000000
 12.69158453301197      149.0000000000000
 13.33370923301632      150.0000000000000
 13.03834566002310      151.0000000000000
 11.44669736813601      152.0000000000000
 1.065307716547486      153.0000000000000
0.5920384764130714      154.0000000000000
0.4627119620149266      155.0000000000000
0.4450072033600835      156.0000000000000
 5.615327206187796      157.0000000000000
 6.648382496505810      158.0000000000000
 6.794804464547826      159.0000000000000
 6.943911458761720      160.0000000000000
 6.803165691042927      161.0000000000000
 2.950506514803178      162.0000000000000
 2.825196961676347      163.0000000000000
 2.920972471721920      164.0000000000000
 3.412378032748643      165.0000000000000
 11.30723257859138      166.0000000000000
 11.85931653476648      167.0000000000000
 11.69304757352824      168.0000000000000
 11.52857024302757      169.0000000000000
 10.01000186452343      170.0000000000000
0.7725795398827096      171.0000000000000
0.4358636005936484      172.0000000000000
0.3792884825674217      173.0000000000000
0.5000257386241903      174.0000000000000
 7.358376959006636      175.0000000000000
 8.616060089874825      176.0000000000000
 8.944508809785562      177.0000000000000
 8.742549046792844      178.0000000000000
 3.812511486386231      179.0000000000000
 3.579433333270344      180.0000000000000
 3.637792161247520      181.0000000000000
 4.092548953559080      182.0000000000000
 11.37757623083377      183.0000000000000
 11.82980980913180      184.0000000000000
 11.49882825735967      185.0000000000000
 9.982410506721134      186.0000000000000
0.7684295995351509      187.0000000000000
0.4341706803247297      188.0000000000000
0.3788745481886868      189.0000000000000
0.5019453556361583      190.0000000000000
 7.382941086910883      191.0000000000000
 8.643073385470995      192.0000000000000
 8.971605526876832      193.0000000000000
 8.767457211223503      194.0000000000000
 3.815745245738832      195.0000000000000
 3.580528506402488      196.0000000000000
 3.637754491214350      197.0000000000000
 4.090347335681215      198.0000000000000
 11.35088385334068      199.0000000000000
 11.80020172342396      200.0000000000000
 11.63369482639696      201.0000000000000
 11.46899182345914      202.0000000000000
 9.867042027891278      203.0000000000000
0.5282126120033089      204.0000000000000
0.3080805845135549      205.0000000000000
0.3336984676239253      206.0000000000000
0.6509507916923272      207.0000000000000
 11.00410527208751      208.0000000000000
 12.70532800421377      209.0000000000000
 12.86487149950173      210.0000000000000
 13.02597845051062      211.0000000000000
 12.45286215269501      212.0000000000000
 4.167322595979486      213.0000000000000
 3.625232539131168      214.0000000000000
 3.521033868891164      215.0000000000000
 3.667327914224344      216.0000000000000
 7.736327516743222      217.0000000000000
 7.856423238900733      218.0000000000000
 7.535504845721753      219.0000000000000
 6.383832393663072      220.0000000000000
0.4423905855852862      221.0000000000000
0.4104011013295010      222.0000000000000
0.5156657407526896      223.0000000000000
0.9472606181286412      224.0000000000000
 11.12714298197923      225.0000000000000
 12.73248785751346      226.0000000000000
 13.05268427754088      227.0000000000000
 12.47652347247916      228.0000000000000
 4.167857828603615      229.0000000000000
 3.623779981556203      230.0000000000000
 3.518499884282419      231.0000000000000
 3.662672631672732      232.0000000000000
 7.710565990840473      233.0000000000000
 7.828802974287818      234.0000000000000
 7.508192455724975      235.0000000000000
 6.359364725488205      236.0000000000000
0.4414223332612315      237.0000000000000
0.4116815343316670      238.0000000000000
0.5181741191449065      239.0000000000000
0.9521184090525304      240.0000000000000
 11.15262876536408      241.0000000000000
 12.75952147106285      242.0000000000000
 12.91861383051430      243.0000000000000
 13.07925728534910      244.0000000000000
 12.39367603834811      245.0000000000000
 3.446192957809167      246.0000000000000
 2.870904911502582      247.0000000000000
 2.730720823880247      248.0000000000000
 2.770031339437836      249.0000000000000
 5.781839593200639      250.0000000000000
 5.859360838644821      251.0000000000000
 5.722103884486772      252.0000000000000
 5.587740112104585      253.0000000000000
 4.686025189807750      254.0000000000000
0.4595613469301611      255.0000000000000
0.5565026063764029      256.0000000000000
0.7292646560773424      257.0000000000000
 1.287072856147435      258.0000000000000
 12.38018531918698      259.0000000000000
 14.01191243825327      260.0000000000000
 14.28055470441127      261.0000000000000
 13.51213767448063      262.0000000000000
 3.994622889975111      263.0000000000000
 3.345631885662790      264.0000000000000
 3.175029181262169      265.0000000000000
 3.176276132458468      266.0000000000000
 5.807454762739596      267.0000000000000
 5.834837969535556      268.0000000000000
 5.563821810020408      269.0000000000000
 4.665151536131639      270.0000000000000
0.4603431699636609      271.0000000000000
0.5591650979318974      272.0000000000000
0.7329666283231784      273.0000000000000
 1.292782977820622      274.0000000000000
 12.40127216993382      275.0000000000000
 14.03361045694243      276.0000000000000
 14.30150156806337      277.0000000000000
 13.53003839206076      278.0000000000000
 3.992872348969088      279.0000000000000
 3.342323655910856      280.0000000000000
 3.170825499329435      281.0000000000000
 3.170223311370362      282.0000000000000
 5.784034292701058      283.0000000000000
 5.810328316479892      284.0000000000000
 5.673673856072640      285.0000000000000
 5.539922251136895      286.0000000000000
 4.602830785631997      287.0000000000000
0.4148004063948565      288.0000000000000
0.5991443667566463      289.0000000000000
0.8395068883099944      290.0000000000000
 1.573051554560861      291.0000000000000
 15.83737428180648      292.0000000000000
 17.79771722457405      293.0000000000000
 17.88884470659711      294.0000000000000
 17.98060863852035      295.0000000000000
 16.74674172208794      296.0000000000000
 3.988031107607361      297.0000000000000
 3.097633635816445      298.0000000000000
 2.801227971707376      299.0000000000000
 2.565635107703909      300.0000000000000
 3.321061285450601      301.0000000000000
 3.264630914278134      302.0000000000000
 3.080596351535091      303.0000000000000
 2.545589577469215      304.0000000000000
0.7266306859725461      305.0000000000000
 1.030459329689049      306.0000000000000
 1.328877250344581      307.0000000000000
 2.157896846328327      308.0000000000000
 15.99147861061492      309.0000000000000
 17.81223095149047      310.0000000000000
 17.99397123923826      311.0000000000000
 16.75704502665990      312.0000000000000
 3.983521902439325      313.0000000000000
 3.092257899432955      314.0000000000000
 2.795299255525749      315.0000000000000
 2.558455120312177      316.0000000000000
 3.304582111842326      317.0000000000000
 3.248417403517212      318.0000000000000
 3.065382700569852      319.0000000000000
 2.533331210416973      320.0000000000000
0.7304098711233129      321.0000000000000
 1.035404750970675      322.0000000000000
 1.334523740169679      323.0000000000000
 2.164988318456501      324.0000000000000
 16.00646286118901      325.0000000000000
 17.82652283565667      326.0000000000000
 17.91650093604747      327.0000000000000
 18.00710847091667      328.0000000000000
 16.62313771934588      329.0000000000000
 3.156991638647204      330.0000000000000
 2.278689415132266      331.0000000000000
 1.974626821232209      332.0000000000000
 1.690124964920276      333.0000000000000
 2.264884887589260      334.0000000000000
 2.328888233149375      335.0000000000000
 2.289741524470892      336.0000000000000
