BETA     element
 4.054470000000000      0.000000000000000
 4.055380487051980      1.000000000000000
 4.442121707891980      2.000000000000000
 11.26661812736648      3.000000000000000
 11.61560019913379      4.000000000000000
 11.22906039879354      5.000000000000000
 9.639811827644433      6.000000000000000
0.5944399028267918      7.000000000000000
0.3456519405498502      8.000000000000000
0.3462162354449887      9.000000000000000
0.5971874554240977      10.00000000000000
 9.668885002721810      11.00000000000000
 11.26118060317760      12.00000000000000
 11.64780053557459      13.00000000000000
 11.29603976886014      14.00000000000000
 4.445203557741036      15.00000000000000
 4.056003393552896      16.00000000000000
 4.054663833383924      17.00000000000000
 4.438770625596765      18.00000000000000
 11.23503610029967      19.00000000000000
 11.58104244540441      20.00000000000000
 11.19458950985279      21.00000000000000
 9.608606403945972      22.00000000000000
0.5914884277207826      23.00000000000000
0.3450576179651156      24.00000000000000
0.3468415732522341      25.00000000000000
0.6001679367516060      26.00000000000000
 9.699960262203749      27.00000000000000
 11.29548358640020      28.00000000000000
 11.68217600439675      29.00000000000000
 11.32743140940693      30.00000000000000
 4.448448366955883      31.00000000000000
 4.056621622472588      32.00000000000000
 4.054371488858207      33.00000000000000
 4.053897390551912      34.00000000000000
 4.471662621587909      35.00000000000000
 11.99911433059109      36.00000000000000
 12.33693768163796      37.00000000000000
 11.85248631433345      38.00000000000000
 9.972262705670309      39.00000000000000
0.3008660539744773      40.00000000000000
0.2737231293835337      41.00000000000000
0.3448195181039473      42.00000000000000
0.4483532751152737      43.00000000000000
 1.137704596995558      44.00000000000000
 17.94268966264564      45.00000000000000
 20.68460621484232      46.00000000000000
 21.27352173730889      47.00000000000000
 20.42125995665062      48.00000000000000
 6.998619693207917      49.00000000000000
 6.098367273415940      50.00000000000000
 5.922316977554487      51.00000000000000
 6.153286587715649      52.00000000000000
 12.35918602790874      53.00000000000000
 12.42897543519764      54.00000000000000
 11.84084365474389      55.00000000000000
 9.883974914728450      56.00000000000000
0.2972926508369969      57.00000000000000
0.2754743539592519      58.00000000000000
0.4519666766389038      59.00000000000000
 1.145025745715563      60.00000000000000
 17.99109991937099      61.00000000000000
 20.73696262195343      62.00000000000000
 21.32539123174501      63.00000000000000
 20.46764758559440      64.00000000000000
 7.000713863518365      65.00000000000000
 6.096597925683933      66.00000000000000
 5.918448104371446      67.00000000000000
 6.145295688846638      68.00000000000000
 12.30970560060436      69.00000000000000
 12.37590257192833      70.00000000000000
 11.78849940323756      71.00000000000000
 9.837566470603011      72.00000000000000
0.2955928433015073      73.00000000000000
0.2772531298366668      74.00000000000000
0.3502269608422968      75.00000000000000
0.4556042000252462      76.00000000000000
 1.159475150838352      77.00000000000000
 18.42965480141223      78.00000000000000
 21.09063096624496      79.00000000000000
 21.51168629087587      80.00000000000000
 20.19143475927424      81.00000000000000
 4.782958414257513      82.00000000000000
 3.737979451666708      83.00000000000000
 3.570644336607899      84.00000000000000
 3.409117822597020      85.00000000000000
 3.166989636954208      86.00000000000000
 4.096341044777839      87.00000000000000
 3.978092231659189      88.00000000000000
 3.720078102542052      89.00000000000000
 3.010426786797054      90.00000000000000
0.5940784520875476      91.00000000000000
0.9268402717826894      92.00000000000000
 1.255271887018389      93.00000000000000
 2.171401459199133      94.00000000000000
 18.07963088251034      95.00000000000000
 20.25484474375324      96.00000000000000
 20.51319217464805      97.00000000000000
 19.16707942674147      98.00000000000000
 4.742836373384183      99.00000000000000
 3.733285026636089      100.0000000000000
 3.403477770480197      101.0000000000000
 3.159324806677002      102.0000000000000
 4.072744247361825      103.0000000000000
 3.954336065764085      104.0000000000000
 3.697527953626254      105.0000000000000
 2.991898134782838      106.0000000000000
0.5973954438619697      107.0000000000000
0.9314415707781477      108.0000000000000
 1.260640843299299      109.0000000000000
 2.178468956121069      110.0000000000000
 18.10182377325679      111.0000000000000
 20.27738584191887      112.0000000000000
 20.53469752107817      113.0000000000000
 19.18494438469480      114.0000000000000
 4.739639221970156      115.0000000000000
 3.728548009745452      116.0000000000000
 3.560240277028829      117.0000000000000
 3.397801456270999      118.0000000000000
 3.178823769319551      119.0000000000000
 4.446075534829220      120.0000000000000
 4.317746397509827      121.0000000000000
 4.017189207743529      122.0000000000000
 3.188545489725347      123.0000000000000
0.5853983427852245      124.0000000000000
 1.045044396457784      125.0000000000000
 1.250830757809721      126.0000000000000
 1.481514036198187      127.0000000000000
 2.675750359673424      128.0000000000000
 23.28432379125912      129.0000000000000
 26.11821603280170      130.0000000000000
 26.46809710935506      131.0000000000000
 24.75707359675282      132.0000000000000
 6.159065850833208      133.0000000000000
 4.838498203688002      134.0000000000000
 4.400260029124372      135.0000000000000
 4.054928424372907      136.0000000000000
 4.698882632424954      137.0000000000000
 4.463644039942599      138.0000000000000
 4.115737239700588      139.0000000000000
 3.234596896626083      140.0000000000000
0.5839387325995388      141.0000000000000
 1.051152901936004      142.0000000000000
 1.488667776293873      143.0000000000000
 2.685208972794714      144.0000000000000
 23.31432775071067      145.0000000000000
 26.14872286301392      146.0000000000000
 26.49722201234407      147.0000000000000
 24.78130216547315      148.0000000000000
 6.154861085943264      149.0000000000000
 4.832218601288924      150.0000000000000
 4.392718646260817      151.0000000000000
 4.044681597487839      152.0000000000000
 4.667191905672423      153.0000000000000
 4.431709540708214      154.0000000000000
 4.085405939132795      155.0000000000000
 3.209642522262471      156.0000000000000
0.5883198838673283      157.0000000000000
 1.057272239152758      158.0000000000000
 1.264141245149358      159.0000000000000
 1.495823938824945      160.0000000000000
 2.713512895367591      161.0000000000000
 24.13486522643445      162.0000000000000
 26.89620405418566      163.0000000000000
 27.03956730961438      164.0000000000000
 24.73507993834438      165.0000000000000
 3.949190394595494      166.0000000000000
 2.613738293557718      167.0000000000000
 2.360264443937766      168.0000000000000
 2.122645593072788      169.0000000000000
 1.562681895647298      170.0000000000000
 1.274302307098520      171.0000000000000
 1.453437158013839      172.0000000000000
 1.515023853717425      173.0000000000000
 1.533375576487096      174.0000000000000
 2.164138369109135      175.0000000000000
 2.698883783748635      176.0000000000000
 3.188105634749919      177.0000000000000
 4.513564731235667      178.0000000000000
 23.97268614660482      179.0000000000000
 26.13677566486221      180.0000000000000
 26.07614398004328      181.0000000000000
 23.71788947901653      182.0000000000000
 3.911912215049225      183.0000000000000
 2.605993388670302      184.0000000000000
 2.115039809173247      185.0000000000000
 1.555013764895352      186.0000000000000
 1.275554362005163      187.0000000000000
 1.457983825207874      188.0000000000000
 1.521319161517281      189.0000000000000
 1.541972094394439      190.0000000000000
 2.172535837015591      191.0000000000000
 2.706350158726204      192.0000000000000
 3.195229225391157      193.0000000000000
 4.520353704008265      194.0000000000000
 23.96905611901360      195.0000000000000
 26.12999988907887      196.0000000000000
 26.06781683771236      197.0000000000000
 23.70777207185619      198.0000000000000
 3.903484367406873      199.0000000000000
 2.598229857399164      200.0000000000000
 2.344855644673908      201.0000000000000
 2.107424701756686      202.0000000000000
 1.561697957333320      203.0000000000000
 1.326073303403435      204.0000000000000
 1.478681911823705      205.0000000000000
 1.514972248464217      206.0000000000000
 1.477771377110966      207.0000000000000
 1.861394989442474      208.0000000000000
 2.374268153762416      209.0000000000000
 2.605416126332098      210.0000000000000
 2.850219410160880      211.0000000000000
 4.130129635674882      212.0000000000000
 23.20123583949384      213.0000000000000
 25.38898629040699      214.0000000000000
 25.38215497485584      215.0000000000000
 23.17288703278667      216.0000000000000
 4.064536357986008      217.0000000000000
 2.784992993183250      218.0000000000000
 2.307209304038004      219.0000000000000
 1.770914324486199      220.0000000000000
 1.336881459634440      221.0000000000000
 1.429361951913055      222.0000000000000
 1.438883201651891      223.0000000000000
 1.376795376345033      224.0000000000000
 1.852195715476693      225.0000000000000
 2.381428322309988      226.0000000000000
 2.857218134035810      227.0000000000000
 4.137130896130787      228.0000000000000
 23.20180688331916      229.0000000000000
 25.38690900931213      230.0000000000000
 25.37857068728340      231.0000000000000
 23.16715619051308      232.0000000000000
 4.056754911277419      233.0000000000000
 2.777528956241441      234.0000000000000
 2.299717710291810      235.0000000000000
 1.763046999720332      236.0000000000000
 1.334065475682389      237.0000000000000
 1.429345275681082      238.0000000000000
 1.440564449551490      239.0000000000000
 1.381110888263817      240.0000000000000
 1.859928006448850      241.0000000000000
 2.388571395259361      242.0000000000000
 2.619598387020333      243.0000000000000
 2.864190760063669      244.0000000000000
 4.175188050248718      245.0000000000000
 24.24333651881568      246.0000000000000
 26.38115811196160      247.0000000000000
 26.17463379109923      248.0000000000000
 23.37985368018718      249.0000000000000
 2.399927687870402      250.0000000000000
 1.252690744599831      251.0000000000000
 1.037035703555023      252.0000000000000
0.8481752619270029      253.0000000000000
0.4424640077078208      254.0000000000000
 4.232734851663521      255.0000000000000
 5.322983267262225      256.0000000000000
 5.732930679290729      257.0000000000000
 5.957941269318294      258.0000000000000
 4.507129724276899      259.0000000000000
 4.761651433843772      260.0000000000000
 5.162742316040287      261.0000000000000
 6.433178805552605      262.0000000000000
 24.34708677050095      263.0000000000000
 25.91145482348412      264.0000000000000
 25.50358524131014      265.0000000000000
 22.63101043986530      266.0000000000000
 2.373977803074525      267.0000000000000
 1.245751391409766      268.0000000000000
0.8425410688100090      269.0000000000000
0.4390550364325541      270.0000000000000
 4.262544850576686      271.0000000000000
 5.358359576182961      272.0000000000000
 5.769738509937953      273.0000000000000
 5.993768818265041      274.0000000000000
 4.516718932780229      275.0000000000000
 4.768110969647779      276.0000000000000
 5.167667701068877      277.0000000000000
 6.435410309573824      278.0000000000000
 24.31390886735928      279.0000000000000
 25.87282268907174      280.0000000000000
 25.46374812742569      281.0000000000000
 22.59279872484553      282.0000000000000
 2.364202314514000      283.0000000000000
 1.238821567458626      284.0000000000000
 1.024440899505536      285.0000000000000
0.8369238123445288      286.0000000000000
0.4399865580910076      287.0000000000000
 4.222756973073673      288.0000000000000
 5.260973063982456      289.0000000000000
 5.616079527988602      290.0000000000000
 5.708420696876058      291.0000000000000
 3.481753975120582      292.0000000000000
 3.587170842837862      293.0000000000000
 3.721392000875692      294.0000000000000
 3.860050232438926      295.0000000000000
 4.762565541730785      296.0000000000000
 17.73731005021828      297.0000000000000
 18.86978544866236      298.0000000000000
 18.57011029457458      299.0000000000000
 16.47647772730827      300.0000000000000
 1.778847935215492      301.0000000000000
0.9801730467473109      302.0000000000000
0.7053081614636169      303.0000000000000
0.4601327455324761      304.0000000000000
 3.980511065132586      305.0000000000000
 4.867138405478252      306.0000000000000
 5.169774451672219      307.0000000000000
 5.254141216994510      308.0000000000000
 3.458836605239201      309.0000000000000
 3.591493635876863      310.0000000000000
 3.863242892409536      311.0000000000000
 4.763750924908472      312.0000000000000
 17.71254385107435      313.0000000000000
 18.84113169463222      314.0000000000000
 18.54065814611848      315.0000000000000
 16.44837777932549      316.0000000000000
 1.772019184023185      317.0000000000000
0.9754198235166415      318.0000000000000
0.7015163912537239      319.0000000000000
0.4579904557477956      320.0000000000000
 4.002431060483809      321.0000000000000
 4.892994683177809      322.0000000000000
 5.196595200713384      323.0000000000000
 5.280117064129728      324.0000000000000
 3.465404837888064      325.0000000000000
 3.595774814340150      326.0000000000000
 3.728888928814844      327.0000000000000
 3.866389034477099      328.0000000000000
 4.802470891488706      329.0000000000000
 18.70153910850071      330.0000000000000
 19.80943034767222      331.0000000000000
 19.35887866268442      332.0000000000000
 16.81700765762036      333.0000000000000
0.9214562381564110      334.0000000000000
0.3447499273328892      335.0000000000000
0.2714677048016861      336.0000000000000
