DISP     element
 0.000000000000000      0.000000000000000
-.3036960000000000E-004      1.000000000000000
-.1337743405360962E-003      2.000000000000000
0.6458906493167861E-001      3.000000000000000
0.8827465346767573E-001      4.000000000000000
0.1038387067807605      5.000000000000000
0.1361401165150497      6.000000000000000
0.4405620044863165      7.000000000000000
0.4783847811938350      8.000000000000000
0.4881260112231764      9.000000000000000
0.4834784596763059      10.00000000000000
0.3801011496291543      11.00000000000000
0.3906470252420986      12.00000000000000
0.4063825887844717      13.00000000000000
0.4524408273517697      14.00000000000000
0.9290332693151855      15.00000000000000
0.9718142128849360      16.00000000000000
0.9718580042071905      17.00000000000000
0.9292257368278939      18.00000000000000
0.4535296603292459      19.00000000000000
0.4076688603408483      20.00000000000000
0.3920803185216181      21.00000000000000
0.3818661604200466      22.00000000000000
0.4878387899452142      23.00000000000000
0.4926910036308353      24.00000000000000
0.4829497387473241      25.00000000000000
0.4449221800319137      26.00000000000000
0.1379042344681344      27.00000000000000
0.1052709661077960      28.00000000000000
0.8955979505679880E-001      29.00000000000000
0.6567656440272242E-001      30.00000000000000
0.5583226443675575E-004      31.00000000000000
0.1044050985326541E-004      32.00000000000000
-.2981129802791793E-005      33.00000000000000
-.1640276945884900E-004      34.00000000000000
-.6138035438639200E-004      35.00000000000000
-.3278105062139910E-003      36.00000000000000
-.3928768277134515E-003      37.00000000000000
-.4439381375265900E-003      38.00000000000000
-.5632262695837860E-003      39.00000000000000
-.1521899163635473E-002      40.00000000000000
-.1593748174690892E-002      41.00000000000000
-.1591327544766535E-002      42.00000000000000
-.1588906914842179E-002      43.00000000000000
-.1507659851271613E-002      44.00000000000000
0.6481687291455064E-001      45.00000000000000
0.8876506740077225E-001      46.00000000000000
0.1044870865120078      47.00000000000000
0.1370944091027905      48.00000000000000
0.4436657724410955      49.00000000000000
0.4816838128602712      50.00000000000000
0.4914538884781568      51.00000000000000
0.4867086034894956      52.00000000000000
0.3817657716453161      53.00000000000000
0.3921400011931453      54.00000000000000
0.4078199626993391      55.00000000000000
0.4538499947265695      56.00000000000000
0.9306917576052927      57.00000000000000
0.9734340546644847      58.00000000000000
0.9734122786943380      59.00000000000000
0.9305955583644699      60.00000000000000
0.4533001611887130      61.00000000000000
0.4071770807619128      62.00000000000000
0.3914307331905704      63.00000000000000
0.3809109117088509      64.00000000000000
0.4847354772630761      65.00000000000000
0.4893926237254717      66.00000000000000
0.4796226094404633      67.00000000000000
0.4416929177480837      68.00000000000000
0.1362411077737942      69.00000000000000
0.1037796330901349      70.00000000000000
0.8812417902916739E-001      71.00000000000000
0.6426941998796076E-001      72.00000000000000
-.1598533710861661E-002      73.00000000000000
-.1605125468465741E-002      74.00000000000000
-.1585770240775897E-002      75.00000000000000
-.1566415013086052E-002      76.00000000000000
-.1420566999506825E-002      77.00000000000000
-.1297022446836800E-004      78.00000000000000
0.2008147009240362E-003      79.00000000000000
0.3202479762613023E-003      80.00000000000000
0.5372117539137976E-003      81.00000000000000
0.1987751119549107E-002      82.00000000000000
0.2119908476056355E-002      83.00000000000000
0.2129399139005900E-002      84.00000000000000
0.2138889801955445E-002      85.00000000000000
0.2078943239701346E-002      86.00000000000000
0.6645247581768837E-001      87.00000000000000
0.9016757116423314E-001      88.00000000000000
0.1057980107979022      89.00000000000000
0.1383091641580440      90.00000000000000
0.4446620581456683      91.00000000000000
0.4825976980748108      92.00000000000000
0.4922945044470611      93.00000000000000
0.4873823952102430      94.00000000000000
0.3811507620506843      95.00000000000000
0.3912957015262504      96.00000000000000
0.4068276529838800      97.00000000000000
0.4525542003433948      98.00000000000000
0.9271686188084723      99.00000000000000
0.9697226565876877      100.0000000000000
0.9696868407495710      101.0000000000000
0.9270113873905093      102.0000000000000
0.4516667954610725      103.0000000000000
0.4057768576669529      104.0000000000000
0.3901221578970047      105.0000000000000
0.3796987072957956      106.0000000000000
0.4837435474794481      107.0000000000000
0.4884831931392177      108.0000000000000
0.4787863988921989      109.0000000000000
0.4410232645136968      110.0000000000000
0.1368574246684594      111.0000000000000
0.1046248286761797      112.0000000000000
0.8911716702359723E-001      113.0000000000000
0.6556552216899639E-001      114.0000000000000
0.1922598735663874E-002      115.0000000000000
0.2103995159336203E-002      116.0000000000000
0.2130320293551562E-002      117.0000000000000
0.2156645427766922E-002      118.0000000000000
0.2145492588048235E-002      119.0000000000000
0.1420620583298756E-002      120.0000000000000
0.1370940263463751E-002      121.0000000000000
0.1378992252804589E-002      122.0000000000000
0.1457912872630129E-002      123.0000000000000
0.2378695957435633E-002      124.0000000000000
0.2406526292084923E-002      125.0000000000000
0.2380790727029482E-002      126.0000000000000
0.2355055161974041E-002      127.0000000000000
0.2161632805708342E-002      128.0000000000000
0.6563775921876468E-001      129.0000000000000
0.8917464127182399E-001      130.0000000000000
0.1046804601177137      131.0000000000000
0.1369211957759092      132.0000000000000
0.4412102187119861      133.0000000000000
0.4789808535030949      134.0000000000000
0.4886752443209537      135.0000000000000
0.4839205219844259      136.0000000000000
0.3797126848098597      137.0000000000000
0.3901110669561741      138.0000000000000
0.4057515578801933      139.0000000000000
0.4516150651339783      140.0000000000000
0.9267794316204294      141.0000000000000
0.9694394908514654      142.0000000000000
0.9694740772191531      143.0000000000000
0.9269318731309268      144.0000000000000
0.4524823800546964      145.0000000000000
0.4067703130352054      146.0000000000000
0.3912400482726914      147.0000000000000
0.3810866905633212      148.0000000000000
0.4871933182444848      149.0000000000000
0.4920977354938423      150.0000000000000
0.4824032785886912      151.0000000000000
0.4444827222423459      152.0000000000000
0.1382935195827484      153.0000000000000
0.1058074852116269      154.0000000000000
0.9019124936200101E-001      155.0000000000000
0.6650251583593485E-001      156.0000000000000
0.2308394674948807E-002      157.0000000000000
0.2383715957334881E-002      158.0000000000000
0.2374865282560912E-002      159.0000000000000
0.2366014607786944E-002      160.0000000000000
0.2220901774104665E-002      161.0000000000000
0.5915826604723639E-003      162.0000000000000
0.3583880865874472E-003      163.0000000000000
0.2364366689760622E-003      164.0000000000000
0.2972804102462738E-004      165.0000000000000
-.1260518720784489E-002      166.0000000000000
-.1398523397873309E-002      167.0000000000000
-.1418635073611855E-002      168.0000000000000
-.1438746749350401E-002      169.0000000000000
-.1443390881160383E-002      170.0000000000000
0.6430062485206495E-001      171.0000000000000
0.8813390690332276E-001      172.0000000000000
0.1037757413285320      173.0000000000000
0.1362093113726309      174.0000000000000
0.4414557772236361      175.0000000000000
0.4793676838771009      176.0000000000000
0.4891359734259750      177.0000000000000
0.4844911280873014      178.0000000000000
0.3808425788572572      179.0000000000000
0.3913786480694262      180.0000000000000
0.4071277402571029      181.0000000000000
0.4532445909216926      182.0000000000000
0.9304313994462208      183.0000000000000
0.9732409843253967      184.0000000000000
0.9732642412867257      185.0000000000000
0.9305332703123278      186.0000000000000
0.4538169478455424      187.0000000000000
0.4078085654751579      188.0000000000000
0.3921422861479524      189.0000000000000
0.3817960133312965      190.0000000000000
0.4869441666710269      191.0000000000000
0.4917073003500370      192.0000000000000
0.4819390232589044      193.0000000000000
0.4439088705932794      194.0000000000000
0.1371630561579366      195.0000000000000
0.1045397455429760      196.0000000000000
0.8881513963309708E-001      197.0000000000000
0.6487348236184837E-001      198.0000000000000
-.1340292617925833E-002      199.0000000000000
-.1414205078959451E-002      200.0000000000000
-.1417350370976418E-002      201.0000000000000
-.1420495662993385E-002      202.0000000000000
-.1360903655965759E-002      203.0000000000000
-.5389594420595352E-003      204.0000000000000
-.4435931298456233E-003      205.0000000000000
-.4078674053298812E-003      206.0000000000000
-.3745622341906227E-003      207.0000000000000
-.3444130841292392E-003      208.0000000000000
-.3190169191089989E-003      209.0000000000000
-.3060426770644970E-003      210.0000000000000
-.2930684350199951E-003      211.0000000000000
-.2323806917391945E-003      212.0000000000000
0.6559287342418069E-001      213.0000000000000
0.8949748961083379E-001      214.0000000000000
0.1052147515412575      215.0000000000000
0.1378486792131550      216.0000000000000
0.4448087308390257      217.0000000000000
0.4828343743915679      218.0000000000000
0.4925785101484129      219.0000000000000
0.4877372390421139      220.0000000000000
0.3818697013551015      221.0000000000000
0.3921036548340398      222.0000000000000
0.4077055851355192      223.0000000000000
0.4535950853059565      224.0000000000000
0.9295089924734268      225.0000000000000
0.9721593370136814      226.0000000000000
0.9721165026094045      227.0000000000000
0.9293204223126417      228.0000000000000
0.4525247792360561      229.0000000000000
0.4064453743465801      230.0000000000000
0.3907038531617780      231.0000000000000
0.3801575778535110      232.0000000000000
0.4835946137713779      233.0000000000000
0.4882442487630680      234.0000000000000
0.4785001747061613      235.0000000000000
0.4406663790043044      236.0000000000000
0.1361381283860953      237.0000000000000
0.1038167771512924      238.0000000000000
0.8823928236432016E-001      239.0000000000000
0.6452494932664538E-001      240.0000000000000
-.4157037770060985E-003      241.0000000000000
-.3304300378877399E-003      242.0000000000000
-.3005700012840959E-003      243.0000000000000
-.2707099646804517E-003      244.0000000000000
-.1510144838562490E-003      245.0000000000000
0.6934593928560271E-003      246.0000000000000
0.8539114031137616E-003      247.0000000000000
0.9626596735034377E-003      248.0000000000000
0.1194557841906425E-002      249.0000000000000
0.2954742957052638E-002      250.0000000000000
0.3086755254955480E-002      251.0000000000000
0.3082224643801651E-002      252.0000000000000
0.3077694032647823E-002      253.0000000000000
0.2926628137070223E-002      254.0000000000000
0.6646095066684671E-001      255.0000000000000
0.9004442269826346E-001      256.0000000000000
0.1055990329712814      257.0000000000000
0.1379689263538972      258.0000000000000
0.4433607585773627      259.0000000000000
0.4812048727216292      260.0000000000000
0.4908840368684421      261.0000000000000
0.4860037078855077      262.0000000000000
0.3803744559788662      263.0000000000000
0.3905795296814230      264.0000000000000
0.4061260049747798      265.0000000000000
0.4518445615834865      266.0000000000000
0.9261994378068589      267.0000000000000
0.9687579351600363      268.0000000000000
0.9687501623322771      269.0000000000000
0.9261657410422722      270.0000000000000
0.4516592478269278      271.0000000000000
0.4059007855910916      272.0000000000000
0.3903218456737718      273.0000000000000
0.3800395530646741      274.0000000000000
0.4850449224637918      275.0000000000000
0.4898760097296637      276.0000000000000
0.4801968100867944      277.0000000000000
0.4424018162774437      278.0000000000000
0.1376331260185085      279.0000000000000
0.1053403005784708      280.0000000000000
0.8981804764684928E-001      281.0000000000000
0.6627424659895903E-001      282.0000000000000
0.2889742070425774E-002      283.0000000000000
0.3066590118898507E-002      284.0000000000000
0.3078893610844563E-002      285.0000000000000
0.3091197102790618E-002      286.0000000000000
0.2985142718577826E-002      287.0000000000000
0.1376989134205005E-002      288.0000000000000
0.1186490498002278E-002      289.0000000000000
0.1111866668039707E-002      290.0000000000000
0.1033356622022422E-002      291.0000000000000
0.8577950554982108E-003      292.0000000000000
0.7888042229522766E-003      293.0000000000000
0.7575960721469772E-003      294.0000000000000
0.7263879213416779E-003      295.0000000000000
0.5862107216037473E-003      296.0000000000000
0.6486150337742803E-001      297.0000000000000
0.8848909139286357E-001      298.0000000000000
0.1040268720475002      299.0000000000000
0.1362917727090409      300.0000000000000
0.4405380523848066      301.0000000000000
0.4783339464508408      302.0000000000000
0.4880605342417065      303.0000000000000
0.4833901255846690      304.0000000000000
0.3798882647214212      305.0000000000000
0.3904049232430706      306.0000000000000
0.4061179808694836      307.0000000000000
0.4521244004142640      308.0000000000000
0.9283063514223148      309.0000000000000
0.9710564067764179      310.0000000000000
0.9711018893425408      311.0000000000000
0.9285063919286237      312.0000000000000
0.4532576717387878      313.0000000000000
0.4074548565914292      314.0000000000000
0.3918925866887031      315.0000000000000
0.3817149506152102      316.0000000000000
0.4878633602576999      317.0000000000000
0.4927424578467801      318.0000000000000
0.4830158213414485      319.0000000000000
0.4450110710149460      320.0000000000000
0.1381172142748655      321.0000000000000
0.1055130917572900      322.0000000000000
0.8982438633043086E-001      323.0000000000000
0.6599290122492521E-001      324.0000000000000
0.7821698617744249E-003      325.0000000000000
0.7676151921911355E-003      326.0000000000000
0.7533408829855121E-003      327.0000000000000
0.7390665737798885E-003      328.0000000000000
0.6541291186023565E-003      329.0000000000000
-.9660106439338459E-004      330.0000000000000
-.2260720306360914E-003      331.0000000000000
-.3076993101714457E-003      332.0000000000000
-.4728133289109868E-003      333.0000000000000
-.1678512164576880E-002      334.0000000000000
-.1781641378333473E-002      335.0000000000000
-.1785810527107428E-002      336.0000000000000
