 SGx1               SGx2               SGy1               SGy2               spin_ref          spin_x                  spin_y                  spin_z
 0.000000000000000  0.000000000000000  0.000000000000000  0.000000000000000  0.000000000000000 -.3201418186105087E-008 -.2092535664188766E-007 0.2335163173938781E-008
 0.000000000000000 0.5950000000000000E-001  0.000000000000000  0.000000000000000  0.000000000000000 -.1201946958628852E-008 -.3670577561343258E-007 0.2261086817778590E-008
 0.000000000000000 0.1190000000000000  0.000000000000000  0.000000000000000  0.000000000000000 0.7995922257642007E-009 -.5247321990808906E-007 0.2187011183263365E-008
 0.000000000000000 0.1785000000000000  0.000000000000000  0.000000000000000  0.000000000000000 0.2803199450340799E-008 -.6822768958136827E-007 0.2112937297349404E-008
 0.000000000000000 0.2380000000000000  0.000000000000000  0.000000000000000  0.000000000000000 0.4808874715100941E-008 -.8396918460551461E-007 0.2038859470143706E-008
0.5950000000000000E-001  0.000000000000000  0.000000000000000  0.000000000000000  0.000000000000000 -.5079139664410093E-008 -.4567376735153950E-007 0.2151027994612420E-008
0.5950000000000000E-001 0.5950000000000000E-001  0.000000000000000  0.000000000000000  0.000000000000000 -.3093767214634724E-008 -.6095388715987582E-007 0.2076951388652049E-008
0.5950000000000000E-001 0.1190000000000000  0.000000000000000  0.000000000000000  0.000000000000000 -.1106326724675810E-008 -.7622103234683486E-007 0.2002874699424950E-008
0.5950000000000000E-001 0.1785000000000000  0.000000000000000  0.000000000000000  0.000000000000000 0.8831817499554973E-009 -.9147520288466104E-007 0.1928797149775008E-008
0.5950000000000000E-001 0.2380000000000000  0.000000000000000  0.000000000000000  0.000000000000000 0.2874758264770350E-008 -.1067163988011099E-006 0.1854725734107276E-008
0.1190000000000000  0.000000000000000  0.000000000000000  0.000000000000000  0.000000000000000 -.6982371403285725E-008 -.6999618057390578E-007 0.1966887902549175E-008
0.1190000000000000 0.5950000000000000E-001  0.000000000000000  0.000000000000000  0.000000000000000 -.5011097675700071E-008 -.8477600124678908E-007 0.1892815792992053E-008
0.1190000000000000 0.1190000000000000  0.000000000000000  0.000000000000000  0.000000000000000 -.3037755963442024E-008 -.9954284729829510E-007 0.1818740519299311E-008
0.1190000000000000 0.1785000000000000  0.000000000000000  0.000000000000000  0.000000000000000 -.1062346211000431E-008 -.1142967187006683E-006 0.1744666328074018E-008
0.1190000000000000 0.2380000000000000  0.000000000000000  0.000000000000000  0.000000000000000 0.9151315538691307E-009 -.1290376154816641E-006 0.1670591803781818E-008
0.1785000000000000  0.000000000000000  0.000000000000000  0.000000000000000  0.000000000000000 -.8911113402731985E-008 -.9389259630898650E-007 0.1782747088840964E-008
0.1785000000000000 0.5950000000000000E-001  0.000000000000000  0.000000000000000  0.000000000000000 -.6953938425091621E-008 -.1081721178464168E-006 0.1708674923772691E-008
0.1785000000000000 0.1190000000000000  0.000000000000000  0.000000000000000  0.000000000000000 -.4994695435023289E-008 -.1224386647902254E-006 0.1634602536659813E-008
0.1785000000000000 0.1785000000000000  0.000000000000000  0.000000000000000  0.000000000000000 -.3033384404771411E-008 -.1366922370571455E-006 0.1560529705457725E-008
0.1785000000000000 0.2380000000000000  0.000000000000000  0.000000000000000  0.000000000000000 -.1070005417602715E-008 -.1509328347026884E-006 0.1486456402410852E-008
0.2380000000000000  0.000000000000000  0.000000000000000  0.000000000000000  0.000000000000000 -.1086536563499330E-007 -.1173630145567817E-006 0.1598605109398576E-008
0.2380000000000000 0.5950000000000000E-001  0.000000000000000  0.000000000000000  0.000000000000000 -.8922289407298223E-008 -.1311422369865145E-006 0.1524534304353509E-008
0.2380000000000000 0.1190000000000000  0.000000000000000  0.000000000000000  0.000000000000000 -.6977145167175181E-008 -.1449084847671145E-006 0.1450463027463655E-008
0.2380000000000000 0.1785000000000000  0.000000000000000  0.000000000000000  0.000000000000000 -.5029932914624169E-008 -.1586617578985816E-006 0.1376391250973441E-008
0.2380000000000000 0.2380000000000000  0.000000000000000  0.000000000000000  0.000000000000000 -.3080652649645188E-008 -.1724020564364270E-006 0.1302319252438622E-008
 0.000000000000000  0.000000000000000 -.8930000000000000E-001  0.000000000000000  0.000000000000000 -.3370254209045243E-007 -.2007217718980048E-006 0.2283963629334806E-008
 0.000000000000000 0.5950000000000000E-001 -.8930000000000000E-001  0.000000000000000  0.000000000000000 -.3181720292788626E-007 -.2064754159869508E-006 0.2209888660953396E-008
 0.000000000000000 0.1190000000000000 -.8930000000000000E-001  0.000000000000000  0.000000000000000 -.2992979572513654E-007 -.2122160854267641E-006 0.2135812249282054E-008
 0.000000000000000 0.1785000000000000 -.8930000000000000E-001  0.000000000000000  0.000000000000000 -.2804032048220328E-007 -.2179437802174444E-006 0.2061736309455497E-008
 0.000000000000000 0.2380000000000000 -.8930000000000000E-001  0.000000000000000  0.000000000000000 -.2614877725459763E-007 -.2236585004145031E-006 0.1987662312519234E-008
0.5950000000000000E-001  0.000000000000000 -.8930000000000000E-001  0.000000000000000  0.000000000000000 -.3567753409372543E-007 -.2219631530242516E-006 0.2099824092383074E-008
0.5950000000000000E-001 0.5950000000000000E-001 -.8930000000000000E-001  0.000000000000000  0.000000000000000 -.3380629365334897E-007 -.2272164979777447E-006 0.2025749235023966E-008
0.5950000000000000E-001 0.1190000000000000 -.8930000000000000E-001  0.000000000000000  0.000000000000000 -.3193298517278897E-007 -.2324568683098605E-006 0.1951673350708560E-008
0.5950000000000000E-001 0.1785000000000000 -.8930000000000000E-001  0.000000000000000  0.000000000000000 -.3005760867980101E-007 -.2376842639650878E-006 0.1877597244348550E-008
0.5950000000000000E-001 0.2380000000000000 -.8930000000000000E-001  0.000000000000000  0.000000000000000 -.2818016420214065E-007 -.2428986850266934E-006 0.1803519167342671E-008
0.1190000000000000  0.000000000000000 -.8930000000000000E-001  0.000000000000000  0.000000000000000 -.3767803632981348E-007 -.2427785366632129E-006 0.1915681197006691E-008
0.1190000000000000 0.5950000000000000E-001 -.8930000000000000E-001  0.000000000000000  0.000000000000000 -.3582089461162674E-007 -.2475315825090085E-006 0.1841607782937515E-008
0.1190000000000000 0.1190000000000000 -.8930000000000000E-001  0.000000000000000  0.000000000000000 -.3396168488101203E-007 -.2522716537056713E-006 0.1767534507646218E-008
0.1190000000000000 0.1785000000000000 -.8930000000000000E-001  0.000000000000000  0.000000000000000 -.3210040716572493E-007 -.2569987502254456E-006 0.1693459178442325E-008
0.1190000000000000 0.2380000000000000 -.8930000000000000E-001  0.000000000000000  0.000000000000000 -.3023706143800986E-007 -.2617128721515982E-006 0.1619384265572066E-008
0.1785000000000000  0.000000000000000 -.8930000000000000E-001  0.000000000000000  0.000000000000000 -.3970404882647216E-007 -.2631679228426442E-006 0.1731536525273469E-008
0.1785000000000000 0.5950000000000000E-001 -.8930000000000000E-001  0.000000000000000  0.000000000000000 -.3786100585823071E-007 -.2674206695252312E-006 0.1657465109605738E-008
0.1785000000000000 0.1190000000000000 -.8930000000000000E-001  0.000000000000000  0.000000000000000 -.3601589487756129E-007 -.2716604415864410E-006 0.1583392056359045E-008
0.1785000000000000 0.1785000000000000 -.8930000000000000E-001  0.000000000000000  0.000000000000000 -.3416871588446391E-007 -.2758872389985179E-006 0.1509317920644904E-008
0.1785000000000000 0.2380000000000000 -.8930000000000000E-001  0.000000000000000  0.000000000000000 -.3231946887893855E-007 -.2801010617892175E-006 0.1435244451064577E-008
0.2380000000000000  0.000000000000000 -.8930000000000000E-001  0.000000000000000  0.000000000000000 -.4175557155594589E-007 -.2831313115347900E-006 0.1547390493517042E-008
0.2380000000000000 0.5950000000000000E-001 -.8930000000000000E-001  0.000000000000000  0.000000000000000 -.3992662733764973E-007 -.2868837590819240E-006 0.1473318439471072E-008
0.2380000000000000 0.1190000000000000 -.8930000000000000E-001  0.000000000000000  0.000000000000000 -.3809561513468118E-007 -.2906232320354363E-006 0.1399247495648126E-008
0.2380000000000000 0.1785000000000000 -.8930000000000000E-001  0.000000000000000  0.000000000000000 -.3626253486377351E-007 -.2943497302843046E-006 0.1325176440802878E-008
0.2380000000000000 0.2380000000000000 -.8930000000000000E-001  0.000000000000000  0.000000000000000 -.3442738660819344E-007 -.2980632539395511E-006 0.1251102915711400E-008
 0.000000000000000  0.000000000000000 -.1786000000000000  0.000000000000000  0.000000000000000 -.6393771051493857E-007 -.4105477903471044E-006 0.2232766416199183E-008
 0.000000000000000 0.5950000000000000E-001 -.1786000000000000  0.000000000000000  0.000000000000000 -.6216650333401574E-007 -.4062746595812072E-006 0.2158690809439534E-008
 0.000000000000000 0.1190000000000000 -.1786000000000000  0.000000000000000  0.000000000000000 -.6039322814066495E-007 -.4019885541661772E-006 0.2084615313702187E-008
 0.000000000000000 0.1785000000000000 -.1786000000000000  0.000000000000000  0.000000000000000 -.5861788490713060E-007 -.3976894741020143E-006 0.2010537542007640E-008
 0.000000000000000 0.2380000000000000 -.1786000000000000  0.000000000000000  0.000000000000000 -.5684047368892386E-007 -.3933774194164741E-006 0.1936461241358600E-008
0.5950000000000000E-001  0.000000000000000 -.1786000000000000  0.000000000000000  0.000000000000000 -.6600997301542399E-007 -.4282821419177019E-006 0.2048622660399957E-008
0.5950000000000000E-001 0.5950000000000000E-001 -.1786000000000000  0.000000000000000  0.000000000000000 -.6425286455669088E-007 -.4235087120163517E-006 0.1974548274885635E-008
0.5950000000000000E-001 0.1190000000000000 -.1786000000000000  0.000000000000000  0.000000000000000 -.6249368808552980E-007 -.4187223074658686E-006 0.1900469892568424E-008
0.5950000000000000E-001 0.1785000000000000 -.1786000000000000  0.000000000000000  0.000000000000000 -.6073244362969632E-007 -.4139229282662527E-006 0.1826395285009497E-008
0.5950000000000000E-001 0.2380000000000000 -.1786000000000000  0.000000000000000  0.000000000000000 -.5896913116143487E-007 -.4091105744452594E-006 0.1752318290471067E-008
0.1190000000000000  0.000000000000000 -.1786000000000000  0.000000000000000  0.000000000000000 -.6810774574872447E-007 -.4455904960010137E-006 0.1864477100488315E-008
0.1190000000000000 0.5950000000000000E-001 -.1786000000000000  0.000000000000000  0.000000000000000 -.6636473603993664E-007 -.4403167669642105E-006 0.1790400522283520E-008
0.1190000000000000 0.1190000000000000 -.1786000000000000  0.000000000000000  0.000000000000000 -.6461965831872085E-007 -.4350300632782744E-006 0.1716327996392764E-008
0.1190000000000000 0.1785000000000000 -.1786000000000000  0.000000000000000  0.000000000000000 -.6287251261283267E-007 -.4297303849432055E-006 0.1642253721900744E-008
0.1190000000000000 0.2380000000000000 -.1786000000000000  0.000000000000000  0.000000000000000 -.6112329886676093E-007 -.4244177320145148E-006 0.1568177782074187E-008
0.1785000000000000  0.000000000000000 -.1786000000000000  0.000000000000000  0.000000000000000 -.7023102871483999E-007 -.4624728525970401E-006 0.1680325240061009E-008
0.1785000000000000 0.5950000000000000E-001 -.1786000000000000  0.000000000000000  0.000000000000000 -.6850211775599746E-007 -.4566988244247838E-006 0.1606254518282668E-008
0.1785000000000000 0.1190000000000000 -.1786000000000000  0.000000000000000  0.000000000000000 -.6677113881248253E-007 -.4509118216311503E-006 0.1532181298502522E-008
0.1785000000000000 0.1785000000000000 -.1786000000000000  0.000000000000000  0.000000000000000 -.6503809182878406E-007 -.4451118441606283E-006 0.1458107273810683E-008
0.1785000000000000 0.2380000000000000 -.1786000000000000  0.000000000000000  0.000000000000000 -.6330297683265762E-007 -.4392988920964846E-006 0.1384033526674600E-008
0.2380000000000000  0.000000000000000 -.1786000000000000  0.000000000000000  0.000000000000000 -.7237982196928172E-007 -.4789292117057808E-006 0.1496175711102055E-008
0.2380000000000000 0.5950000000000000E-001 -.1786000000000000  0.000000000000000  0.000000000000000 -.7066500978814005E-007 -.4726548844258271E-006 0.1422104795034684E-008
0.2380000000000000 0.1190000000000000 -.1786000000000000  0.000000000000000  0.000000000000000 -.6894812953905927E-007 -.4663675824967406E-006 0.1348032824255441E-008
0.2380000000000000 0.1785000000000000 -.1786000000000000  0.000000000000000  0.000000000000000 -.6722918130530608E-007 -.4600673058907656E-006 0.1273959909786626E-008
0.2380000000000000 0.2380000000000000 -.1786000000000000  0.000000000000000  0.000000000000000 -.6550816505912493E-007 -.4537540546911689E-006 0.1199886329183997E-008
 0.000000000000000  0.000000000000000 -.2679000000000000  0.000000000000000  0.000000000000000 -.9390692340405238E-007 -.6504034120169422E-006 0.2181571118198278E-008
 0.000000000000000 0.5950000000000000E-001 -.2679000000000000  0.000000000000000  0.000000000000000 -.9224984823252846E-007 -.6361035063684461E-006 0.2107494151415423E-008
 0.000000000000000 0.1190000000000000 -.2679000000000000  0.000000000000000  0.000000000000000 -.9059070502082101E-007 -.6217906260985728E-006 0.2033418045055413E-008
 0.000000000000000 0.1785000000000000 -.2679000000000000  0.000000000000000  0.000000000000000 -.8892949382444115E-007 -.6074647711795667E-006 0.1959341383583890E-008
 0.000000000000000 0.2380000000000000 -.2679000000000000  0.000000000000000  0.000000000000000 -.8726621464338891E-007 -.5931259416391832E-006 0.1885263778422797E-008
0.5950000000000000E-001  0.000000000000000 -.2679000000000000  0.000000000000000  0.000000000000000 -.9607645637399465E-007 -.6646307340041346E-006 0.1997422949262528E-008
0.5950000000000000E-001 0.5950000000000000E-001 -.2679000000000000  0.000000000000000  0.000000000000000 -.9443347995241602E-007 -.6498305292479412E-006 0.1923347647814211E-008
0.5950000000000000E-001 0.1190000000000000 -.2679000000000000  0.000000000000000  0.000000000000000 -.9278843549065385E-007 -.6350173498426148E-006 0.1849272401877045E-008
0.5950000000000000E-001 0.1785000000000000 -.2679000000000000  0.000000000000000  0.000000000000000 -.9114132307197487E-007 -.6201911957881556E-006 0.1775194768960375E-008
0.5950000000000000E-001 0.2380000000000000 -.2679000000000000  0.000000000000000  0.000000000000000 -.8949214258535676E-007 -.6053520671123191E-006 0.1701117913199823E-008
0.1190000000000000  0.000000000000000 -.2679000000000000  0.000000000000000  0.000000000000000 -.9827149960450754E-007 -.6784320585317971E-006 0.1813269423500685E-008
0.1190000000000000 0.5950000000000000E-001 -.2679000000000000  0.000000000000000  0.000000000000000 -.9664262193287421E-007 -.6631315546401506E-006 0.1739196925365505E-008
0.1190000000000000 0.1190000000000000 -.2679000000000000  0.000000000000000  0.000000000000000 -.9501167624881290E-007 -.6478180760993713E-006 0.1665121956984095E-008
0.1190000000000000 0.1785000000000000 -.2679000000000000  0.000000000000000  0.000000000000000 -.9337866252456806E-007 -.6324916229094590E-006 0.1591048126581285E-008
0.1190000000000000 0.2380000000000000 -.2679000000000000  0.000000000000000  0.000000000000000 -.9174358078789524E-007 -.6171521950981695E-006 0.1516973213711026E-008
0.1785000000000000  0.000000000000000 -.2679000000000000  0.000000000000000  0.000000000000000 -.1004920530955911E-006 -.6918073855721740E-006 0.1629117452051076E-008
0.1785000000000000 0.5950000000000000E-001 -.2679000000000000  0.000000000000000  0.000000000000000 -.9887727417390302E-007 -.6760065825450745E-006 0.1555045259227228E-008
0.1785000000000000 0.1190000000000000 -.2679000000000000  0.000000000000000  0.000000000000000 -.9726042721203143E-007 -.6601928048688421E-006 0.1480971678624599E-008
0.1785000000000000 0.1785000000000000 -.2679000000000000  0.000000000000000  0.000000000000000 -.9564151223773187E-007 -.6443660525434769E-006 0.1406898625377906E-008
0.1785000000000000 0.2380000000000000 -.2679000000000000  0.000000000000000  0.000000000000000 -.9402052925100435E-007 -.6285263255967344E-006 0.1332822713306925E-008
0.2380000000000000  0.000000000000000 -.2679000000000000  0.000000000000000  0.000000000000000 -.1027381168750008E-006 -.7047567151252654E-006 0.1444961678087608E-008
0.2380000000000000 0.5950000000000000E-001 -.2679000000000000  0.000000000000000  0.000000000000000 -.1011374366755025E-006 -.6884556129627128E-006 0.1370890900798116E-008
0.2380000000000000 0.1190000000000000 -.2679000000000000  0.000000000000000  0.000000000000000 -.9953468846357616E-007 -.6721415361510275E-006 0.1296819457374809E-008
0.2380000000000000 0.1785000000000000 -.2679000000000000  0.000000000000000  0.000000000000000 -.9792987221146632E-007 -.6558144846902092E-006 0.1222746154327936E-008
0.2380000000000000 0.2380000000000000 -.2679000000000000  0.000000000000000  0.000000000000000 -.9632298797468408E-007 -.6394744586357692E-006 0.1148673656192756E-008
 0.000000000000000  0.000000000000000 -.3572000000000000  0.000000000000000  0.000000000000000 -.1236101807577938E-006 -.9202886368797625E-006 0.2130376514086763E-008
 0.000000000000000 0.5950000000000000E-001 -.3572000000000000  0.000000000000000  0.000000000000000 -.1220672375956688E-006 -.8959619564041787E-006 0.2056300241193298E-008
 0.000000000000000 0.1190000000000000 -.3572000000000000  0.000000000000000  0.000000000000000 -.1205222264211159E-006 -.8716223012517066E-006 0.1982222386232024E-008
 0.000000000000000 0.1785000000000000 -.3572000000000000  0.000000000000000  0.000000000000000 -.1189751472341349E-006 -.8472696714501016E-006 0.1908144531270750E-008
 0.000000000000000 0.2380000000000000 -.3572000000000000  0.000000000000000  0.000000000000000 -.1174260000347260E-006 -.8229040670548748E-006 0.1834068230621710E-008
0.5950000000000000E-001  0.000000000000000 -.3572000000000000  0.000000000000000  0.000000000000000 -.1258769842527041E-006 -.9310089293113055E-006 0.1946225597349027E-008
0.5950000000000000E-001 0.5950000000000000E-001 -.3572000000000000  0.000000000000000  0.000000000000000 -.1243481398127688E-006 -.9061819497002688E-006 0.1872147381565270E-008
0.5950000000000000E-001 0.1190000000000000 -.3572000000000000  0.000000000000000  0.000000000000000 -.1228172274159167E-006 -.8813419954400992E-006 0.1798072274405982E-008
0.5950000000000000E-001 0.1785000000000000 -.3572000000000000  0.000000000000000  0.000000000000000 -.1212842469511255E-006 -.8564890665030411E-006 0.1723995418645430E-008
0.5950000000000000E-001 0.2380000000000000 -.3572000000000000  0.000000000000000  0.000000000000000 -.1197491984739063E-006 -.8316231629723614E-006 0.1649918479618151E-008
0.1190000000000000  0.000000000000000 -.3572000000000000  0.000000000000000  0.000000000000000 -.1281692979804294E-006 -.9413032242833186E-006 0.1762062967758382E-008
0.1190000000000000 0.5950000000000000E-001 -.3572000000000000  0.000000000000000  0.000000000000000 -.1266545523181950E-006 -.9159759455090732E-006 0.1687992162713314E-008
0.1190000000000000 0.1190000000000000 -.3572000000000000  0.000000000000000  0.000000000000000 -.1251377386157770E-006 -.8906356921134506E-006 0.1613918332310504E-008
0.1190000000000000 0.1785000000000000 -.3572000000000000  0.000000000000000  0.000000000000000 -.1236188569009311E-006 -.8652824640686951E-006 0.1539844279863090E-008
0.1190000000000000 0.2380000000000000 -.3572000000000000  0.000000000000000  0.000000000000000 -.1220979072014128E-006 -.8399162614025624E-006 0.1465768811881318E-008
0.1785000000000000  0.000000000000000 -.3572000000000000  0.000000000000000  0.000000000000000 -.1304871219964809E-006 -.9511715217402905E-006 0.1577908415040241E-008
0.1785000000000000 0.5950000000000000E-001 -.3572000000000000  0.000000000000000  0.000000000000000 -.1289864750564362E-006 -.9253439438583477E-006 0.1503835944660636E-008
0.1785000000000000 0.1190000000000000 -.3572000000000000  0.000000000000000  0.000000000000000 -.1274837601039636E-006 -.8995033913272721E-006 0.1429763835103515E-008
0.1785000000000000 0.1785000000000000 -.3572000000000000  0.000000000000000  0.000000000000000 -.1259789771390629E-006 -.8736498641470636E-006 0.1355690282256461E-008
0.1785000000000000 0.2380000000000000 -.3572000000000000  0.000000000000000  0.000000000000000 -.1244721261617343E-006 -.8477833623454778E-006 0.1281616007764441E-008
0.2380000000000000  0.000000000000000 -.3572000000000000  0.000000000000000  0.000000000000000 -.1328304562453475E-006 -.9606138217377325E-006 0.1393749615719031E-008
0.2380000000000000 0.5950000000000000E-001 -.3572000000000000  0.000000000000000  0.000000000000000 -.1313439080552481E-006 -.9342859447203367E-006 0.1319678200051300E-008
0.2380000000000000 0.1190000000000000 -.3572000000000000  0.000000000000000  0.000000000000000 -.1298552918249651E-006 -.9079450930538080E-006 0.1245606479072237E-008
0.2380000000000000 0.1785000000000000 -.3572000000000000  0.000000000000000  0.000000000000000 -.1283646076100098E-006 -.8815912667659020E-006 0.1171534286248388E-008
0.2380000000000000 0.2380000000000000 -.3572000000000000  0.000000000000000  0.000000000000000 -.1268718553826265E-006 -.8552244658011077E-006 0.1097461371779573E-008
