BETA     element
 2.987320000000000      0.000000000000000
 3.060039622093607      1.000000000000000
 3.692380897972955      2.000000000000000
 26.96415552755102      3.000000000000000
 28.16104172061119      4.000000000000000
 28.89382607102220      5.000000000000000
 30.13955437933204      6.000000000000000
 30.66866647080357      7.000000000000000
 30.12525024865401      8.000000000000000
 26.90903954928410      9.000000000000000
 3.567310782698117      10.00000000000000
 3.297730678370141      11.00000000000000
 3.158582518058663      12.00000000000000
 2.964335421348375      13.00000000000000
 2.899921781180124      14.00000000000000
 2.978301651101586      15.00000000000000
 3.630759668008396      16.00000000000000
 27.74699696514882      17.00000000000000
 28.98844941816890      18.00000000000000
 29.74847715840609      19.00000000000000
 31.04045050617661      20.00000000000000
 31.59296200253610      21.00000000000000
 31.04045052771087      22.00000000000000
 27.74699704812354      23.00000000000000
 3.630759856296018      24.00000000000000
 3.341460063944743      25.00000000000000
 3.190892819071839      26.00000000000000
 2.978301795180099      27.00000000000000
 2.899921912754340      28.00000000000000
 2.964335544401332      29.00000000000000
 3.567310875466192      30.00000000000000
 26.90903837075031      31.00000000000000
 28.12104933249886      32.00000000000000
 28.86325176057048      33.00000000000000
 30.12524889239401      34.00000000000000
 30.66866507931680      35.00000000000000
 30.13955300153778      36.00000000000000
 26.96415426604241      37.00000000000000
 3.692380802453132      38.00000000000000
 3.060039601067837      39.00000000000000
 2.987319999999797      40.00000000000000
 3.044552011946094      41.00000000000000
 3.568613468776694      42.00000000000000
 28.89647208971256      43.00000000000000
 33.00606424817430      44.00000000000000
 33.66577548408063      45.00000000000000
 33.00606498114850      46.00000000000000
 28.89647498876636      47.00000000000000
 3.568620091296077      48.00000000000000
 3.044557149582420      49.00000000000000
 2.987324689495082      50.00000000000000
