BETA     element
 35.15470000000000      0.000000000000000
 34.46777434352765      1.000000000000000
 30.18708224505371      2.000000000000000
 3.604047200770620      3.000000000000000
 3.343295440088466      4.000000000000000
 3.208851092681984      5.000000000000000
 3.021455028675864      6.000000000000000
 2.951538100370571      7.000000000000000
 3.016399889523538      8.000000000000000
 3.582124880176355      9.000000000000000
 29.86935181401659      10.00000000000000
 31.46496923778682      11.00000000000000
 32.44422510666668      12.00000000000000
 34.11279391249600      13.00000000000000
 34.79501603701060      14.00000000000000
 34.11748993700826      15.00000000000000
 29.88792966819981      16.00000000000000
 3.624988858670705      17.00000000000000
 3.367527635362475      18.00000000000000
 3.234797539488457      19.00000000000000
 3.049825109883292      20.00000000000000
 2.982048806480924      21.00000000000000
 3.049825113770999      22.00000000000000
 3.624988875530293      23.00000000000000
 29.88792991255371      24.00000000000000
 31.47843947610669      25.00000000000000
 32.45449185244269      26.00000000000000
 34.11749021000968      27.00000000000000
 34.79501631362931      28.00000000000000
 34.11279418188589      29.00000000000000
 29.86935204408301      30.00000000000000
 3.582124864070960      31.00000000000000
 3.328062635644324      32.00000000000000
 3.197510713406080      33.00000000000000
 3.016399867705237      34.00000000000000
 2.951538076906000      35.00000000000000
 3.021455002969852      36.00000000000000
 3.604047167805621      37.00000000000000
 30.18708223076602      38.00000000000000
 34.46777433991591      39.00000000000000
 35.15469999999979      40.00000000000000
 34.64565180721088      41.00000000000000
 31.44336808918524      42.00000000000000
 8.231536468355552      43.00000000000000
 7.187287184238272      44.00000000000000
 7.041504820906660      45.00000000000000
 7.187287759869143      46.00000000000000
 8.231539083967700      47.00000000000000
 31.44340867862255      48.00000000000000
 34.64569730386112      49.00000000000000
 35.15474637958727      50.00000000000000
