DISP     element
 0.000000000000000      0.000000000000000
 0.000000000000000      1.000000000000000
 0.000000000000000      2.000000000000000
 1.818201847599472      3.000000000000000
 1.943201847599473      4.000000000000000
 2.018201847599472      5.000000000000000
 2.143201847599473      6.000000000000000
 2.229022722220067      7.000000000000000
 2.275590758780390      8.000000000000000
 2.357954219948820      9.000000000000000
 4.720076698761853      10.00000000000000
 4.850792575921764      11.00000000000000
 4.929222102217710      12.00000000000000
 5.059937979377620      13.00000000000000
 5.214779889707239      14.00000000000000
 5.472528396657943      15.00000000000000
 6.482380365112387      16.00000000000000
 17.97437469667178      17.00000000000000
 18.37603600020676      18.00000000000000
 18.61703278232775      19.00000000000000
 19.01869408586274      20.00000000000000
 19.18764022289596      21.00000000000000
 19.01869418551566      22.00000000000000
 17.97437510295879      23.00000000000000
 6.482383918048845      24.00000000000000
 6.093979413190707      25.00000000000000
 5.860936710275825      26.00000000000000
 5.472532205417688      27.00000000000000
 5.214783815020906      28.00000000000000
 5.059942098705943      29.00000000000000
 4.720081578234577      30.00000000000000
 2.357966381161269      31.00000000000000
 2.326288335116580      32.00000000000000
 2.307281507489766      33.00000000000000
 2.275603461445076      34.00000000000000
 2.229035487455511      35.00000000000000
 2.143214450611323      36.00000000000000
 1.818213602525213      37.00000000000000
0.1326538948239596E-005      38.00000000000000
0.3105714535337208E-006      39.00000000000000
0.2957692967432930E-011      40.00000000000000
-.3103009831719889E-006      41.00000000000000
-.1323686285592753E-005      42.00000000000000
-.1240214911394905E-004      43.00000000000000
-.1341553441636982E-004      44.00000000000000
-.1359398682883392E-004      45.00000000000000
-.1350425363346320E-004      46.00000000000000
-.1277730402292108E-004      47.00000000000000
-.4830194252095576E-005      48.00000000000000
-.4103244641553452E-005      49.00000000000000
-.3908979369804720E-005      50.00000000000000
