 SGx1               SGx2              SGy1                SGy2              chrom_x            chrom_y            CONS(MU)           quad_Kx                 quad_Ky                 quad_Kz                  alpha_0              alpha_1            eta_1
 0.000000000000000  0.000000000000000  0.000000000000000  0.000000000000000 -1.879527862427126 -2.637586860764062 0.1635648311179998 0.1029866600890865E-002 -.1947007313095827E-003 0.1236229183843439E-001 0.2392992706114778 0.3100085502514455 0.9814406584865747
 0.000000000000000 0.1000000000000000E-002  0.000000000000000  0.000000000000000  1.105003476985973 -2.972911645888778 0.1635648311179998 -.6054744904545797E-003 -.1790873716514868E-003 -.3840524607113478E-002 0.2392992706114778 -1.239209933247743 -.5677778250126139
 0.000000000000000 0.2000000000000000E-002  0.000000000000000  0.000000000000000  4.089534816399071 -3.308236431013496 0.1635648311179998 -.2240815581799596E-002 -.1634740119933920E-003 -.2004334103145555E-001 0.2392992706114778 -2.788428416746929 -2.116996308511799
 0.000000000000000 0.3000000000000000E-002  0.000000000000000  0.000000000000000  7.074066155812168 -3.643561216138212 0.1635648311179998 -.3876156673145576E-002 -.1478606523352996E-003 -.3624615746493224E-001 0.2392992706114778 -4.337646900246121 -3.666214792010992
 0.000000000000000 0.4000000000000000E-002  0.000000000000000  0.000000000000000  10.05859749522527 -3.978886001262929 0.1635648311179998 -.5511497764491492E-002 -.1322472926771987E-003 -.5244897389204119E-001 0.2392992706114778 -5.886865383745307 -5.215433275510178
0.1000000000000000E-002  0.000000000000000  0.000000000000000  0.000000000000000 -1.206410715678845 -2.714734200238999 0.1635648311179998 0.6610394705365707E-003 -.1911086044781596E-003 0.1231050911826775E-001 0.2392992706114778 0.3050612846964305 0.9764933929315597
0.1000000000000000E-002 0.1000000000000000E-002  0.000000000000000  0.000000000000000  1.778120623734254 -3.050058985363714 0.1635648311179998 -.9743016208092135E-003 -.1754952448200651E-003 -.3892307406246892E-002 0.2392992706114778 -1.244157198802758 -.5727250905676285
0.1000000000000000E-002 0.2000000000000000E-002  0.000000000000000  0.000000000000000  4.762651963147354 -3.385383770488431 0.1635648311179998 -.2609642712153907E-002 -.1598818851619679E-003 -.2009512382931481E-001 0.2392992706114778 -2.793375682301945 -2.121943574066815
0.1000000000000000E-002 0.3000000000000000E-002  0.000000000000000  0.000000000000000  7.747183302560460 -3.720708555613148 0.1635648311179998 -.4244983803499377E-002 -.1442685255038745E-003 -.3629794026075842E-001 0.2392992706114778 -4.342594165801136 -3.671162057566006
0.1000000000000000E-002 0.4000000000000000E-002  0.000000000000000  0.000000000000000  10.73171464197355 -4.056033340737866 0.1635648311179998 -.5880324894844840E-002 -.1286551658457815E-003 -.5250075669246113E-001 0.2392992706114778 -5.891812649300320 -5.220380541065191
0.2000000000000000E-002  0.000000000000000  0.000000000000000  0.000000000000000 -.5332935689305638 -2.791881539713934 0.1635648311179998 0.2922123401821663E-003 -.1875164776467374E-003 0.1225872641514736E-001 0.2392992706114778 0.3001140191414154 0.9715461273765447
0.2000000000000000E-002 0.1000000000000000E-002  0.000000000000000  0.000000000000000  2.451237770482537 -3.127206324838653 0.1635648311179998 -.1343128751163167E-002 -.1719031179886413E-003 -.3944090054424894E-002 0.2392992706114778 -1.249104464357773 -.5776723561226441
0.2000000000000000E-002 0.2000000000000000E-002  0.000000000000000  0.000000000000000  5.435769109895634 -3.462531109963370 0.1635648311179998 -.2978469842508888E-002 -.1562897583305500E-003 -.2014690648234115E-001 0.2392992706114778 -2.798322947856960 -2.126890839621830
0.2000000000000000E-002 0.3000000000000000E-002  0.000000000000000  0.000000000000000  8.420300449308730 -3.797855895088088 0.1635648311179998 -.4613810933853360E-002 -.1406763986724545E-003 -.3634972292512988E-001 0.2392992706114778 -4.347541431356148 -3.676109323121019
0.2000000000000000E-002 0.4000000000000000E-002  0.000000000000000  0.000000000000000  11.40483178872184 -4.133180680212802 0.1635648311179998 -.6249152025200055E-002 -.1250630390143562E-003 -.5255253934936780E-001 0.2392992706114778 -5.896759914855335 -5.225327806620206
0.3000000000000000E-002  0.000000000000000  0.000000000000000  0.000000000000000 0.1398235778177182 -2.869028879188874 0.1635648311179998 -.7661479017201649E-004 -.1839243508153175E-003 0.1220694364538932E-001 0.2392992706114778 0.2951667535864005 0.9665988618215298
0.3000000000000000E-002 0.1000000000000000E-002  0.000000000000000  0.000000000000000  3.124354917230816 -3.204353664313590 0.1635648311179998 -.1711955881516641E-002 -.1683109911572195E-003 -.3995872777718075E-002 0.2392992706114778 -1.254051729912788 -.5826196216776592
0.3000000000000000E-002 0.2000000000000000E-002  0.000000000000000  0.000000000000000  6.108886256643919 -3.539678449438304 0.1635648311179998 -.3347296972862528E-002 -.1526976314991199E-003 -.2019868921771118E-001 0.2392992706114778 -2.803270213411975 -2.131838105176846
0.3000000000000000E-002 0.3000000000000000E-002  0.000000000000000  0.000000000000000  9.093417596057018 -3.875003234563025 0.1635648311179998 -.4982638064208373E-002 -.1370842718410278E-003 -.3640150564765286E-001 0.2392992706114778 -4.352488696911164 -3.681056588676034
0.3000000000000000E-002 0.4000000000000000E-002  0.000000000000000  0.000000000000000  12.07794893547011 -4.210328019687741 0.1635648311179998 -.6617979155553787E-002 -.1214709121829268E-003 -.5260432207100592E-001 0.2392992706114778 -5.901707180410349 -5.230275072175220
0.4000000000000000E-002  0.000000000000000  0.000000000000000  0.000000000000000 0.8129407245659986 -2.946176218663810 0.1635648311179998 -.4454419205261422E-003 -.1803322239838942E-003 0.1215516092647020E-001 0.2392992706114778 0.2902194880313855 0.9616515962665146
0.4000000000000000E-002 0.1000000000000000E-002  0.000000000000000  0.000000000000000  3.797472063979096 -3.281501003788525 0.1635648311179998 -.2080783011871148E-002 -.1647188643257963E-003 -.4047655514267507E-002 0.2392992706114778 -1.258998995467803 -.5875668872326739
0.4000000000000000E-002 0.2000000000000000E-002  0.000000000000000  0.000000000000000  6.782003403392196 -3.616825788913244 0.1635648311179998 -.3716124103216745E-002 -.1491055046677058E-003 -.2025047194054813E-001 0.2392992706114778 -2.808217478966989 -2.136785370731860
0.4000000000000000E-002 0.3000000000000000E-002  0.000000000000000  0.000000000000000  9.766534742805300 -3.952150574037960 0.1635648311179998 -.5351465194563431E-002 -.1334921450096058E-003 -.3645328836928982E-001 0.2392992706114778 -4.357435962466180 -3.686003854231051
0.4000000000000000E-002 0.4000000000000000E-002  0.000000000000000  0.000000000000000  12.75106608221840 -4.287475359162677 0.1635648311179998 -.6986806285906842E-002 -.1178787853515163E-003 -.5265610479624321E-001 0.2392992706114778 -5.906654445965364 -5.235222337730235
 0.000000000000000  0.000000000000000 -.1000000000000000E-002  0.000000000000000 -2.073449760667540 -.7293960824577331 0.1635648311179998 0.1136123970185829E-002 -.2835497226147659E-003 0.1320873336583737E-001 0.2392992706114778 0.3909401103618750  1.062372218597004
 0.000000000000000 0.1000000000000000E-002 -.1000000000000000E-002  0.000000000000000 0.9110815787455598 -1.064720867582450 0.1635648311179998 -.4992171211591063E-003 -.2679363629566726E-003 -.2994083101857857E-002 0.2392992706114778 -1.158278373137313 -.4868462649021840
 0.000000000000000 0.2000000000000000E-002 -.1000000000000000E-002  0.000000000000000  3.895612918158658 -1.400045652707167 0.1635648311179998 -.2134558212504756E-002 -.2523230032985742E-003 -.1919689952751435E-001 0.2392992706114778 -2.707496856636500 -2.036064748401370
 0.000000000000000 0.3000000000000000E-002 -.1000000000000000E-002  0.000000000000000  6.880144257571762 -1.735370437831883 0.1635648311179998 -.3769899303850540E-002 -.2367096436404792E-003 -.3539971595827855E-001 0.2392992706114778 -4.256715340135691 -3.585283231900562
 0.000000000000000 0.4000000000000000E-002 -.1000000000000000E-002  0.000000000000000  9.864675596984858 -2.070695222956601 0.1635648311179998 -.5405240395196007E-002 -.2210962839823857E-003 -.5160253238756676E-001 0.2392992706114778 -5.805933823634876 -5.134501715399748
0.1000000000000000E-002  0.000000000000000 -.1000000000000000E-002  0.000000000000000 -1.400332613919258 -.8065434219326700 0.1635648311179998 0.7672968398315145E-003 -.2799575957833443E-003 0.1315695056683911E-001 0.2392992706114778 0.3859928448068598  1.057424953041989
0.1000000000000000E-002 0.1000000000000000E-002 -.1000000000000000E-002  0.000000000000000  1.584198725493841 -1.141868207057388 0.1635648311179998 -.8680442515139353E-003 -.2643442361252501E-003 -.3045865910278669E-002 0.2392992706114778 -1.163225638692328 -.4917935304571991
0.1000000000000000E-002 0.2000000000000000E-002 -.1000000000000000E-002  0.000000000000000  4.568730064906941 -1.477192992182105 0.1635648311179998 -.2503385342859194E-002 -.2487308764671555E-003 -.1924868233775126E-001 0.2392992706114778 -2.712444122191517 -2.041012013956387
0.1000000000000000E-002 0.3000000000000000E-002 -.1000000000000000E-002  0.000000000000000  7.553261404320037 -1.812517777306822 0.1635648311179998 -.4138726434204453E-002 -.2331175168090575E-003 -.3545149877235188E-001 0.2392992706114778 -4.261662605690707 -3.590230497455578
0.1000000000000000E-002 0.4000000000000000E-002 -.1000000000000000E-002  0.000000000000000  10.53779274373313 -2.147842562431537 0.1635648311179998 -.5774067525549852E-002 -.2175041571509600E-003 -.5165431520334545E-001 0.2392992706114778 -5.810881089189890 -5.139448980954762
0.2000000000000000E-002  0.000000000000000 -.1000000000000000E-002  0.000000000000000 -.7272154671709767 -.8836907614076073 0.1635648311179998 0.3984697094776887E-003 -.2763654689519230E-003 0.1310516787993530E-001 0.2392992706114778 0.3810455792518447  1.052477687486974
0.2000000000000000E-002 0.1000000000000000E-002 -.1000000000000000E-002  0.000000000000000  2.257315872242121 -1.219015546532324 0.1635648311179998 -.1236871381867887E-002 -.2607521092938260E-003 -.3097648540828054E-002 0.2392992706114778 -1.168172904247344 -.4967407960122144
0.2000000000000000E-002 0.2000000000000000E-002 -.1000000000000000E-002  0.000000000000000  5.241847211655216 -1.554340331657041 0.1635648311179998 -.2872212473213732E-002 -.2451387496357300E-003 -.1930046497588597E-001 0.2392992706114778 -2.717391387746530 -2.045959279511400
0.2000000000000000E-002 0.3000000000000000E-002 -.1000000000000000E-002  0.000000000000000  8.226378551068320 -1.889665116781759 0.1635648311179998 -.4507553564558770E-002 -.2295253899776397E-003 -.3550328141189860E-001 0.2392992706114778 -4.266609871245719 -3.595177763010590
0.2000000000000000E-002 0.4000000000000000E-002 -.1000000000000000E-002  0.000000000000000  11.21090989048142 -2.224989901906475 0.1635648311179998 -.6142894655904599E-002 -.2139120303195373E-003 -.5170609783978148E-001 0.2392992706114778 -5.815828354744905 -5.144396246509777
0.3000000000000000E-002  0.000000000000000 -.1000000000000000E-002  0.000000000000000 -.5409832042269543E-001 -.9608381008825452 0.1635648311179998 0.2964257912302111E-004 -.2727733421205012E-003 0.1305338515454398E-001 0.2392992706114778 0.3760983136968297  1.047530421931959
0.3000000000000000E-002 0.1000000000000000E-002 -.1000000000000000E-002  0.000000000000000  2.930433018990403 -1.296162886007262 0.1635648311179998 -.1605698512222550E-002 -.2571599824624067E-003 -.3149431185216967E-002 0.2392992706114778 -1.173120169802359 -.5016880615672293
0.3000000000000000E-002 0.2000000000000000E-002 -.1000000000000000E-002  0.000000000000000  5.914964358403495 -1.631487671131978 0.1635648311179998 -.3241039603567699E-002 -.2415466228043103E-003 -.1935224770758754E-001 0.2392992706114778 -2.722338653301545 -2.050906545066415
0.3000000000000000E-002 0.3000000000000000E-002 -.1000000000000000E-002  0.000000000000000  8.899495697816601 -1.966812456256697 0.1635648311179998 -.4876380694914286E-002 -.2259332631462127E-003 -.3555506414100189E-001 0.2392992706114778 -4.271557136800735 -3.600125028565606
0.3000000000000000E-002 0.4000000000000000E-002 -.1000000000000000E-002  0.000000000000000  11.88402703722970 -2.302137241381412 0.1635648311179998 -.6511721786258499E-002 -.2103199034881162E-003 -.5175788057032477E-001 0.2392992706114778 -5.820775620299919 -5.149343512064791
0.4000000000000000E-002  0.000000000000000 -.1000000000000000E-002  0.000000000000000 0.6190188263255849 -1.037985440357482 0.1635648311179998 -.3391845512314355E-003 -.2691812152890796E-003 0.1300160242845854E-001 0.2392992706114778 0.3711510481418147  1.042583156376944
0.4000000000000000E-002 0.1000000000000000E-002 -.1000000000000000E-002  0.000000000000000  3.603550165738683 -1.373310225482201 0.1635648311179998 -.1974525642575918E-002 -.2535678556309811E-003 -.3201214004238948E-002 0.2392992706114778 -1.178067435357374 -.5066353271222451
0.4000000000000000E-002 0.2000000000000000E-002 -.1000000000000000E-002  0.000000000000000  6.588081505151780 -1.708635010606917 0.1635648311179998 -.3609866733924053E-002 -.2379544959728841E-003 -.1940403043392749E-001 0.2392992706114778 -2.727285918856560 -2.055853810621430
0.4000000000000000E-002 0.3000000000000000E-002 -.1000000000000000E-002  0.000000000000000  9.572612844564889 -2.043959795731633 0.1635648311179998 -.5245207825267924E-002 -.2223411363147889E-003 -.3560684686848198E-001 0.2392992706114778 -4.276504402355751 -3.605072294120621
0.4000000000000000E-002 0.4000000000000000E-002 -.1000000000000000E-002  0.000000000000000  12.55714418397798 -2.379284580856350 0.1635648311179998 -.6880548916613136E-002 -.2067277766566938E-003 -.5180966329040453E-001 0.2392992706114778 -5.825722885854935 -5.154290777619806
 0.000000000000000  0.000000000000000 -.2000000000000000E-002  0.000000000000000 -2.267371658907952  1.178794695848596 0.1635648311179998 0.1242381339480962E-002 -.3723987139199505E-003 0.1405517483343276E-001 0.2392992706114778 0.4718716704723041  1.143303778707433
 0.000000000000000 0.1000000000000000E-002 -.2000000000000000E-002  0.000000000000000 0.7171596805051466 0.8434699107238787 0.1635648311179998 -.3929597518642978E-003 -.3567853542618566E-003 -.2147641596092783E-002 0.2392992706114778 -1.077346813026884 -.4059147047917550
 0.000000000000000 0.2000000000000000E-002 -.2000000000000000E-002  0.000000000000000  3.701691019918244 0.5081451255991620 0.1635648311179998 -.2028300843210117E-002 -.3411719946037643E-003 -.1835045802484448E-001 0.2392992706114778 -2.626565296526071 -1.955133188290941
 0.000000000000000 0.3000000000000000E-002 -.2000000000000000E-002  0.000000000000000  6.686222359331343 0.1728203404744444 0.1635648311179998 -.3663641934554960E-002 -.3255586349456632E-003 -.3455327445162577E-001 0.2392992706114778 -4.175783780025262 -3.504351671790133
 0.000000000000000 0.4000000000000000E-002 -.2000000000000000E-002  0.000000000000000  9.670753698744441 -.1625044446502718 0.1635648311179998 -.5298983025901161E-002 -.3099452752875695E-003 -.5075609088093841E-001 0.2392992706114778 -5.725002263524448 -5.053570155289319
0.1000000000000000E-002  0.000000000000000 -.2000000000000000E-002  0.000000000000000 -1.594254512159671  1.101647356373658 0.1635648311179998 0.8735542091266183E-003 -.3688065870885269E-003 0.1400339203745193E-001 0.2392992706114778 0.4669244049172893  1.138356513152418
0.1000000000000000E-002 0.1000000000000000E-002 -.2000000000000000E-002  0.000000000000000  1.390276827253426 0.7663225712489419 0.1635648311179998 -.7617868822188904E-003 -.3531932274304321E-003 -.2199424392087260E-002 0.2392992706114778 -1.082294078581899 -.4108619703467701
0.1000000000000000E-002 0.2000000000000000E-002 -.2000000000000000E-002  0.000000000000000  4.374808166666527 0.4309977861242255 0.1635648311179998 -.2397127973564143E-002 -.3375798677723381E-003 -.1840224081531249E-001 0.2392992706114778 -2.631512562081086 -1.960080453845957
0.1000000000000000E-002 0.3000000000000000E-002 -.2000000000000000E-002  0.000000000000000  7.359339506079621 0.9567300099950769E-001 0.1635648311179998 -.4032469064909357E-002 -.3219665081142277E-003 -.3460505724987852E-001 0.2392992706114778 -4.180731045580278 -3.509298937345149
0.1000000000000000E-002 0.4000000000000000E-002 -.2000000000000000E-002  0.000000000000000  10.34387084549273 -.2396517841252089 0.1635648311179998 -.5667810156254454E-002 -.3063531484561438E-003 -.5080787367881891E-001 0.2392992706114778 -5.729949529079462 -5.058517420844334
0.2000000000000000E-002  0.000000000000000 -.2000000000000000E-002  0.000000000000000 -.9211373654113906  1.024500016898721 0.1635648311179998 0.5047270787719689E-003 -.3652144602571102E-003 0.1395160938282996E-001 0.2392992706114778 0.4619771393622740  1.133409247597403
0.2000000000000000E-002 0.1000000000000000E-002 -.2000000000000000E-002  0.000000000000000  2.063393974001710 0.6891752317740047 0.1635648311179998 -.1130614012572866E-002 -.3496011005990107E-003 -.2251207039886880E-002 0.2392992706114778 -1.087241344136914 -.4158092359017843
0.2000000000000000E-002 0.2000000000000000E-002 -.2000000000000000E-002  0.000000000000000  5.047925313414810 0.3538504466492869 0.1635648311179998 -.2765955103918496E-002 -.3339877409409140E-003 -.1845402347222195E-001 0.2392992706114778 -2.636459827636102 -1.965027719400972
0.2000000000000000E-002 0.3000000000000000E-002 -.2000000000000000E-002  0.000000000000000  8.032456652827898 0.1852566152456973E-001 0.1635648311179998 -.4401296195263781E-002 -.3183743812828286E-003 -.3465683990611952E-001 0.2392992706114778 -4.185678311135291 -3.514246202900162
0.2000000000000000E-002 0.4000000000000000E-002 -.2000000000000000E-002  0.000000000000000  11.01698799224101 -.3167991236001476 0.1635648311179998 -.6036637286609591E-002 -.3027610216247228E-003 -.5085965633611084E-001 0.2392992706114778 -5.734896794634476 -5.063464686399347
0.3000000000000000E-002  0.000000000000000 -.2000000000000000E-002  0.000000000000000 -.2480202186631085 0.9473526774237826 0.1635648311179998 0.1358999484188570E-003 -.3616223334256891E-003 0.1389982666258278E-001 0.2392992706114778 0.4570298738072593  1.128461982042388
0.3000000000000000E-002 0.1000000000000000E-002 -.2000000000000000E-002  0.000000000000000  2.736511120749992 0.6120278922990675 0.1635648311179998 -.1499441142927329E-002 -.3460089737675931E-003 -.2302989769326156E-002 0.2392992706114778 -1.092188609691930 -.4207565014568005
0.3000000000000000E-002 0.2000000000000000E-002 -.2000000000000000E-002  0.000000000000000  5.721042460163091 0.2767031071743495 0.1635648311179998 -.3134782234272437E-002 -.3303956141094931E-003 -.1850580619888431E-001 0.2392992706114778 -2.641407093191117 -1.969974984955987
0.3000000000000000E-002 0.3000000000000000E-002 -.2000000000000000E-002  0.000000000000000  8.705573799576179 -.5862167795036752E-001 0.1635648311179998 -.4770123325617941E-002 -.3147822544514067E-003 -.3470862263434906E-001 0.2392992706114778 -4.190625576690308 -3.519193468455179
0.3000000000000000E-002 0.4000000000000000E-002 -.2000000000000000E-002  0.000000000000000  11.69010513898928 -.3939464630750848 0.1635648311179998 -.6405464416962775E-002 -.2991688947933022E-003 -.5091143906369745E-001 0.2392992706114778 -5.739844060189490 -5.068411951954361
0.4000000000000000E-002  0.000000000000000 -.2000000000000000E-002  0.000000000000000 0.4250969280851717 0.8702053379488466 0.1635648311179998 -.2329271819355491E-003 -.3580302065942644E-003 0.1384804393902774E-001 0.2392992706114778 0.4520826082522439  1.123514716487373
0.4000000000000000E-002 0.1000000000000000E-002 -.2000000000000000E-002  0.000000000000000  3.409628267498272 0.5348805528241301 0.1635648311179998 -.1868268273281726E-002 -.3424168469361710E-003 -.2354772495605811E-002 0.2392992706114778 -1.097135875246944 -.4257037670118152
0.4000000000000000E-002 0.2000000000000000E-002 -.2000000000000000E-002  0.000000000000000  6.394159606911367 0.1995557676994124 0.1635648311179998 -.3503609364627319E-002 -.3268034872780680E-003 -.1855758892730613E-001 0.2392992706114778 -2.646354358746131 -1.974922250511002
0.4000000000000000E-002 0.3000000000000000E-002 -.2000000000000000E-002  0.000000000000000  9.378690946324467 -.1357690174253051 0.1635648311179998 -.5138950455971790E-002 -.3111901276199754E-003 -.3476040536182843E-001 0.2392992706114778 -4.195572842245321 -3.524140734010192
0.4000000000000000E-002 0.4000000000000000E-002 -.2000000000000000E-002  0.000000000000000  12.36322228573757 -.4710938025500215 0.1635648311179998 -.6774291547317908E-002 -.2955767679618793E-003 -.5096322178456845E-001 0.2392992706114778 -5.744791325744510 -5.073359217509381
 0.000000000000000  0.000000000000000 -.3000000000000000E-002  0.000000000000000 -2.461293557148365  3.086985474154925 0.1635648311179998 0.1348638708776085E-002 -.4612477052251384E-003 0.1490161633928766E-001 0.2392992706114778 0.5528032305827335  1.224235338817863
 0.000000000000000 0.1000000000000000E-002 -.3000000000000000E-002  0.000000000000000 0.5232377822647331  2.751660689030209 0.1635648311179998 -.2867023825695940E-003 -.4456343455670445E-003 -.1301200090252000E-002 0.2392992706114778 -.9964152529164556 -.3249831446813264
 0.000000000000000 0.2000000000000000E-002 -.3000000000000000E-002  0.000000000000000  3.507769121677824  2.416335903905494 0.1635648311179998 -.1922043473915218E-002 -.4300209859089457E-003 -.1750401652116750E-001 0.2392992706114778 -2.545633736415643 -1.874201628180514
 0.000000000000000 0.3000000000000000E-002 -.3000000000000000E-002  0.000000000000000  6.492300461090935  2.081011118780775 0.1635648311179998 -.3557384565259959E-002 -.4144076262508519E-003 -.3370683295052521E-001 0.2392992706114778 -4.094852219914833 -3.423420111679703
 0.000000000000000 0.4000000000000000E-002 -.3000000000000000E-002  0.000000000000000  9.476831800504030  1.745686333656058 0.1635648311179998 -.5192725656605010E-002 -.3987942665927593E-003 -.4990964937430967E-001 0.2392992706114778 -5.644070703414020 -4.972638595178891
0.1000000000000000E-002  0.000000000000000 -.3000000000000000E-002  0.000000000000000 -1.788176410400084  3.009838134679989 0.1635648311179998 0.9798115784219995E-003 -.4576555783937141E-003 0.1484983354330701E-001 0.2392992706114778 0.5478559650277183  1.219288073262847
0.1000000000000000E-002 0.1000000000000000E-002 -.3000000000000000E-002  0.000000000000000  1.196354929013015  2.674513349555271 0.1635648311179998 -.6555295129240396E-003 -.4420422187356224E-003 -.1352982935746271E-002 0.2392992706114778 -1.001362518471470 -.3299304102363411
0.1000000000000000E-002 0.2000000000000000E-002 -.3000000000000000E-002  0.000000000000000  4.180886268426108  2.339188564430554 0.1635648311179998 -.2290870604268798E-002 -.4264288590775245E-003 -.1755579931434573E-001 0.2392992706114778 -2.550581001970657 -1.879148893735528
0.1000000000000000E-002 0.3000000000000000E-002 -.3000000000000000E-002  0.000000000000000  7.165417607839212  2.003863779305834 0.1635648311179998 -.3926211695614790E-002 -.4108154994194277E-003 -.3375861574322717E-001 0.2392992706114778 -4.099799485469847 -3.428367377234717
0.1000000000000000E-002 0.4000000000000000E-002 -.3000000000000000E-002  0.000000000000000  10.14994894725232  1.668538994181120 0.1635648311179998 -.5561552786959342E-002 -.3952021397613366E-003 -.4996143217010830E-001 0.2392992706114778 -5.649017968969033 -4.977585860733904
0.2000000000000000E-002  0.000000000000000 -.3000000000000000E-002  0.000000000000000 -1.115059263651804  2.932690795205051 0.1635648311179998 0.6109844480675018E-003 -.4540634515623042E-003 0.1479805088868491E-001 0.2392992706114778 0.5429086994727035  1.214340807707833
0.2000000000000000E-002 0.1000000000000000E-002 -.3000000000000000E-002  0.000000000000000  1.869472075761295  2.597366010080334 0.1635648311179998 -.1024356643277781E-002 -.4384500919041998E-003 -.1404765543886292E-002 0.2392992706114778 -1.006309784026485 -.3348776757913557
0.2000000000000000E-002 0.2000000000000000E-002 -.3000000000000000E-002  0.000000000000000  4.854003415174397  2.262041224955620 0.1635648311179998 -.2659697734622783E-002 -.4228367322460966E-003 -.1760758196560150E-001 0.2392992706114778 -2.555528267525671 -1.884096159290542
0.2000000000000000E-002 0.3000000000000000E-002 -.3000000000000000E-002  0.000000000000000  7.838534754587489  1.926716439830900 0.1635648311179998 -.4295038825968932E-002 -.4072233725880053E-003 -.3381039839618325E-001 0.2392992706114778 -4.104746751024864 -3.433314642789735
0.2000000000000000E-002 0.4000000000000000E-002 -.3000000000000000E-002  0.000000000000000  10.82306609400059  1.591391654706182 0.1635648311179998 -.5930379917313995E-002 -.3916100129299125E-003 -.5001321483447167E-001 0.2392992706114778 -5.653965234524048 -4.982533126288919
0.3000000000000000E-002  0.000000000000000 -.3000000000000000E-002  0.000000000000000 -.4419421169035229  2.855543455730116 0.1635648311179998 0.2421573177132524E-003 -.4504713247308697E-003 0.1474626816338381E-001 0.2392992706114778 0.5379614339176884  1.209393542152818
0.3000000000000000E-002 0.1000000000000000E-002 -.3000000000000000E-002  0.000000000000000  2.542589222509580  2.520218670605396 0.1635648311179998 -.1393183773632216E-002 -.4348579650727763E-003 -.1456548262691730E-002 0.2392992706114778 -1.011257049581501 -.3398249413463715
0.3000000000000000E-002 0.2000000000000000E-002 -.3000000000000000E-002  0.000000000000000  5.527120561922680  2.184893885480680 0.1635648311179998 -.3028524864977000E-002 -.4192446054146822E-003 -.1765936468886278E-001 0.2392992706114778 -2.560475533080687 -1.889043424845557
0.3000000000000000E-002 0.3000000000000000E-002 -.3000000000000000E-002  0.000000000000000  8.511651901335771  1.849569100355962 0.1635648311179998 -.4663865956322654E-002 -.4036312457565818E-003 -.3386218113229567E-001 0.2392992706114778 -4.109694016579880 -3.438261908344751
0.3000000000000000E-002 0.4000000000000000E-002 -.3000000000000000E-002  0.000000000000000  11.49618324074887  1.514244315231245 0.1635648311179998 -.6299207047669410E-002 -.3880178860984905E-003 -.5006499755706767E-001 0.2392992706114778 -5.658912500079061 -4.987480391843932
0.4000000000000000E-002  0.000000000000000 -.3000000000000000E-002  0.000000000000000 0.2311750298447580  2.778396116255174 0.1635648311179998 -.1266698126415530E-003 -.4468791978994467E-003 0.1469448544779945E-001 0.2392992706114778 0.5330141683626732  1.204446276597802
0.4000000000000000E-002 0.1000000000000000E-002 -.3000000000000000E-002  0.000000000000000  3.215706369257856  2.443071331130460 0.1635648311179998 -.1762010903986618E-002 -.4312658382413525E-003 -.1508330985450274E-002 0.2392992706114778 -1.016204315136515 -.3447722069013862
0.4000000000000000E-002 0.2000000000000000E-002 -.3000000000000000E-002  0.000000000000000  6.200237708670958  2.107746546005740 0.1635648311179998 -.3397351995332985E-002 -.4156524785832640E-003 -.1771114742489670E-001 0.2392992706114778 -2.565422798635701 -1.893990690400572
0.4000000000000000E-002 0.3000000000000000E-002 -.3000000000000000E-002  0.000000000000000  9.184769048084060  1.772421760881024 0.1635648311179998 -.5032693086677680E-002 -.4000391189251624E-003 -.3391396385517597E-001 0.2392992706114778 -4.114641282134890 -3.443209173899761
0.4000000000000000E-002 0.4000000000000000E-002 -.3000000000000000E-002  0.000000000000000  12.16930038749716  1.437096975756308 0.1635648311179998 -.6668034178022426E-002 -.3844257592670688E-003 -.5011678027873211E-001 0.2392992706114778 -5.663859765634077 -4.992427657398948
 0.000000000000000  0.000000000000000 -.4000000000000000E-002  0.000000000000000 -2.655215455388779  4.995176252461259 0.1635648311179998 0.1454896078070763E-002 -.5500966965303165E-003 0.1574805784493056E-001 0.2392992706114778 0.6337347906931629  1.305166898928292
 0.000000000000000 0.1000000000000000E-002 -.4000000000000000E-002  0.000000000000000 0.3293158840243213  4.659851467336536 0.1635648311179998 -.1804450132744513E-003 -.5344833368722266E-003 -.4547585844336054E-003 0.2392992706114778 -.9154836928060253 -.2440515845708960
 0.000000000000000 0.2000000000000000E-002 -.4000000000000000E-002  0.000000000000000  3.313847223437417  4.324526682211821 0.1635648311179998 -.1815786104619937E-002 -.5188699772141307E-003 -.1665757501250309E-001 0.2392992706114778 -2.464702176305213 -1.793270068070084
 0.000000000000000 0.3000000000000000E-002 -.4000000000000000E-002  0.000000000000000  6.298378562850517  3.989201897087104 0.1635648311179998 -.3451127195965622E-002 -.5032566175560383E-003 -.3286039144466393E-001 0.2392992706114778 -4.013920659804404 -3.342488551569274
 0.000000000000000 0.4000000000000000E-002 -.4000000000000000E-002  0.000000000000000  9.282909902263620  3.653877111962389 0.1635648311179998 -.5086468287310590E-002 -.4876432578979341E-003 -.4906320786768092E-001 0.2392992706114778 -5.563139143303587 -4.891707035068459
0.1000000000000000E-002  0.000000000000000 -.4000000000000000E-002  0.000000000000000 -1.982098308640499  4.918028912986324 0.1635648311179998 0.1086068947716721E-002 -.5465045696989158E-003 0.1569627502375168E-001 0.2392992706114778 0.6287875251381480  1.300219633373277
0.1000000000000000E-002 0.1000000000000000E-002 -.4000000000000000E-002  0.000000000000000  1.002433030772598  4.582704127861600 0.1635648311179998 -.5492721436287728E-003 -.5308912100408049E-003 -.5065414168690462E-003 0.2392992706114778 -.9204309583610405 -.2489988501259113
0.1000000000000000E-002 0.2000000000000000E-002 -.4000000000000000E-002  0.000000000000000  3.986964370185701  4.247379342736885 0.1635648311179998 -.2184613234974002E-002 -.5152778503827136E-003 -.1670935780375922E-001 0.2392992706114778 -2.469649441860226 -1.798217333625097
0.1000000000000000E-002 0.3000000000000000E-002 -.4000000000000000E-002  0.000000000000000  6.971495709598805  3.912054557612166 0.1635648311179998 -.3819954326319186E-002 -.4996644907246055E-003 -.3291217423657380E-001 0.2392992706114778 -4.018867925359420 -3.347435817124290
0.1000000000000000E-002 0.4000000000000000E-002 -.4000000000000000E-002  0.000000000000000  9.956027049011910  3.576729772487450 0.1635648311179998 -.5455295417664973E-002 -.4840511310665092E-003 -.4911499066594643E-001 0.2392992706114778 -5.568086408858600 -4.896654300623472
0.2000000000000000E-002  0.000000000000000 -.4000000000000000E-002  0.000000000000000 -1.308981161892218  4.840881573511381 0.1635648311179998 0.7172418173625066E-003 -.5429124428674762E-003 0.1564449239453670E-001 0.2392992706114778 0.6238402595831326  1.295272367818262
0.2000000000000000E-002 0.1000000000000000E-002 -.4000000000000000E-002  0.000000000000000  1.675550177520880  4.505556788386664 0.1635648311179998 -.9180992739825447E-003 -.5272990832093800E-003 -.5583240385009923E-003 0.2392992706114778 -.9253782239160557 -.2539461156809265
0.2000000000000000E-002 0.2000000000000000E-002 -.4000000000000000E-002  0.000000000000000  4.660081516933978  4.170232003261948 0.1635648311179998 -.2553440365328018E-002 -.5116857235512832E-003 -.1676114045898008E-001 0.2392992706114778 -2.474596707415243 -1.803164599180114
0.2000000000000000E-002 0.3000000000000000E-002 -.4000000000000000E-002  0.000000000000000  7.644612856347081  3.834907218137228 0.1635648311179998 -.4188781456674449E-002 -.4960723638931787E-003 -.3296395689348598E-001 0.2392992706114778 -4.023815190914434 -3.352383082679304
0.2000000000000000E-002 0.4000000000000000E-002 -.4000000000000000E-002  0.000000000000000  10.62914419576017  3.499582433012512 0.1635648311179998 -.5824122548018646E-002 -.4804590042350868E-003 -.4916677332424040E-001 0.2392992706114778 -5.573033674413618 -4.901601566178489
0.3000000000000000E-002  0.000000000000000 -.4000000000000000E-002  0.000000000000000 -.6358640151439352  4.763734234036446 0.1635648311179998 0.3484146870081452E-003 -.5393203160360603E-003 0.1559270964362271E-001 0.2392992706114778 0.6188929940281176  1.290325102263247
0.3000000000000000E-002 0.1000000000000000E-002 -.4000000000000000E-002  0.000000000000000  2.348667324269163  4.428409448911725 0.1635648311179998 -.1286926404336971E-002 -.5237069563779599E-003 -.6101067560817471E-003 0.2392992706114778 -.9303254894710705 -.2588933812359413
0.3000000000000000E-002 0.2000000000000000E-002 -.4000000000000000E-002  0.000000000000000  5.333198663682266  4.093084663787009 0.1635648311179998 -.2922267495683016E-002 -.5080935967198572E-003 -.1681292318656948E-001 0.2392992706114778 -2.479543972970258 -1.808111864735128
0.3000000000000000E-002 0.3000000000000000E-002 -.4000000000000000E-002  0.000000000000000  8.317730003095356  3.757759878662291 0.1635648311179998 -.4557608587028472E-002 -.4924802370617633E-003 -.3301573962215719E-001 0.2392992706114778 -4.028762456469449 -3.357330348234320
0.3000000000000000E-002 0.4000000000000000E-002 -.4000000000000000E-002  0.000000000000000  11.30226134250846  3.422435093537572 0.1635648311179998 -.6192949678372811E-002 -.4768668774036721E-003 -.4921855605043907E-001 0.2392992706114778 -5.577980939968631 -4.906548831733502
0.4000000000000000E-002  0.000000000000000 -.4000000000000000E-002  0.000000000000000 0.3725313160434465E-001  4.686586894561504 0.1635648311179998 -.2041244334595031E-004 -.5357281892046279E-003 0.1554092692830728E-001 0.2392992706114778 0.6139457284731026  1.285377836708232
0.4000000000000000E-002 0.1000000000000000E-002 -.4000000000000000E-002  0.000000000000000  3.021784471017440  4.351262109436790 0.1635648311179998 -.1655753534690776E-002 -.5201148295465299E-003 -.6618894835577551E-003 0.2392992706114778 -.9352727550260853 -.2638406467909561
0.4000000000000000E-002 0.2000000000000000E-002 -.4000000000000000E-002  0.000000000000000  6.006315810430546  4.015937324312072 0.1635648311179998 -.3291094626036255E-002 -.5045014698884329E-003 -.1686470591491090E-001 0.2392992706114778 -2.484491238525273 -1.813059130290143
0.4000000000000000E-002 0.3000000000000000E-002 -.4000000000000000E-002  0.000000000000000  8.990847149843640  3.680612539187355 0.1635648311179998 -.4926435717383586E-002 -.4888881102303450E-003 -.3306752234852300E-001 0.2392992706114778 -4.033709722024465 -3.362277613789336
0.4000000000000000E-002 0.4000000000000000E-002 -.4000000000000000E-002  0.000000000000000  11.97537848925674  3.345287754062638 0.1635648311179998 -.6561776808727766E-002 -.4732747505722406E-003 -.4927033877793132E-001 0.2392992706114778 -5.582928205523647 -4.911496097288518
