 SGx1               SGx2               SGy1               SGy2               spin_ref          spin_x                  spin_y                  spin_z
 0.000000000000000  0.000000000000000  0.000000000000000  0.000000000000000  0.000000000000000 0.1018197220981065E-008 -.1947007277625090E-009 0.1236130087178822E-009
 0.000000000000000 0.1000000000000000E-002  0.000000000000000  0.000000000000000  0.000000000000000 -.5944809089442060E-009 -.1790873838114493E-009 -.3840619489103858E-010
 0.000000000000000 0.2000000000000000E-002  0.000000000000000  0.000000000000000  0.000000000000000 -.2184833258755958E-008 -.1634740121048139E-009 -.2004594545912397E-009
 0.000000000000000 0.3000000000000000E-002  0.000000000000000  0.000000000000000  0.000000000000000 -.3752859856209767E-008 -.1478606403981786E-009 -.3625467148715700E-009
 0.000000000000000 0.4000000000000000E-002  0.000000000000000  0.000000000000000  0.000000000000000 -.5298560701305632E-008 -.1322472964471189E-009 -.5246679757320294E-009
0.1000000000000000E-002  0.000000000000000  0.000000000000000  0.000000000000000  0.000000000000000 0.6453263756700522E-009 -.1911086011663343E-009 0.1230952562103482E-009
0.1000000000000000E-002 0.1000000000000000E-002  0.000000000000000  0.000000000000000  0.000000000000000 -.9444915682887967E-009 -.1754952572152746E-009 -.3892405842087499E-010
0.1000000000000000E-002 0.2000000000000000E-002  0.000000000000000  0.000000000000000  0.000000000000000 -.2511983787645278E-008 -.1598818855086392E-009 -.2009774013878030E-009
0.1000000000000000E-002 0.3000000000000000E-002  0.000000000000000  0.000000000000000  0.000000000000000 -.4057150226888240E-008 -.1442685138020039E-009 -.3630647726904357E-009
0.1000000000000000E-002 0.4000000000000000E-002  0.000000000000000  0.000000000000000  0.000000000000000 -.5579990886017683E-008 -.1286551698509442E-009 -.5251861445731976E-009
0.2000000000000000E-002  0.000000000000000  0.000000000000000  0.000000000000000  0.000000000000000 0.2816314403908393E-009 -.1875164745701596E-009 0.1225775314583899E-009
0.2000000000000000E-002 0.1000000000000000E-002  0.000000000000000  0.000000000000000  0.000000000000000 -.1285326345357163E-008 -.1719031306190999E-009 -.3944189419513577E-010
0.2000000000000000E-002 0.2000000000000000E-002  0.000000000000000  0.000000000000000  0.000000000000000 -.2829958350991646E-008 -.1562897589124645E-009 -.2014953759399418E-009
0.2000000000000000E-002 0.3000000000000000E-002  0.000000000000000  0.000000000000000  0.000000000000000 -.4352264659779337E-008 -.1406763872058292E-009 -.3635828305093014E-009
0.2000000000000000E-002 0.4000000000000000E-002  0.000000000000000  0.000000000000000  0.000000000000000 -.5852245160697933E-008 -.1250630432547695E-009 -.5257043411699414E-009
0.3000000000000000E-002  0.000000000000000  0.000000000000000  0.000000000000000  0.000000000000000 -.7288755710099792E-010 -.1839243479739849E-009 0.1220597789508560E-009
0.3000000000000000E-002 0.1000000000000000E-002  0.000000000000000  0.000000000000000  0.000000000000000 -.1616985184638153E-008 -.1683110040229252E-009 -.3995975772497218E-010
0.3000000000000000E-002 0.2000000000000000E-002  0.000000000000000  0.000000000000000  0.000000000000000 -.3138757032061790E-008 -.1526976323162899E-009 -.2020133227365051E-009
0.3000000000000000E-002 0.3000000000000000E-002  0.000000000000000  0.000000000000000  0.000000000000000 -.4638203127127483E-008 -.1370842606096545E-009 -.3641009160837427E-009
0.3000000000000000E-002 0.4000000000000000E-002  0.000000000000000  0.000000000000000  0.000000000000000 -.6115323497590808E-008 -.1214709166585948E-009 -.5262225100111095E-009
0.4000000000000000E-002  0.000000000000000  0.000000000000000  0.000000000000000  0.000000000000000 -.4182306445610351E-009 -.1803322213778102E-009 0.1215420264433220E-009
0.4000000000000000E-002 0.1000000000000000E-002  0.000000000000000  0.000000000000000  0.000000000000000 -.1939468113887344E-008 -.1647188774267505E-009 -.4047762125480858E-010
0.4000000000000000E-002 0.2000000000000000E-002  0.000000000000000  0.000000000000000  0.000000000000000 -.3438379803100133E-008 -.1491055057201152E-009 -.2025312695330683E-009
0.4000000000000000E-002 0.3000000000000000E-002  0.000000000000000  0.000000000000000  0.000000000000000 -.4914965712199404E-008 -.1334921340134798E-009 -.3646189739026084E-009
0.4000000000000000E-002 0.4000000000000000E-002  0.000000000000000  0.000000000000000  0.000000000000000 -.6369225896696307E-008 -.1178787900624201E-009 -.5267407066078533E-009
 0.000000000000000  0.000000000000000 -.1000000000000000E-002  0.000000000000000  0.000000000000000 0.1122792858687660E-008 -.2835497114883623E-009 0.1320760445455704E-009
 0.000000000000000 0.1000000000000000E-002 -.1000000000000000E-002  0.000000000000000  0.000000000000000 -.4899516903300594E-009 -.2679363675373025E-009 -.2994141046208654E-010
 0.000000000000000 0.2000000000000000E-002 -.1000000000000000E-002  0.000000000000000  0.000000000000000 -.2080370542500987E-008 -.2523229958306672E-009 -.1919928660498726E-009
 0.000000000000000 0.3000000000000000E-002 -.1000000000000000E-002  0.000000000000000  0.000000000000000 -.3648463586802819E-008 -.2367096518796075E-009 -.3540783499733635E-009
 0.000000000000000 0.4000000000000000E-002 -.1000000000000000E-002  0.000000000000000  0.000000000000000 -.5194230850991133E-008 -.2210962801729721E-009 -.5161978622325591E-009
0.1000000000000000E-002  0.000000000000000 -.1000000000000000E-002  0.000000000000000  0.000000000000000 0.7487488407065257E-009 -.2799575848921876E-009 0.1315582920380365E-009
0.1000000000000000E-002 0.1000000000000000E-002 -.1000000000000000E-002  0.000000000000000  0.000000000000000 -.8411355501003470E-009 -.2643442409411279E-009 -.3045927399192294E-010
0.1000000000000000E-002 0.2000000000000000E-002 -.1000000000000000E-002  0.000000000000000  0.000000000000000 -.2408694188549276E-008 -.2487308692344925E-009 -.1925108406020115E-009
0.1000000000000000E-002 0.3000000000000000E-002 -.1000000000000000E-002  0.000000000000000  0.000000000000000 -.3953927102395838E-008 -.2331175252834328E-009 -.3545964355478048E-009
0.1000000000000000E-002 0.4000000000000000E-002 -.1000000000000000E-002  0.000000000000000  0.000000000000000 -.5476834208373305E-008 -.2175041535767974E-009 -.5167160310737273E-009
0.2000000000000000E-002  0.000000000000000 -.1000000000000000E-002  0.000000000000000  0.000000000000000 0.3838807327571914E-009 -.2763654582960129E-009 0.1310405395305025E-009
0.2000000000000000E-002 0.1000000000000000E-002 -.1000000000000000E-002  0.000000000000000  0.000000000000000 -.1183143499838835E-008 -.2607521143449532E-009 -.3097710976618373E-010
0.2000000000000000E-002 0.2000000000000000E-002 -.1000000000000000E-002  0.000000000000000  0.000000000000000 -.2727841980076917E-008 -.2451387426383178E-009 -.1930287873985748E-009
0.2000000000000000E-002 0.3000000000000000E-002 -.1000000000000000E-002  0.000000000000000  0.000000000000000 -.4250214680201481E-008 -.2295253986872581E-009 -.3551144933666706E-009
0.2000000000000000E-002 0.4000000000000000E-002 -.1000000000000000E-002  0.000000000000000  0.000000000000000 -.5750261655723676E-008 -.2139120269806227E-009 -.5172341999148955E-009
0.3000000000000000E-002  0.000000000000000 -.1000000000000000E-002  0.000000000000000  0.000000000000000 0.2818853483965711E-010 -.2727733316998382E-009 0.1305228147785442E-009
0.3000000000000000E-002 0.1000000000000000E-002 -.1000000000000000E-002  0.000000000000000  0.000000000000000 -.1515975511789946E-008 -.2571599877487785E-009 -.3149494554044452E-010
0.3000000000000000E-002 0.2000000000000000E-002 -.1000000000000000E-002  0.000000000000000  0.000000000000000 -.3037813806061607E-008 -.2415466160421431E-009 -.1935467341951380E-009
0.3000000000000000E-002 0.3000000000000000E-002 -.1000000000000000E-002  0.000000000000000  0.000000000000000 -.4537326347975323E-008 -.2259332720910834E-009 -.3556325511855363E-009
0.3000000000000000E-002 0.4000000000000000E-002 -.1000000000000000E-002  0.000000000000000  0.000000000000000 -.6014513137531097E-008 -.2103199003844480E-009 -.5177523965116393E-009
0.4000000000000000E-002  0.000000000000000 -.1000000000000000E-002  0.000000000000000  0.000000000000000 -.3183276975349258E-009 -.2691812051036635E-009 0.1300050622710103E-009
0.4000000000000000E-002 0.1000000000000000E-002 -.1000000000000000E-002  0.000000000000000  0.000000000000000 -.1839631613709258E-008 -.2535678611526038E-009 -.3201280907028092E-010
0.4000000000000000E-002 0.2000000000000000E-002 -.1000000000000000E-002  0.000000000000000  0.000000000000000 -.3338609749770072E-008 -.2379544894459684E-009 -.1940647087472769E-009
0.4000000000000000E-002 0.3000000000000000E-002 -.1000000000000000E-002  0.000000000000000  0.000000000000000 -.4815262105717366E-008 -.2223411454949087E-009 -.3561506367599776E-009
0.4000000000000000E-002 0.4000000000000000E-002 -.1000000000000000E-002  0.000000000000000  0.000000000000000 -.6269588737062293E-008 -.2067277737882733E-009 -.5182705375972319E-009
 0.000000000000000  0.000000000000000 -.2000000000000000E-002  0.000000000000000  0.000000000000000 0.1227302870443481E-008 -.3723987229697912E-009 0.1405389415953806E-009
 0.000000000000000 0.1000000000000000E-002 -.2000000000000000E-002  0.000000000000000  0.000000000000000 -.3855081531778382E-009 -.3567853512631558E-009 -.2147670929986134E-010
 0.000000000000000 0.2000000000000000E-002 -.2000000000000000E-002  0.000000000000000  0.000000000000000 -.1975993396685638E-008 -.3411720073120961E-009 -.1835263885308080E-009
 0.000000000000000 0.3000000000000000E-002 -.2000000000000000E-002  0.000000000000000  0.000000000000000 -.3544152915591070E-008 -.3255586356054607E-009 -.3456100960974595E-009
 0.000000000000000 0.4000000000000000E-002 -.2000000000000000E-002  0.000000000000000  0.000000000000000 -.5089986626627407E-008 -.3099452638988254E-009 -.5077278319998157E-009
0.1000000000000000E-002  0.000000000000000 -.2000000000000000E-002  0.000000000000000  0.000000000000000 0.8520856797922249E-009 -.3688065963736165E-009 0.1400212168434223E-009
0.1000000000000000E-002 0.1000000000000000E-002 -.2000000000000000E-002  0.000000000000000  0.000000000000000 -.7378651856182472E-009 -.3531932246669811E-009 -.2199454507412213E-010
0.1000000000000000E-002 0.2000000000000000E-002 -.2000000000000000E-002  0.000000000000000  0.000000000000000 -.2305490243159625E-008 -.3375798807159214E-009 -.1840443630829469E-009
0.1000000000000000E-002 0.3000000000000000E-002 -.2000000000000000E-002  0.000000000000000  0.000000000000000 -.3850789576098634E-008 -.3219665090092860E-009 -.3461281816719008E-009
0.1000000000000000E-002 0.4000000000000000E-002 -.2000000000000000E-002  0.000000000000000  0.000000000000000 -.5373763156679701E-008 -.3063531373026507E-009 -.5082460008409839E-009
0.2000000000000000E-002  0.000000000000000 -.2000000000000000E-002  0.000000000000000  0.000000000000000 0.4860443991727692E-009 -.3652144697774418E-009 0.1395034920914640E-009
0.2000000000000000E-002 0.1000000000000000E-002 -.2000000000000000E-002  0.000000000000000  0.000000000000000 -.1081046280271281E-008 -.3496010980708064E-009 -.2251240860395853E-010
0.2000000000000000E-002 0.2000000000000000E-002 -.2000000000000000E-002  0.000000000000000  0.000000000000000 -.2625811207357387E-008 -.3339877541197467E-009 -.1845623098795102E-009
0.2000000000000000E-002 0.3000000000000000E-002 -.2000000000000000E-002  0.000000000000000  0.000000000000000 -.4148250354329974E-008 -.3183743824131113E-009 -.3466462394907666E-009
0.2000000000000000E-002 0.4000000000000000E-002 -.2000000000000000E-002  0.000000000000000  0.000000000000000 -.5648363748944618E-008 -.3027610107064760E-009 -.5087641696821521E-009
0.3000000000000000E-002  0.000000000000000 -.2000000000000000E-002  0.000000000000000  0.000000000000000 0.1291790563406892E-009 -.3616223431812671E-009 0.1389857395839300E-009
0.3000000000000000E-002 0.1000000000000000E-002 -.2000000000000000E-002  0.000000000000000  0.000000000000000 -.1415051464892514E-008 -.3460089714746317E-009 -.2303024437821932E-010
0.3000000000000000E-002 0.2000000000000000E-002 -.2000000000000000E-002  0.000000000000000  0.000000000000000 -.2936956206012198E-008 -.3303956275235720E-009 -.1850802289204978E-009
0.3000000000000000E-002 0.3000000000000000E-002 -.2000000000000000E-002  0.000000000000000  0.000000000000000 -.4436535194773938E-008 -.3147822558169366E-009 -.3471642695540567E-009
0.3000000000000000E-002 0.4000000000000000E-002 -.2000000000000000E-002  0.000000000000000  0.000000000000000 -.5913788431177736E-008 -.2991688841103013E-009 -.5092823385233203E-009
0.4000000000000000E-002  0.000000000000000 -.2000000000000000E-002  0.000000000000000  0.000000000000000 -.2185103764595908E-009 -.3580302165850924E-009 0.1384680148319717E-009
0.4000000000000000E-002 0.1000000000000000E-002 -.2000000000000000E-002  0.000000000000000  0.000000000000000 -.1739880711726371E-008 -.3424168448784570E-009 -.2354808015248011E-010
0.4000000000000000E-002 0.2000000000000000E-002 -.2000000000000000E-002  0.000000000000000  0.000000000000000 -.3238925322390784E-008 -.3268035009273973E-009 -.1855982034726367E-009
0.4000000000000000E-002 0.3000000000000000E-002 -.2000000000000000E-002  0.000000000000000  0.000000000000000 -.4715644125186103E-008 -.3111901292207619E-009 -.3476823551284980E-009
0.4000000000000000E-002 0.4000000000000000E-002 -.2000000000000000E-002  0.000000000000000  0.000000000000000 -.6170037203379053E-008 -.2955767575141266E-009 -.5098005073644885E-009
 0.000000000000000  0.000000000000000 -.3000000000000000E-002  0.000000000000000  0.000000000000000 0.1331727256248527E-008 -.4612477066956444E-009 0.1490017831340396E-009
 0.000000000000000 0.1000000000000000E-002 -.3000000000000000E-002  0.000000000000000  0.000000000000000 -.2811502142208155E-009 -.4456343349890091E-009 -.1301211915993861E-010
 0.000000000000000 0.2000000000000000E-002 -.3000000000000000E-002  0.000000000000000  0.000000000000000 -.1871701904576639E-008 -.4300209910379493E-009 -.1750600220340459E-009
 0.000000000000000 0.3000000000000000E-002 -.3000000000000000E-002  0.000000000000000  0.000000000000000 -.3439927814818944E-008 -.4144076193313140E-009 -.3371419254882824E-009
 0.000000000000000 0.4000000000000000E-002 -.3000000000000000E-002  0.000000000000000  0.000000000000000 -.4985828028214456E-008 -.3987942753802542E-009 -.4992578850337992E-009
0.1000000000000000E-002  0.000000000000000 -.3000000000000000E-002  0.000000000000000  0.000000000000000 0.9553368929271500E-009 -.4576555800994697E-009 0.1484840306265056E-009
0.1000000000000000E-002 0.1000000000000000E-002 -.3000000000000000E-002  0.000000000000000  0.000000000000000 -.6346804193313460E-009 -.4420422083928344E-009 -.1352992717862378E-010
0.1000000000000000E-002 0.2000000000000000E-002 -.3000000000000000E-002  0.000000000000000  0.000000000000000 -.2202371923720747E-008 -.4264288644417746E-009 -.1755779410750336E-009
0.1000000000000000E-002 0.3000000000000000E-002 -.3000000000000000E-002  0.000000000000000  0.000000000000000 -.3747737703507781E-008 -.4108154927351393E-009 -.3376599833071481E-009
0.1000000000000000E-002 0.4000000000000000E-002 -.3000000000000000E-002  0.000000000000000  0.000000000000000 -.5270777703181295E-008 -.3952021487840796E-009 -.4997760538749674E-009
0.2000000000000000E-002  0.000000000000000 -.3000000000000000E-002  0.000000000000000  0.000000000000000 0.5881224673931484E-009 -.4540634535032950E-009 0.1479663336301229E-009
0.2000000000000000E-002 0.1000000000000000E-002 -.3000000000000000E-002  0.000000000000000  0.000000000000000 -.9790346866545008E-009 -.4384500817966597E-009 -.1404779070846018E-010
0.2000000000000000E-002 0.2000000000000000E-002 -.3000000000000000E-002  0.000000000000000  0.000000000000000 -.2523866032833055E-008 -.4228367378455999E-009 -.1760959156271724E-009
0.2000000000000000E-002 0.3000000000000000E-002 -.3000000000000000E-002  0.000000000000000  0.000000000000000 -.4046371654409242E-008 -.4072233661389646E-009 -.3381780688815894E-009
0.2000000000000000E-002 0.4000000000000000E-002 -.3000000000000000E-002  0.000000000000000  0.000000000000000 -.5546551495871910E-008 -.3916100221879049E-009 -.5002942227161356E-009
0.3000000000000000E-002  0.000000000000000 -.3000000000000000E-002  0.000000000000000  0.000000000000000 0.2300839241353714E-009 -.4504713269071203E-009 0.1474485811225890E-009
0.3000000000000000E-002 0.1000000000000000E-002 -.3000000000000000E-002  0.000000000000000  0.000000000000000 -.1314213016190280E-008 -.4348579552004850E-009 -.1456562648272097E-010
0.3000000000000000E-002 0.2000000000000000E-002 -.3000000000000000E-002  0.000000000000000  0.000000000000000 -.2836184231913563E-008 -.4192446112494252E-009 -.1766138624237357E-009
0.3000000000000000E-002 0.3000000000000000E-002 -.3000000000000000E-002  0.000000000000000  0.000000000000000 -.4335829667523328E-008 -.4036312395427899E-009 -.3386961267004551E-009
0.3000000000000000E-002 0.4000000000000000E-002 -.3000000000000000E-002  0.000000000000000  0.000000000000000 -.5813149350775149E-008 -.3880178955917302E-009 -.5008123638017281E-009
0.4000000000000000E-002  0.000000000000000 -.3000000000000000E-002  0.000000000000000  0.000000000000000 -.1187786813350300E-009 -.4468792003109456E-009 0.1469308563706306E-009
0.4000000000000000E-002 0.1000000000000000E-002 -.3000000000000000E-002  0.000000000000000  0.000000000000000 -.1640215463449834E-008 -.4312658286043103E-009 -.1508346225698176E-010
0.4000000000000000E-002 0.2000000000000000E-002 -.3000000000000000E-002  0.000000000000000  0.000000000000000 -.3139326465451120E-008 -.4156524846532506E-009 -.1771317814647233E-009
0.4000000000000000E-002 0.3000000000000000E-002 -.3000000000000000E-002  0.000000000000000  0.000000000000000 -.4616111770605613E-008 -.4000391129466152E-009 -.3392141567637452E-009
0.4000000000000000E-002 0.4000000000000000E-002 -.3000000000000000E-002  0.000000000000000  0.000000000000000 -.6070571267891012E-008 -.3844257689955555E-009 -.5013305326428963E-009
 0.000000000000000  0.000000000000000 -.4000000000000000E-002  0.000000000000000  0.000000000000000 0.1436066016102799E-008 -.5500966904214977E-009 0.1574645136503960E-009
 0.000000000000000 0.1000000000000000E-002 -.4000000000000000E-002  0.000000000000000  0.000000000000000 -.1768778734589915E-009 -.5344833464704379E-009 -.4547584531167104E-011
 0.000000000000000 0.2000000000000000E-002 -.4000000000000000E-002  0.000000000000000  0.000000000000000 -.1767496010662839E-008 -.5188699747638026E-009 -.1665937388040106E-009
 0.000000000000000 0.3000000000000000E-002 -.4000000000000000E-002  0.000000000000000  0.000000000000000 -.3335788395508743E-008 -.5032566308127429E-009 -.3286738936569833E-009
 0.000000000000000 0.4000000000000000E-002 -.4000000000000000E-002  0.000000000000000  0.000000000000000 -.4881755027996704E-008 -.4876432591061075E-009 -.4907880490900851E-009
0.1000000000000000E-002  0.000000000000000 -.4000000000000000E-002  0.000000000000000  0.000000000000000 0.1058502507866876E-008 -.5465045638253230E-009 0.1569467888984377E-009
0.1000000000000000E-002 0.1000000000000000E-002 -.4000000000000000E-002  0.000000000000000  0.000000000000000 -.5315812512396434E-009 -.5308912198742632E-009 -.5065448061003508E-011
0.1000000000000000E-002 0.2000000000000000E-002 -.4000000000000000E-002  0.000000000000000  0.000000000000000 -.2099339230232644E-008 -.5152778481676279E-009 -.1671116856005739E-009
0.1000000000000000E-002 0.3000000000000000E-002 -.4000000000000000E-002  0.000000000000000  0.000000000000000 -.3644771429112126E-008 -.4996645042165682E-009 -.3291919237202734E-009
0.1000000000000000E-002 0.4000000000000000E-002 -.4000000000000000E-002  0.000000000000000  0.000000000000000 -.5167877903389240E-008 -.4840511325099328E-009 -.4913061901756777E-009
0.2000000000000000E-002  0.000000000000000 -.4000000000000000E-002  0.000000000000000  0.000000000000000 0.6901148819071778E-009 -.5429124372291483E-009 0.1564290641464794E-009
0.2000000000000000E-002 0.1000000000000000E-002 -.4000000000000000E-002  0.000000000000000  0.000000000000000 -.8771086912329196E-009 -.5272990932780885E-009 -.5583256079688681E-011
0.2000000000000000E-002 0.2000000000000000E-002 -.4000000000000000E-002  0.000000000000000  0.000000000000000 -.2422006512015074E-008 -.5116857215714532E-009 -.1676296046415615E-009
0.2000000000000000E-002 0.3000000000000000E-002 -.4000000000000000E-002  0.000000000000000  0.000000000000000 -.3944578552683708E-008 -.4960723776203935E-009 -.3297099815391391E-009
0.2000000000000000E-002 0.4000000000000000E-002 -.4000000000000000E-002  0.000000000000000  0.000000000000000 -.5444824840994400E-008 -.4804590059137581E-009 -.4918243590168458E-009
0.3000000000000000E-002  0.000000000000000 -.4000000000000000E-002  0.000000000000000  0.000000000000000 0.3309031937348550E-009 -.5393203106329736E-009 0.1559113393945211E-009
0.3000000000000000E-002 0.1000000000000000E-002 -.4000000000000000E-002  0.000000000000000  0.000000000000000 -.1213460221194396E-008 -.5237069666819139E-009 -.6101091853949470E-011
0.3000000000000000E-002 0.2000000000000000E-002 -.4000000000000000E-002  0.000000000000000  0.000000000000000 -.2735497856010127E-008 -.5080935949752785E-009 -.1681475514381248E-009
0.3000000000000000E-002 0.3000000000000000E-002 -.4000000000000000E-002  0.000000000000000  0.000000000000000 -.4235209766223491E-008 -.4924802232686432E-009 -.3302280393580048E-009
0.3000000000000000E-002 0.4000000000000000E-002 -.4000000000000000E-002  0.000000000000000  0.000000000000000 -.5712595868567760E-008 -.4768668793175834E-009 -.4923425278580140E-009
0.4000000000000000E-002  0.000000000000000 -.4000000000000000E-002  0.000000000000000  0.000000000000000 -.1913258440566779E-010 -.5357281840367989E-009 0.1553936146425627E-009
0.4000000000000000E-002 0.1000000000000000E-002 -.4000000000000000E-002  0.000000000000000  0.000000000000000 -.1540635813368496E-008 -.5201148400857392E-009 -.6618927628210258E-011
0.4000000000000000E-002 0.2000000000000000E-002 -.4000000000000000E-002  0.000000000000000  0.000000000000000 -.3039813289973381E-008 -.5045014683791038E-009 -.1686654982346880E-009
0.4000000000000000E-002 0.3000000000000000E-002 -.4000000000000000E-002  0.000000000000000  0.000000000000000 -.4516664986464747E-008 -.4888880966724685E-009 -.3307460971768705E-009
0.4000000000000000E-002 0.4000000000000000E-002 -.4000000000000000E-002  0.000000000000000  0.000000000000000 -.5971190986109320E-008 -.4732747527214087E-009 -.4928606689436066E-009
