# number of spin vectors:      29
# iteration vector   S_X            S_Y            S_Z
         0      0  0.0000000E+00  0.0000000E+00  0.0000000E+00
         0      1  0.0000000E+00  0.1000000E+01  0.6123234E-16
         0      2  0.0000000E+00  0.1000000E+01  0.6123234E-16
         0      3  0.0000000E+00  0.1000000E+01  0.6123234E-16
         0      4  0.0000000E+00  0.1000000E+01  0.6123234E-16
         0      5  0.0000000E+00  0.1000000E+01  0.6123234E-16
         0      6  0.0000000E+00  0.1000000E+01  0.6123234E-16
         0      7  0.0000000E+00  0.1000000E+01  0.6123234E-16
         0      8  0.0000000E+00  0.1000000E+01  0.6123234E-16
         0      9  0.0000000E+00  0.1000000E+01  0.6123234E-16
         0     10  0.0000000E+00  0.1000000E+01  0.6123234E-16
         0     11  0.0000000E+00  0.1000000E+01  0.6123234E-16
         0     12  0.0000000E+00  0.1000000E+01  0.6123234E-16
         0     13  0.0000000E+00  0.1000000E+01  0.6123234E-16
         0     14  0.0000000E+00  0.1000000E+01  0.6123234E-16
         0     15  0.0000000E+00  0.1000000E+01  0.6123234E-16
         0     16  0.0000000E+00  0.1000000E+01  0.6123234E-16
         0     17  0.0000000E+00  0.1000000E+01  0.6123234E-16
         0     18  0.0000000E+00  0.1000000E+01  0.6123234E-16
         0     19  0.0000000E+00  0.1000000E+01  0.6123234E-16
         0     20  0.0000000E+00  0.1000000E+01  0.6123234E-16
         0     21  0.0000000E+00  0.1000000E+01  0.6123234E-16
         0     22  0.0000000E+00  0.1000000E+01  0.6123234E-16
         0     23  0.0000000E+00  0.1000000E+01  0.6123234E-16
         0     24  0.0000000E+00  0.1000000E+01  0.6123234E-16
         0     25  0.0000000E+00  0.1000000E+01  0.6123234E-16
         0     26  0.0000000E+00  0.1000000E+01  0.6123234E-16
         0     27  0.0000000E+00  0.1000000E+01  0.6123234E-16
         0     28  0.0000000E+00  0.1000000E+01  0.6123234E-16

        10      0  0.0000000E+00  0.0000000E+00  0.0000000E+00
        10      1 -0.4609562E-16  0.1000000E+01 -0.4030625E-16
        10      2  0.1111970E-07  0.1000000E+01 -0.6041933E-04
        10      3  0.7436107E-08  0.1000000E+01 -0.4530574E-04
        10      4  0.4355054E-08  0.1000000E+01 -0.3019798E-04
        10      5  0.1876398E-08  0.1000000E+01 -0.1509607E-04
        10      6 -0.4609562E-16  0.1000000E+01 -0.4030625E-16
        10      7 -0.1274283E-08  0.1000000E+01  0.1509021E-04
        10      8 -0.1946592E-08  0.1000000E+01  0.3017457E-04
        10      9 -0.2017070E-08  0.1000000E+01  0.4525306E-04
        10     10 -0.1485862E-08  0.1000000E+01  0.6032569E-04
        10     11 -0.1685564E-05  0.1000000E+01  0.8111376E-04
        10     12 -0.1260588E-05  0.1000000E+01  0.6079370E-04
        10     13 -0.8380009E-06  0.1000000E+01  0.4050142E-04
        10     14 -0.4178040E-06  0.1000000E+01  0.2023686E-04
        10     15 -0.4609562E-16  0.1000000E+01 -0.4030625E-16
        10     16  0.4154088E-06  0.1000000E+01 -0.2020920E-04
        10     17  0.8284200E-06  0.1000000E+01 -0.4039078E-04
        10     18  0.1239031E-05  0.1000000E+01 -0.6054478E-04
        10     19  0.1647240E-05  0.1000000E+01 -0.8067122E-04
        10     20  0.1544255E-04  0.1000000E+01 -0.5576497E-05
        10     21  0.1158140E-04  0.1000000E+01 -0.4182459E-05
        10     22  0.7720584E-05  0.1000000E+01 -0.2788366E-05
        10     23  0.3860118E-05  0.1000000E+01 -0.1394214E-05
        10     24 -0.4609562E-16  0.1000000E+01 -0.4030625E-16
        10     25 -0.3859771E-05  0.1000000E+01  0.1394280E-05
        10     26 -0.7719196E-05  0.1000000E+01  0.2788630E-05
        10     27 -0.1157827E-04  0.1000000E+01  0.4183053E-05
        10     28 -0.1543700E-04  0.1000000E+01  0.5577553E-05

        20      0  0.0000000E+00  0.0000000E+00  0.0000000E+00
        20      1  0.6068497E-16  0.1000000E+01 -0.8169088E-17
        20      2 -0.2605631E-06  0.1000000E+01  0.6435636E-05
        20      3 -0.1945158E-06  0.1000000E+01  0.4820053E-05
        20      4 -0.1290729E-06  0.1000000E+01  0.3208909E-05
        20      5 -0.6423440E-07  0.1000000E+01  0.1602220E-05
        20      6  0.6068497E-16  0.1000000E+01 -0.8169088E-17
        20      7  0.6363039E-07  0.1000000E+01 -0.1597734E-05
        20      8  0.1266569E-06  0.1000000E+01 -0.3190968E-05
        20      9  0.1890798E-06  0.1000000E+01 -0.4779687E-05
        20     10  0.2508991E-06  0.1000000E+01 -0.6363874E-05
        20     11  0.1822897E-05  0.1000000E+01  0.6480853E-04
        20     12  0.1360962E-05  0.1000000E+01  0.4863702E-04
        20     13  0.9031673E-06  0.1000000E+01  0.3244510E-04
        20     14  0.4495129E-06  0.1000000E+01  0.1623276E-04
        20     15  0.6068497E-16  0.1000000E+01 -0.8169088E-17
        20     16 -0.4453703E-06  0.1000000E+01 -0.1625320E-04
        20     17 -0.8865970E-06  0.1000000E+01 -0.3252685E-04
        20     18 -0.1323679E-05  0.1000000E+01 -0.4882095E-04
        20     19 -0.1756616E-05  0.1000000E+01 -0.6513553E-04
        20     20  0.1050111E-04  0.1000000E+01  0.1034006E-04
        20     21  0.7876046E-05  0.1000000E+01  0.7754614E-05
        20     22  0.5250842E-05  0.1000000E+01  0.5169455E-05
        20     23  0.2625493E-05  0.1000000E+01  0.2584585E-05
        20     24  0.6068497E-16  0.1000000E+01 -0.8169088E-17
        20     25 -0.2625638E-05  0.1000000E+01 -0.2584301E-05
        20     26 -0.5251420E-05  0.1000000E+01 -0.5168321E-05
        20     27 -0.7877346E-05  0.1000000E+01 -0.7752062E-05
        20     28 -0.1050342E-04  0.1000000E+01 -0.1033553E-04

        30      0  0.0000000E+00  0.0000000E+00  0.0000000E+00
        30      1 -0.3379626E-16  0.1000000E+01  0.5106087E-16
        30      2  0.3957217E-06  0.1000000E+01  0.2311421E-04
        30      3  0.2970679E-06  0.1000000E+01  0.1733232E-04
        30      4  0.1982299E-06  0.1000000E+01  0.1155265E-04
        30      5  0.9920734E-07  0.1000000E+01  0.5775213E-05
        30      6 -0.3379626E-16  0.1000000E+01  0.5106087E-16
        30      7 -0.9939236E-07  0.1000000E+01 -0.5772994E-05
        30      8 -0.1989700E-06  0.1000000E+01 -0.1154377E-04
        30      9 -0.2987331E-06  0.1000000E+01 -0.1731235E-04
        30     10 -0.3986821E-06  0.1000000E+01 -0.2307871E-04
        30     11 -0.2416160E-06  0.1000000E+01 -0.1590305E-03
        30     12 -0.1818902E-06  0.1000000E+01 -0.1192570E-03
        30     13 -0.1217109E-06  0.1000000E+01 -0.7949397E-04
        30     14 -0.6108010E-07  0.1000000E+01 -0.3974160E-04
        30     15 -0.3379626E-16  0.1000000E+01  0.5106087E-16
        30     16  0.6152732E-07  0.1000000E+01  0.3973069E-04
        30     17  0.1234997E-06  0.1000000E+01  0.7945034E-04
        30     18  0.1859150E-06  0.1000000E+01  0.1191588E-03
        30     19  0.2487710E-06  0.1000000E+01  0.1588560E-03
        30     20  0.1446906E-05  0.1000000E+01 -0.4658281E-05
        30     21  0.1084736E-05  0.1000000E+01 -0.3496476E-05
        30     22  0.7228618E-06  0.1000000E+01 -0.2332825E-05
        30     23  0.3612832E-06  0.1000000E+01 -0.1167331E-05
        30     24 -0.3379626E-16  0.1000000E+01  0.5106087E-16
        30     25 -0.3609878E-06  0.1000000E+01  0.1169165E-05
        30     26 -0.7216803E-06  0.1000000E+01  0.2340160E-05
        30     27 -0.1082078E-05  0.1000000E+01  0.3512980E-05
        30     28 -0.1442180E-05  0.1000000E+01  0.4687620E-05

        40      0  0.0000000E+00  0.0000000E+00  0.0000000E+00
        40      1 -0.1619213E-16  0.1000000E+01 -0.5905264E-16
        40      2 -0.2763102E-06  0.1000000E+01  0.5482153E-04
        40      3 -0.2096855E-06  0.1000000E+01  0.4112445E-04
        40      4 -0.1414256E-06  0.1000000E+01  0.2742184E-04
        40      5 -0.7153053E-07  0.1000000E+01  0.1371369E-04
        40      6 -0.1619213E-16  0.1000000E+01 -0.5905264E-16
        40      7  0.7316611E-07  0.1000000E+01 -0.1371924E-04
        40      8  0.1479680E-06  0.1000000E+01 -0.2744403E-04
        40      9  0.2244057E-06  0.1000000E+01 -0.4117438E-04
        40     10  0.3024795E-06  0.1000000E+01 -0.5491029E-04
        40     11 -0.1693441E-05  0.1000000E+01  0.3367882E-04
        40     12 -0.1261655E-05  0.1000000E+01  0.2522061E-04
        40     13 -0.8354876E-06  0.1000000E+01  0.1678790E-04
        40     14 -0.4149371E-06  0.1000000E+01  0.8380944E-05
        40     15 -0.1619213E-16  0.1000000E+01 -0.5905264E-16
        40     16  0.4093267E-06  0.1000000E+01 -0.8354675E-05
        40     17  0.8130460E-06  0.1000000E+01 -0.1668283E-04
        40     18  0.1211161E-05  0.1000000E+01 -0.2498419E-04
        40     19  0.1603675E-05  0.1000000E+01 -0.3325852E-04
        40     20  0.1808925E-04  0.1000000E+01 -0.2195354E-05
        40     21  0.1356634E-04  0.1000000E+01 -0.1643332E-05
        40     22  0.9043832E-05  0.1000000E+01 -0.1093421E-05
        40     23  0.4521717E-05  0.1000000E+01 -0.5456383E-06
        40     24 -0.1619213E-16  0.1000000E+01 -0.5905264E-16
        40     25 -0.4521320E-05  0.1000000E+01  0.5434772E-06
        40     26 -0.9042242E-05  0.1000000E+01  0.1084777E-05
        40     27 -0.1356277E-04  0.1000000E+01  0.1623883E-05
        40     28 -0.1808290E-04  0.1000000E+01  0.2160780E-05

        50      0  0.0000000E+00  0.0000000E+00  0.0000000E+00
        50      1  0.5511323E-16  0.1000000E+01  0.2668205E-16
        50      2  0.1226685E-07  0.1000000E+01 -0.8284449E-04
        50      3  0.1123171E-07  0.1000000E+01 -0.6213597E-04
        50      4  0.8842354E-08  0.1000000E+01 -0.4142570E-04
        50      5  0.5098538E-08  0.1000000E+01 -0.2071371E-04
        50      6  0.5511323E-16  0.1000000E+01  0.2668205E-16
        50      7 -0.6453520E-08  0.1000000E+01  0.2071540E-04
        50      8 -0.1426228E-07  0.1000000E+01  0.4143247E-04
        50      9 -0.2342654E-07  0.1000000E+01  0.6215119E-04
        50     10 -0.3394655E-07  0.1000000E+01  0.8287155E-04
        50     11  0.2253226E-05  0.1000000E+01 -0.1571873E-05
        50     12  0.1679506E-05  0.1000000E+01 -0.1167912E-05
        50     13  0.1112730E-05  0.1000000E+01 -0.7712969E-06
        50     14  0.5528951E-06  0.1000000E+01 -0.3820010E-06
        50     15  0.5511323E-16  0.1000000E+01  0.2668205E-16
        50     16 -0.5459575E-06  0.1000000E+01  0.3747311E-06
        50     17 -0.1084980E-05  0.1000000E+01  0.7422170E-06
        50     18 -0.1617068E-05  0.1000000E+01  0.1102483E-05
        50     19 -0.2142225E-05  0.1000000E+01  0.1455553E-05
        50     20  0.4939112E-05  0.1000000E+01  0.9072702E-05
        50     21  0.3705220E-05  0.1000000E+01  0.6805130E-05
        50     22  0.2470737E-05  0.1000000E+01  0.4537147E-05
        50     23  0.1235664E-05  0.1000000E+01  0.2268766E-05
        50     24  0.5511323E-16  0.1000000E+01  0.2668205E-16
        50     25 -0.1236254E-05  0.1000000E+01 -0.2269138E-05
        50     26 -0.2473099E-05  0.1000000E+01 -0.4538635E-05
        50     27 -0.3710534E-05  0.1000000E+01 -0.6808479E-05
        50     28 -0.4948559E-05  0.1000000E+01 -0.9078657E-05

        60      0  0.0000000E+00  0.0000000E+00  0.0000000E+00
        60      1 -0.5636454E-16  0.1000000E+01  0.2392567E-16
        60      2  0.3571088E-06  0.1000000E+01  0.1004131E-04
        60      3  0.2679297E-06  0.1000000E+01  0.7525381E-05
        60      4  0.1786850E-06  0.1000000E+01  0.5013172E-05
        60      5  0.8937497E-07  0.1000000E+01  0.2504704E-05
        60      6 -0.5636454E-16  0.1000000E+01  0.2392567E-16
        60      7 -0.8943965E-07  0.1000000E+01 -0.2500915E-05
        60      8 -0.1789437E-06  0.1000000E+01 -0.4998017E-05
        60      9 -0.2685118E-06  0.1000000E+01 -0.7491282E-05
        60     10 -0.3581437E-06  0.1000000E+01 -0.9980686E-05
        60     11 -0.9357588E-06  0.1000000E+01  0.1619484E-03
        60     12 -0.7038093E-06  0.1000000E+01  0.1214890E-03
        60     13 -0.4705343E-06  0.1000000E+01  0.8101128E-04
        60     14 -0.2359319E-06  0.1000000E+01  0.4051499E-04
        60     15 -0.5636454E-16  0.1000000E+01  0.2392567E-16
        60     16  0.2372633E-06  0.1000000E+01 -0.4053384E-04
        60     17  0.4758599E-06  0.1000000E+01 -0.8108670E-04
        60     18  0.7157919E-06  0.1000000E+01 -0.1216587E-03
        60     19  0.9570612E-06  0.1000000E+01 -0.1622501E-03
        60     20  0.5227162E-05  0.1000000E+01 -0.6941562E-05
        60     21  0.3919060E-05  0.1000000E+01 -0.5203447E-05
        60     22  0.2611832E-05  0.1000000E+01 -0.3467181E-05
        60     23  0.1305479E-05  0.1000000E+01 -0.1732715E-05
        60     24 -0.5636454E-16  0.1000000E+01  0.2392567E-16
        60     25 -0.1304605E-05  0.1000000E+01  0.1731013E-05
        60     26 -0.2608336E-05  0.1000000E+01  0.3460372E-05
        60     27 -0.3911195E-05  0.1000000E+01  0.5188128E-05
        60     28 -0.5213180E-05  0.1000000E+01  0.6914329E-05

        70      0  0.0000000E+00  0.0000000E+00  0.0000000E+00
        70      1  0.1909080E-16  0.1000000E+01 -0.5818024E-16
        70      2 -0.7397802E-06  0.1000000E+01 -0.3657860E-05
        70      3 -0.5578349E-06  0.1000000E+01 -0.2738014E-05
        70      4 -0.3738896E-06  0.1000000E+01 -0.1821768E-05
        70      5 -0.1879447E-06  0.1000000E+01 -0.9091041E-06
        70      6  0.1909080E-16  0.1000000E+01 -0.5818024E-16
        70      7  0.1899442E-06  0.1000000E+01  0.9055646E-06
        70      8  0.3818878E-06  0.1000000E+01  0.1807610E-05
        70      9  0.5758307E-06  0.1000000E+01  0.2706158E-05
        70     10  0.7717727E-06  0.1000000E+01  0.3601228E-05
        70     11 -0.1315422E-05  0.1000000E+01 -0.1778158E-03
        70     12 -0.9750556E-06  0.1000000E+01 -0.1333884E-03
        70     13 -0.6423610E-06  0.1000000E+01 -0.8894324E-04
        70     14 -0.3173413E-06  0.1000000E+01 -0.4448037E-04
        70     15  0.1909080E-16  0.1000000E+01 -0.5818024E-16
        70     16  0.3096597E-06  0.1000000E+01  0.4449767E-04
        70     17  0.6116344E-06  0.1000000E+01  0.8901246E-04
        70     18  0.9059211E-06  0.1000000E+01  0.1335442E-03
        70     19  0.1192516E-05  0.1000000E+01  0.1780926E-03
        70     20  0.1753997E-04  0.1000000E+01  0.3177702E-05
        70     21  0.1315504E-04  0.1000000E+01  0.2373760E-05
        70     22  0.8770065E-05  0.1000000E+01  0.1576190E-05
        70     23  0.4385052E-05  0.1000000E+01  0.7849505E-06
        70     24  0.1909080E-16  0.1000000E+01 -0.5818024E-16
        70     25 -0.4385093E-05  0.1000000E+01 -0.7787053E-06
        70     26 -0.8770228E-05  0.1000000E+01 -0.1551210E-05
        70     27 -0.1315540E-04  0.1000000E+01 -0.2317561E-05
        70     28 -0.1754062E-04  0.1000000E+01 -0.3077805E-05

        80      0  0.0000000E+00  0.0000000E+00  0.0000000E+00
        80      1  0.3123146E-16  0.1000000E+01  0.5266873E-16
        80      2  0.8760325E-06  0.1000000E+01  0.7887916E-04
        80      3  0.6594359E-06  0.1000000E+01  0.5916169E-04
        80      4  0.4412315E-06  0.1000000E+01  0.3944269E-04
        80      5  0.2214195E-06  0.1000000E+01  0.1972214E-04
        80      6  0.3123146E-16  0.1000000E+01  0.5266873E-16
        80      7 -0.2230268E-06  0.1000000E+01 -0.1972375E-04
        80      8 -0.4476608E-06  0.1000000E+01 -0.3944914E-04
        80      9 -0.6739017E-06  0.1000000E+01 -0.5917621E-04
        80     10 -0.9017493E-06  0.1000000E+01 -0.7890498E-04
        80     11  0.3269223E-05  0.1000000E+01  0.1842922E-04
        80     12  0.2439918E-05  0.1000000E+01  0.1381003E-04
        80     13  0.1618611E-05  0.1000000E+01  0.9198673E-05
        80     14  0.8053045E-06  0.1000000E+01  0.4595285E-05
        80     15  0.3123146E-16  0.1000000E+01  0.5266873E-16
        80     16 -0.7972998E-06  0.1000000E+01 -0.4587048E-05
        80     17 -0.1586593E-05  0.1000000E+01 -0.9165723E-05
        80     18 -0.2367876E-05  0.1000000E+01 -0.1373589E-04
        80     19 -0.3141148E-05  0.1000000E+01 -0.1829742E-04
        80     20  0.4956404E-06  0.1000000E+01  0.5275366E-05
        80     21  0.3727125E-06  0.1000000E+01  0.3960796E-05
        80     22  0.2491306E-06  0.1000000E+01  0.2643393E-05
        80     23  0.1248934E-06  0.1000000E+01  0.1323134E-05
        80     24  0.3123146E-16  0.1000000E+01  0.5266873E-16
        80     25 -0.1255509E-06  0.1000000E+01 -0.1326031E-05
        80     26 -0.2517603E-06  0.1000000E+01 -0.2654976E-05
        80     27 -0.3786294E-06  0.1000000E+01 -0.3986856E-05
        80     28 -0.5061592E-06  0.1000000E+01 -0.5321685E-05

        90      0  0.0000000E+00  0.0000000E+00  0.0000000E+00
        90      1 -0.6020709E-16  0.1000000E+01 -0.1115824E-16
        90      2 -0.6451539E-06  0.1000000E+01 -0.6539968E-04
        90      3 -0.4838267E-06  0.1000000E+01 -0.4905616E-04
        90      4 -0.3225252E-06  0.1000000E+01 -0.3270836E-04
        90      5 -0.1612495E-06  0.1000000E+01 -0.1635631E-04
        90      6 -0.6020709E-16  0.1000000E+01 -0.1115824E-16
        90      7  0.1612231E-06  0.1000000E+01  0.1636054E-04
        90      8  0.3224196E-06  0.1000000E+01  0.3272531E-04
        90      9  0.4835892E-06  0.1000000E+01  0.4909429E-04
        90     10  0.6447316E-06  0.1000000E+01  0.6546746E-04
        90     11 -0.3831547E-05  0.1000000E+01 -0.2637517E-04
        90     12 -0.2875520E-05  0.1000000E+01 -0.1974781E-04
        90     13 -0.1918253E-05  0.1000000E+01 -0.1314314E-04
        90     14 -0.9597468E-06  0.1000000E+01 -0.6560700E-05
        90     15 -0.6020709E-16  0.1000000E+01 -0.1115824E-16
        90     16  0.9609873E-06  0.1000000E+01  0.6539437E-05
        90     17  0.1923215E-05  0.1000000E+01  0.1305809E-04
        90     18  0.2886684E-05  0.1000000E+01  0.1955643E-04
        90     19  0.3851394E-05  0.1000000E+01  0.2603495E-04
        90     20  0.9999595E-05  0.1000000E+01 -0.9101614E-05
        90     21  0.7497498E-05  0.1000000E+01 -0.6821982E-05
        90     22  0.4996867E-05  0.1000000E+01 -0.4545125E-05
        90     23  0.2497702E-05  0.1000000E+01 -0.2271109E-05
        90     24 -0.6020709E-16  0.1000000E+01 -0.1115824E-16
        90     25 -0.2496241E-05  0.1000000E+01  0.2268138E-05
        90     26 -0.4991021E-05  0.1000000E+01  0.4533242E-05
        90     27 -0.7484344E-05  0.1000000E+01  0.6795249E-05
        90     28 -0.9976211E-05  0.1000000E+01  0.9054098E-05

       100      0  0.0000000E+00  0.0000000E+00  0.0000000E+00
       100      1  0.4803128E-16  0.1000000E+01 -0.3797888E-16
       100      2  0.3300745E-06  0.1000000E+01 -0.1545143E-04
       100      3  0.2449049E-06  0.1000000E+01 -0.1158786E-04
       100      4  0.1615026E-06  0.1000000E+01 -0.7724759E-05
       100      5  0.7986765E-07  0.1000000E+01 -0.3862137E-05
       100      6  0.4803128E-16  0.1000000E+01 -0.3797888E-16
       100      7 -0.7810030E-07  0.1000000E+01  0.3861646E-05
       100      8 -0.1544332E-06  0.1000000E+01  0.7722794E-05
       100      9 -0.2289988E-06  0.1000000E+01  0.1158344E-04
       100     10 -0.3017970E-06  0.1000000E+01  0.1544357E-04
       100     11  0.2569342E-05  0.1000000E+01  0.1614664E-03
       100     12  0.1938176E-05  0.1000000E+01  0.1210933E-03
       100     13  0.1299564E-05  0.1000000E+01  0.8072483E-04
       100     14  0.6535052E-06  0.1000000E+01  0.4036055E-04
       100     15  0.4803128E-16  0.1000000E+01 -0.3797888E-16
       100     16 -0.6609521E-06  0.1000000E+01 -0.4035730E-04
       100     17 -0.1329351E-05  0.1000000E+01 -0.8071181E-04
       100     18 -0.2005198E-05  0.1000000E+01 -0.1210640E-03
       100     19 -0.2688493E-05  0.1000000E+01 -0.1614144E-03
       100     20  0.1383278E-04  0.1000000E+01  0.9072858E-05
       100     21  0.1037610E-04  0.1000000E+01  0.6805125E-05
       100     22  0.6918417E-05  0.1000000E+01  0.4536946E-05
       100     23  0.3459716E-05  0.1000000E+01  0.2268508E-05
       100     24  0.4803128E-16  0.1000000E+01 -0.3797888E-16
       100     25 -0.3460730E-05  0.1000000E+01 -0.2268391E-05
       100     26 -0.6922476E-05  0.1000000E+01 -0.4536475E-05
       100     27 -0.1038524E-04  0.1000000E+01 -0.6804064E-05
       100     28 -0.1384901E-04  0.1000000E+01 -0.9070969E-05

       110      0  0.0000000E+00  0.0000000E+00  0.0000000E+00
       110      1 -0.3026188E-17  0.1000000E+01  0.6115752E-16
       110      2 -0.2069954E-06  0.1000000E+01 -0.2821005E-05
       110      3 -0.1532061E-06  0.1000000E+01 -0.2108840E-05
       110      4 -0.1007772E-06  0.1000000E+01 -0.1401334E-05
       110      5 -0.4970861E-07  0.1000000E+01 -0.6984122E-06
       110      6 -0.3026188E-17  0.1000000E+01  0.6115752E-16
       110      7  0.4834881E-07  0.1000000E+01  0.6939773E-06
       110      8  0.9533805E-07  0.1000000E+01  0.1383594E-05
       110      9  0.1409679E-06  0.1000000E+01  0.2068926E-05
       110     10  0.1852387E-06  0.1000000E+01  0.2750047E-05
       110     11 -0.2789292E-06  0.1000000E+01 -0.9274158E-04
       110     12 -0.2187335E-06  0.1000000E+01 -0.6958844E-04
       110     13 -0.1521798E-06  0.1000000E+01 -0.4641376E-04
       110     14 -0.7926852E-07  0.1000000E+01 -0.2321759E-04
       110     15 -0.3026188E-17  0.1000000E+01  0.6115752E-16
       110     16  0.8562541E-07  0.1000000E+01  0.2323895E-04
       110     17  0.1776074E-06  0.1000000E+01  0.4649921E-04
       110     18  0.2759457E-06  0.1000000E+01  0.6978071E-04
       110     19  0.3806401E-06  0.1000000E+01  0.9308338E-04
       110     20 -0.1498452E-05  0.1000000E+01 -0.1400183E-06
       110     21 -0.1123950E-05  0.1000000E+01 -0.1088763E-06
       110     22 -0.7493707E-06  0.1000000E+01 -0.7510944E-07
       110     23 -0.3747191E-06  0.1000000E+01 -0.3879176E-07
       110     24 -0.3026188E-17  0.1000000E+01  0.6115752E-16
       110     25  0.3747816E-06  0.1000000E+01  0.4118658E-07
       110     26  0.7496209E-06  0.1000000E+01  0.8468621E-07
       110     27  0.1124513E-05  0.1000000E+01  0.1304147E-06
       110     28  0.1499452E-05  0.1000000E+01  0.1782853E-06

       120      0  0.0000000E+00  0.0000000E+00  0.0000000E+00
       120      1 -0.4404730E-16  0.1000000E+01 -0.4253510E-16
       120      2  0.2624223E-06  0.1000000E+01  0.6434812E-04
       120      3  0.1968769E-06  0.1000000E+01  0.4825564E-04
       120      4  0.1312916E-06  0.1000000E+01  0.3216683E-04
       120      5  0.6566611E-07  0.1000000E+01  0.1608163E-04
       120      6 -0.4404730E-16  0.1000000E+01 -0.4253510E-16
       120      7 -0.6570704E-07  0.1000000E+01 -0.1607813E-04
       120      8 -0.1314554E-06  0.1000000E+01 -0.3215280E-04
       120      9 -0.1972453E-06  0.1000000E+01 -0.4822408E-04
       120     10 -0.2630773E-06  0.1000000E+01 -0.6429202E-04
       120     11 -0.1283162E-05  0.1000000E+01 -0.6622590E-04
       120     12 -0.9634009E-06  0.1000000E+01 -0.4964449E-04
       120     13 -0.6429515E-06  0.1000000E+01 -0.3307950E-04
       120     14 -0.3218168E-06  0.1000000E+01 -0.1653124E-04
       120     15 -0.4404730E-16  0.1000000E+01 -0.4253510E-16
       120     16  0.3224958E-06  0.1000000E+01  0.1651393E-04
       120     17  0.6456674E-06  0.1000000E+01  0.3301025E-04
       120     18  0.9695117E-06  0.1000000E+01  0.4948866E-04
       120     19  0.1294026E-05  0.1000000E+01  0.6594888E-04
       120     20  0.1401163E-04  0.1000000E+01 -0.6152291E-05
       120     21  0.1050665E-04  0.1000000E+01 -0.4621682E-05
       120     22  0.7003047E-05  0.1000000E+01 -0.3086085E-05
       120     23  0.3500832E-05  0.1000000E+01 -0.1545518E-05
       120     24 -0.4404730E-16  0.1000000E+01 -0.4253510E-16
       120     25 -0.3499452E-05  0.1000000E+01  0.1550448E-05
       120     26 -0.6997525E-05  0.1000000E+01  0.3105804E-05
       120     27 -0.1049422E-04  0.1000000E+01  0.4666043E-05
       120     28 -0.1398955E-04  0.1000000E+01  0.6231141E-05

       130      0  0.0000000E+00  0.0000000E+00  0.0000000E+00
       130      1  0.6101454E-16  0.1000000E+01 -0.5159970E-17
       130      2 -0.4079719E-06  0.1000000E+01 -0.1496139E-04
       130      3 -0.3075801E-06  0.1000000E+01 -0.1122503E-04
       130      4 -0.2061211E-06  0.1000000E+01 -0.7486010E-05
       130      5 -0.1035945E-06  0.1000000E+01 -0.3744333E-05
       130      6  0.6101454E-16  0.1000000E+01 -0.5159970E-17
       130      7  0.1046627E-06  0.1000000E+01  0.3746987E-05
       130      8  0.2103940E-06  0.1000000E+01  0.7496626E-05
       130      9  0.3171941E-06  0.1000000E+01  0.1124891E-04
       130     10  0.4250635E-06  0.1000000E+01  0.1500385E-04
       130     11  0.1073294E-05  0.1000000E+01  0.6046597E-05
       130     12  0.8116072E-06  0.1000000E+01  0.4556315E-05
       130     13  0.5454932E-06  0.1000000E+01  0.3051110E-05
       130     14  0.2749559E-06  0.1000000E+01  0.1532000E-05
       130     15  0.6101454E-16  0.1000000E+01 -0.5159970E-17
       130     16 -0.2793701E-06  0.1000000E+01 -0.1543873E-05
       130     17 -0.5631498E-06  0.1000000E+01 -0.3098604E-05
       130     18 -0.8513346E-06  0.1000000E+01 -0.4663175E-05
       130     19 -0.1143920E-05  0.1000000E+01 -0.6236571E-05
       130     20  0.7990860E-05  0.1000000E+01  0.9074285E-05
       130     21  0.5995772E-05  0.1000000E+01  0.6816781E-05
       130     22  0.3998937E-05  0.1000000E+01  0.4552026E-05
       130     23  0.2000349E-05  0.1000000E+01  0.2279829E-05
       130     24  0.6101454E-16  0.1000000E+01 -0.5159970E-17
       130     25 -0.2002116E-05  0.1000000E+01 -0.2287641E-05
       130     26 -0.4006007E-05  0.1000000E+01 -0.4583271E-05
       130     27 -0.6011679E-05  0.1000000E+01 -0.6887061E-05
       130     28 -0.8019139E-05  0.1000000E+01 -0.9199175E-05

       140      0  0.0000000E+00  0.0000000E+00  0.0000000E+00
       140      1 -0.3627846E-16  0.1000000E+01  0.4932821E-16
       140      2  0.6150370E-06  0.1000000E+01 -0.5624330E-04
       140      3  0.4623566E-06  0.1000000E+01 -0.4217372E-04
       140      4  0.3089574E-06  0.1000000E+01 -0.2810994E-04
       140      5  0.1548387E-06  0.1000000E+01 -0.1405202E-04
       140      6 -0.3627846E-16  0.1000000E+01  0.4932821E-16
       140      7 -0.1555595E-06  0.1000000E+01  0.1404608E-04
       140      8 -0.3118404E-06  0.1000000E+01  0.2808616E-04
       140      9 -0.4688434E-06  0.1000000E+01  0.4212020E-04
       140     10 -0.6265691E-06  0.1000000E+01  0.5614815E-04
       140     11  0.4519572E-06  0.1000000E+01  0.9517664E-04
       140     12  0.3353627E-06  0.1000000E+01  0.7133803E-04
       140     13  0.2211763E-06  0.1000000E+01  0.4752943E-04
       140     14  0.1093911E-06  0.1000000E+01  0.2375028E-04
       140     15 -0.3627846E-16  0.1000000E+01  0.4932821E-16
       140     16 -0.1070040E-06  0.1000000E+01 -0.2372200E-04
       140     17 -0.2116280E-06  0.1000000E+01 -0.4741629E-04
       140     18 -0.3138792E-06  0.1000000E+01 -0.7108345E-04
       140     19 -0.4137647E-06  0.1000000E+01 -0.9472406E-04
       140     20 -0.5742009E-06  0.1000000E+01 -0.4189612E-05
       140     21 -0.4323234E-06  0.1000000E+01 -0.3139908E-05
       140     22 -0.2893270E-06  0.1000000E+01 -0.2091911E-05
       140     23 -0.1452173E-06  0.1000000E+01 -0.1045361E-05
       140     24 -0.3627846E-16  0.1000000E+01  0.4932821E-16
       140     25  0.1463193E-06  0.1000000E+01  0.1044432E-05
       140     26  0.2937349E-06  0.1000000E+01  0.2088192E-05
       140     27  0.4422413E-06  0.1000000E+01  0.3131538E-05
       140     28  0.5918327E-06  0.1000000E+01  0.4174725E-05

       150      0  0.0000000E+00  0.0000000E+00  0.0000000E+00
       150      1 -0.1325387E-16  0.1000000E+01 -0.5978072E-16
       150      2 -0.6876434E-06  0.1000000E+01  0.1289415E-04
       150      3 -0.5159733E-06  0.1000000E+01  0.9668372E-05
       150      4 -0.3441432E-06  0.1000000E+01  0.6444017E-05
       150      5 -0.1721523E-06  0.1000000E+01  0.3221190E-05
       150      6 -0.1325387E-16  0.1000000E+01 -0.5978072E-16
       150      7  0.1723144E-06  0.1000000E+01 -0.3219443E-05
       150      8  0.3447916E-06  0.1000000E+01 -0.6437028E-05
       150      9  0.5174323E-06  0.1000000E+01 -0.9652647E-05
       150     10  0.6902372E-06  0.1000000E+01 -0.1286619E-04
       150     11 -0.2125575E-05  0.1000000E+01  0.3424840E-04
       150     12 -0.1595419E-05  0.1000000E+01  0.2569874E-04
       150     13 -0.1064443E-05  0.1000000E+01  0.1714084E-04
       150     14 -0.5326385E-06  0.1000000E+01  0.8574613E-05
       150     15 -0.1325387E-16  0.1000000E+01 -0.5978072E-16
       150     16  0.5334793E-06  0.1000000E+01 -0.8583065E-05
       150     17  0.1067806E-05  0.1000000E+01 -0.1717465E-04
       150     18  0.1602987E-05  0.1000000E+01 -0.2577482E-04
       150     19  0.2139028E-05  0.1000000E+01 -0.3438364E-04
       150     20  0.1565937E-04  0.1000000E+01 -0.1270372E-05
       150     21  0.1174361E-04  0.1000000E+01 -0.9554459E-06
       150     22  0.7828468E-05  0.1000000E+01 -0.6387683E-06
       150     23  0.3913935E-05  0.1000000E+01 -0.3202994E-06
       150     24 -0.1325387E-16  0.1000000E+01 -0.5978072E-16
       150     25 -0.3913346E-05  0.1000000E+01  0.3221688E-06
       150     26 -0.7826113E-05  0.1000000E+01  0.6462452E-06
       150     27 -0.1173831E-04  0.1000000E+01  0.9722669E-06
       150     28 -0.1564995E-04  0.1000000E+01  0.1300271E-05

       160      0  0.0000000E+00  0.0000000E+00  0.0000000E+00
       160      1  0.5372721E-16  0.1000000E+01  0.2937322E-16
       160      2  0.3952920E-06  0.1000000E+01  0.2842670E-04
       160      3  0.2965476E-06  0.1000000E+01  0.2131237E-04
       160      4  0.1977514E-06  0.1000000E+01  0.1420318E-04
       160      5  0.9890251E-07  0.1000000E+01  0.7099065E-05
       160      6  0.5372721E-16  0.1000000E+01  0.2937322E-16
       160      7 -0.9895699E-07  0.1000000E+01 -0.7094058E-05
       160      8 -0.1979694E-06  0.1000000E+01 -0.1418315E-04
       160      9 -0.2970380E-06  0.1000000E+01 -0.2126732E-04
       160     10 -0.3961638E-06  0.1000000E+01 -0.2834660E-04
       160     11  0.2881676E-05  0.1000000E+01 -0.1576464E-03
       160     12  0.2161674E-05  0.1000000E+01 -0.1182023E-03
       160     13  0.1441400E-05  0.1000000E+01 -0.7877947E-04
       160     14  0.7208446E-06  0.1000000E+01 -0.3937851E-04
       160     15  0.5372721E-16  0.1000000E+01  0.2937322E-16
       160     16 -0.7211432E-06  0.1000000E+01  0.3935548E-04
       160     17 -0.1442594E-05  0.1000000E+01  0.7868734E-04
       160     18 -0.2164362E-05  0.1000000E+01  0.1179950E-03
       160     19 -0.2886456E-05  0.1000000E+01  0.1572779E-03
       160     20  0.1741011E-05  0.1000000E+01  0.8399458E-05
       160     21  0.1308570E-05  0.1000000E+01  0.6284770E-05
       160     22  0.8742618E-06  0.1000000E+01  0.4180027E-05
       160     23  0.4380750E-06  0.1000000E+01  0.2085136E-05
       160     24  0.5372721E-16  0.1000000E+01  0.2937322E-16
       160     25 -0.4399730E-06  0.1000000E+01 -0.2075492E-05
       160     26 -0.8818542E-06  0.1000000E+01 -0.4141457E-05
       160     27 -0.1325653E-05  0.1000000E+01 -0.6198026E-05
       160     28 -0.1771381E-05  0.1000000E+01 -0.8245334E-05

       170      0  0.0000000E+00  0.0000000E+00  0.0000000E+00
       170      1 -0.5747811E-16  0.1000000E+01  0.2111082E-16
       170      2  0.1246581E-06  0.1000000E+01  0.4267021E-04
       170      3  0.9289630E-07  0.1000000E+01  0.3201111E-04
       170      4  0.6153218E-07  0.1000000E+01  0.2134639E-04
       170      5  0.3056649E-07  0.1000000E+01  0.1067602E-04
       170      6 -0.5747811E-16  0.1000000E+01  0.2111082E-16
       170      7 -0.3016652E-07  0.1000000E+01 -0.1068171E-04
       170      8 -0.5993231E-07  0.1000000E+01 -0.2136912E-04
       170      9 -0.8929661E-07  0.1000000E+01 -0.3206225E-04
       170     10 -0.1182586E-06  0.1000000E+01 -0.4276113E-04
       170     11 -0.1970989E-05  0.1000000E+01  0.4996610E-04
       170     12 -0.1476339E-05  0.1000000E+01  0.3743887E-04
       170     13 -0.9829642E-06  0.1000000E+01  0.2493471E-04
       170     14 -0.4908543E-06  0.1000000E+01  0.1245473E-04
       170     15 -0.5747811E-16  0.1000000E+01  0.2111082E-16
       170     16  0.4896082E-06  0.1000000E+01 -0.1242838E-04
       170     17  0.9779796E-06  0.1000000E+01 -0.2482933E-04
       170     18  0.1465124E-05  0.1000000E+01 -0.3720175E-04
       170     19  0.1951050E-05  0.1000000E+01 -0.4954456E-04
       170     20  0.2644194E-05  0.1000000E+01 -0.8833729E-05
       170     21  0.1980037E-05  0.1000000E+01 -0.6609087E-05
       170     22  0.1317964E-05  0.1000000E+01 -0.4395106E-05
       170     23  0.6579569E-06  0.1000000E+01 -0.2192008E-05
       170     24 -0.5747811E-16  0.1000000E+01  0.2111082E-16
       170     25 -0.6559239E-06  0.1000000E+01  0.2180721E-05
       170     26 -0.1309831E-05  0.1000000E+01  0.4349969E-05
       170     27 -0.1961739E-05  0.1000000E+01  0.6507571E-05
       170     28 -0.2611664E-05  0.1000000E+01  0.8653365E-05

       180      0  0.0000000E+00  0.0000000E+00  0.0000000E+00
       180      1  0.2194282E-16  0.1000000E+01 -0.5716565E-16
       180      2 -0.4829483E-06  0.1000000E+01 -0.8506383E-04
       180      3 -0.3624313E-06  0.1000000E+01 -0.6379724E-04
       180      4 -0.2417669E-06  0.1000000E+01 -0.4253103E-04
       180      5 -0.1209562E-06  0.1000000E+01 -0.2126527E-04
       180      6  0.2194282E-16  0.1000000E+01 -0.5716565E-16
       180      7  0.1211007E-06  0.1000000E+01  0.2126472E-04
       180      8  0.2423449E-06  0.1000000E+01  0.4252883E-04
       180      9  0.3637317E-06  0.1000000E+01  0.6379227E-04
       180     10  0.4852602E-06  0.1000000E+01  0.8505500E-04
       180     11 -0.4160675E-06  0.1000000E+01  0.9326156E-05
       180     12 -0.3126038E-06  0.1000000E+01  0.6989780E-05
       180     13 -0.2087655E-06  0.1000000E+01  0.4656693E-05
       180     14 -0.1045614E-06  0.1000000E+01  0.2326799E-05
       180     15  0.2194282E-16  0.1000000E+01 -0.5716565E-16
       180     16  0.1049101E-06  0.1000000E+01 -0.2323800E-05
       180     17  0.2101602E-06  0.1000000E+01 -0.4644699E-05
       180     18  0.3157419E-06  0.1000000E+01 -0.6962794E-05
       180     19  0.4216465E-06  0.1000000E+01 -0.9278182E-05
       180     20  0.1414338E-04  0.1000000E+01  0.3895609E-05
       180     21  0.1060847E-04  0.1000000E+01  0.2918909E-05
       180     22  0.7072952E-05  0.1000000E+01  0.1944010E-05
       180     23  0.3536798E-05  0.1000000E+01  0.9710086E-06
       180     24  0.2194282E-16  0.1000000E+01 -0.5716565E-16
       180     25 -0.3537457E-05  0.1000000E+01 -0.9689204E-06
       180     26 -0.7075585E-05  0.1000000E+01 -0.1935658E-05
       180     27 -0.1061440E-04  0.1000000E+01 -0.2900117E-05
       180     28 -0.1415391E-04  0.1000000E+01 -0.3862205E-05

       190      0  0.0000000E+00  0.0000000E+00  0.0000000E+00
       190      1  0.2859034E-16  0.1000000E+01  0.5414787E-16
       190      2  0.5569930E-06  0.1000000E+01  0.1721946E-04
       190      3  0.4190886E-06  0.1000000E+01  0.1290615E-04
       190      4  0.2802876E-06  0.1000000E+01  0.8598420E-05
       190      5  0.1405911E-06  0.1000000E+01  0.4296342E-05
       190      6  0.2859034E-16  0.1000000E+01  0.5414787E-16
       190      7 -0.1414848E-06  0.1000000E+01 -0.4290522E-05
       190      8 -0.2838624E-06  0.1000000E+01 -0.8575140E-05
       190      9 -0.4271318E-06  0.1000000E+01 -0.1285377E-04
       190     10 -0.5712923E-06  0.1000000E+01 -0.1712634E-04
       190     11  0.2788070E-05  0.1000000E+01  0.1416301E-03
       190     12  0.2084119E-05  0.1000000E+01  0.1062620E-03
       190     13  0.1384786E-05  0.1000000E+01  0.7086792E-04
       190     14  0.6900769E-06  0.1000000E+01  0.3544741E-04
       190     15  0.2859034E-16  0.1000000E+01  0.5414787E-16
       190     16 -0.6854373E-06  0.1000000E+01 -0.3547478E-04
       190     17 -0.1366228E-05  0.1000000E+01 -0.7097739E-04
       190     18 -0.2042364E-05  0.1000000E+01 -0.1065083E-03
       190     19 -0.2713838E-05  0.1000000E+01 -0.1420680E-03
       190     20 -0.3195123E-05  0.1000000E+01  0.5529845E-05
       190     21 -0.2394379E-05  0.1000000E+01  0.4155529E-05
       190     22 -0.1594930E-05  0.1000000E+01  0.2775548E-05
       190     23 -0.7967957E-06  0.1000000E+01  0.1390254E-05
       190     24  0.2859034E-16  0.1000000E+01  0.5414787E-16
       190     25  0.7954351E-06  0.1000000E+01 -0.1394855E-05
       190     26  0.1589488E-05  0.1000000E+01 -0.2793952E-05
       190     27  0.2382135E-05  0.1000000E+01 -0.4196927E-05
       190     28  0.3173356E-05  0.1000000E+01 -0.5603416E-05

       200      0  0.0000000E+00  0.0000000E+00  0.0000000E+00
       200      1 -0.5958206E-16  0.1000000E+01 -0.1412013E-16
       200      2 -0.4746887E-06  0.1000000E+01  0.3064601E-05
       200      3 -0.3578757E-06  0.1000000E+01  0.2304055E-05
       200      4 -0.2398229E-06  0.1000000E+01  0.1539749E-05
       200      5 -0.1205308E-06  0.1000000E+01  0.7717194E-06
       200      6 -0.5958206E-16  0.1000000E+01 -0.1412013E-16
       200      7  0.1217689E-06  0.1000000E+01 -0.7753743E-06
       200      8  0.2447752E-06  0.1000000E+01 -0.1554369E-05
       200      9  0.3690185E-06  0.1000000E+01 -0.2336949E-05
       200     10  0.4944982E-06  0.1000000E+01 -0.3123080E-05
       200     11 -0.3473845E-05  0.1000000E+01 -0.1870618E-03
       200     12 -0.2597456E-05  0.1000000E+01 -0.1403229E-03
       200     13 -0.1726346E-05  0.1000000E+01 -0.9356603E-04
       200     14 -0.8605245E-06  0.1000000E+01 -0.4679157E-04
       200     15 -0.5958206E-16  0.1000000E+01 -0.1412013E-16
       200     16  0.8552187E-06  0.1000000E+01  0.4680824E-04
       200     17  0.1705123E-05  0.1000000E+01  0.9363271E-04
       200     18  0.2549705E-05  0.1000000E+01  0.1404730E-03
       200     19  0.3388954E-05  0.1000000E+01  0.1873286E-03
       200     20  0.6799678E-05  0.1000000E+01 -0.9165180E-05
       200     21  0.5095823E-05  0.1000000E+01 -0.6894065E-05
       200     22  0.3394607E-05  0.1000000E+01 -0.4609334E-05
       200     23  0.1696007E-05  0.1000000E+01 -0.2311226E-05
       200     24 -0.5958206E-16  0.1000000E+01 -0.1412013E-16
       200     25 -0.1693437E-05  0.1000000E+01  0.2324071E-05
       200     26 -0.3384328E-05  0.1000000E+01  0.4660697E-05
       200     27 -0.5072696E-05  0.1000000E+01  0.7009571E-05
       200     28 -0.6758564E-05  0.1000000E+01  0.9370370E-05
