# number of spin vectors:      29
# iteration vector   S_X            S_Y            S_Z
         0      0  0.0000000E+00  0.0000000E+00  0.0000000E+00
         0      1  0.0000000E+00  0.1000000E+01  0.6123234E-16
         0      2  0.0000000E+00  0.1000000E+01  0.6123234E-16
         0      3  0.0000000E+00  0.1000000E+01  0.6123234E-16
         0      4  0.0000000E+00  0.1000000E+01  0.6123234E-16
         0      5  0.0000000E+00  0.1000000E+01  0.6123234E-16
         0      6  0.0000000E+00  0.1000000E+01  0.6123234E-16
         0      7  0.0000000E+00  0.1000000E+01  0.6123234E-16
         0      8  0.0000000E+00  0.1000000E+01  0.6123234E-16
         0      9  0.0000000E+00  0.1000000E+01  0.6123234E-16
         0     10  0.0000000E+00  0.1000000E+01  0.6123234E-16
         0     11  0.0000000E+00  0.1000000E+01  0.6123234E-16
         0     12  0.0000000E+00  0.1000000E+01  0.6123234E-16
         0     13  0.0000000E+00  0.1000000E+01  0.6123234E-16
         0     14  0.0000000E+00  0.1000000E+01  0.6123234E-16
         0     15  0.0000000E+00  0.1000000E+01  0.6123234E-16
         0     16  0.0000000E+00  0.1000000E+01  0.6123234E-16
         0     17  0.0000000E+00  0.1000000E+01  0.6123234E-16
         0     18  0.0000000E+00  0.1000000E+01  0.6123234E-16
         0     19  0.0000000E+00  0.1000000E+01  0.6123234E-16
         0     20  0.0000000E+00  0.1000000E+01  0.6123234E-16
         0     21  0.0000000E+00  0.1000000E+01  0.6123234E-16
         0     22  0.0000000E+00  0.1000000E+01  0.6123234E-16
         0     23  0.0000000E+00  0.1000000E+01  0.6123234E-16
         0     24  0.0000000E+00  0.1000000E+01  0.6123234E-16
         0     25  0.0000000E+00  0.1000000E+01  0.6123234E-16
         0     26  0.0000000E+00  0.1000000E+01  0.6123234E-16
         0     27  0.0000000E+00  0.1000000E+01  0.6123234E-16
         0     28  0.0000000E+00  0.1000000E+01  0.6123234E-16

       100      0  0.0000000E+00  0.0000000E+00  0.0000000E+00
       100      1  0.4803128E-16  0.1000000E+01 -0.3797888E-16
       100      2  0.3426309E-06  0.1000000E+01 -0.1543532E-04
       100      3  0.2519720E-06  0.1000000E+01 -0.1158092E-04
       100      4  0.1646452E-06  0.1000000E+01 -0.7722613E-05
       100      5  0.8065365E-07  0.1000000E+01 -0.3861835E-05
       100      6  0.4803128E-16  0.1000000E+01 -0.3797888E-16
       100      7 -0.7731372E-07  0.1000000E+01  0.3861480E-05
       100      8 -0.1512861E-06  0.1000000E+01  0.7721193E-05
       100      9 -0.2219162E-06  0.1000000E+01  0.1157773E-04
       100     10 -0.2892038E-06  0.1000000E+01  0.1542968E-04
       100     11  0.2717792E-05  0.1000000E+01  0.1610508E-03
       100     12  0.2021519E-05  0.1000000E+01  0.1208967E-03
       100     13  0.1336531E-05  0.1000000E+01  0.8065399E-04
       100     14  0.6627279E-06  0.1000000E+01  0.4034698E-04
       100     15  0.4803128E-16  0.1000000E+01 -0.3797888E-16
       100     16 -0.6517693E-06  0.1000000E+01 -0.4036259E-04
       100     17 -0.1292703E-05  0.1000000E+01 -0.8071639E-04
       100     18 -0.1922932E-05  0.1000000E+01 -0.1210369E-03
       100     19 -0.2542593E-05  0.1000000E+01 -0.1612995E-03
       100     20  0.1383765E-04  0.1000000E+01  0.8934481E-05
       100     21  0.1037900E-04  0.1000000E+01  0.6757539E-05
       100     22  0.6919764E-05  0.1000000E+01  0.4529609E-05
       100     23  0.3460065E-05  0.1000000E+01  0.2270176E-05
       100     24  0.4803128E-16  0.1000000E+01 -0.3797888E-16
       100     25 -0.3460364E-05  0.1000000E+01 -0.2259744E-05
       100     26 -0.6920989E-05  0.1000000E+01 -0.4488335E-05
       100     27 -0.1038187E-04  0.1000000E+01 -0.6666360E-05
       100     28 -0.1384302E-04  0.1000000E+01 -0.8776537E-05

       200      0  0.0000000E+00  0.0000000E+00  0.0000000E+00
       200      1 -0.5958206E-16  0.1000000E+01 -0.1412013E-16
       200      2 -0.4543696E-06  0.1000000E+01  0.3016298E-05
       200      3 -0.3464232E-06  0.1000000E+01  0.2269823E-05
       200      4 -0.2347226E-06  0.1000000E+01  0.1521398E-05
       200      5 -0.1192532E-06  0.1000000E+01  0.7663479E-06
       200      6 -0.5958206E-16  0.1000000E+01 -0.1412013E-16
       200      7  0.1230515E-06  0.1000000E+01 -0.7823092E-06
       200      8  0.2499160E-06  0.1000000E+01 -0.1585224E-05
       200      9  0.3806079E-06  0.1000000E+01 -0.2413361E-05
       200     10  0.5151415E-06  0.1000000E+01 -0.3271298E-05
       200     11 -0.3345862E-05  0.1000000E+01 -0.1878802E-03
       200     12 -0.2524532E-05  0.1000000E+01 -0.1407302E-03
       200     13 -0.1693521E-05  0.1000000E+01 -0.9372316E-04
       200     14 -0.8522148E-06  0.1000000E+01 -0.4682482E-04
       200     15 -0.5958206E-16  0.1000000E+01 -0.1412013E-16
       200     16  0.8637346E-06  0.1000000E+01  0.4678720E-04
       200     17  0.1739597E-05  0.1000000E+01  0.9357305E-04
       200     18  0.2628189E-05  0.1000000E+01  0.1403938E-03
       200     19  0.3530110E-05  0.1000000E+01  0.1872855E-03
       200     20  0.6794129E-05  0.1000000E+01 -0.9826056E-05
       200     21  0.5092475E-05  0.1000000E+01 -0.7349407E-05
       200     22  0.3393068E-05  0.1000000E+01 -0.4845633E-05
       200     23  0.1695622E-05  0.1000000E+01 -0.2377635E-05
       200     24 -0.5958206E-16  0.1000000E+01 -0.1412013E-16
       200     25 -0.1693789E-05  0.1000000E+01  0.2247534E-05
       200     26 -0.3385604E-05  0.1000000E+01  0.4344903E-05
       200     27 -0.5075199E-05  0.1000000E+01  0.6294343E-05
       200     28 -0.6762263E-05  0.1000000E+01  0.8120537E-05

       300      0  0.0000000E+00  0.0000000E+00  0.0000000E+00
       300      1  0.2587934E-16  0.1000000E+01  0.5549468E-16
       300      2  0.3474196E-06  0.1000000E+01  0.2885527E-04
       300      3  0.2588409E-06  0.1000000E+01  0.2167347E-04
       300      4  0.1714497E-06  0.1000000E+01  0.1446260E-04
       300      5  0.8518835E-07  0.1000000E+01  0.7234246E-05
       300      6  0.2587934E-16  0.1000000E+01  0.5549468E-16
       300      7 -0.8417115E-07  0.1000000E+01 -0.7228578E-05
       300      8 -0.1673800E-06  0.1000000E+01 -0.1443994E-04
       300      9 -0.2496805E-06  0.1000000E+01 -0.2162256E-04
       300     10 -0.3311256E-06  0.1000000E+01 -0.2876493E-04
       300     11  0.1800998E-05  0.1000000E+01  0.6444105E-04
       300     12  0.1338521E-05  0.1000000E+01  0.4766011E-04
       300     13  0.8850039E-06  0.1000000E+01  0.3143702E-04
       300     14  0.4392258E-06  0.1000000E+01  0.1560610E-04
       300     15  0.2587934E-16  0.1000000E+01  0.5549468E-16
       300     16 -0.4338267E-06  0.1000000E+01 -0.1555003E-04
       300     17 -0.8633737E-06  0.1000000E+01 -0.3121387E-04
       300     18 -0.1289727E-05  0.1000000E+01 -0.4716234E-04
       300     19 -0.1713939E-05  0.1000000E+01 -0.6356692E-04
       300     20 -0.8488629E-05  0.1000000E+01  0.4682901E-05
       300     21 -0.6367203E-05  0.1000000E+01  0.3318168E-05
       300     22 -0.4245198E-05  0.1000000E+01  0.2055857E-05
       300     23 -0.2122698E-05  0.1000000E+01  0.9443800E-06
       300     24  0.2587934E-16  0.1000000E+01  0.5549468E-16
       300     25  0.2122431E-05  0.1000000E+01 -0.7948830E-06
       300     26  0.4244035E-05  0.1000000E+01 -0.1488369E-05
       300     27  0.6364236E-05  0.1000000E+01 -0.2151106E-05
       300     28  0.8482515E-05  0.1000000E+01 -0.2864847E-05

       400      0  0.0000000E+00  0.0000000E+00  0.0000000E+00
       400      1  0.2747914E-16  0.1000000E+01 -0.5472016E-16
       400      2  0.1275658E-06  0.1000000E+01 -0.4229398E-04
       400      3  0.8765412E-07  0.1000000E+01 -0.3172980E-04
       400      4  0.5303610E-07  0.1000000E+01 -0.2115785E-04
       400      5  0.2379193E-07  0.1000000E+01 -0.1058050E-04
       400      6  0.2747914E-16  0.1000000E+01 -0.5472016E-16
       400      7 -0.1826304E-07  0.1000000E+01  0.1058150E-04
       400      8 -0.3092231E-07  0.1000000E+01  0.2116187E-04
       400      9 -0.3790458E-07  0.1000000E+01  0.3173892E-04
       400     10 -0.3913832E-07  0.1000000E+01  0.4231039E-04
       400     11  0.1411270E-05  0.1000000E+01  0.9760001E-04
       400     12  0.1033528E-05  0.1000000E+01  0.7390488E-04
       400     13  0.6717123E-06  0.1000000E+01  0.4960214E-04
       400     14  0.3268748E-06  0.1000000E+01  0.2489905E-04
       400     15  0.2747914E-16  0.1000000E+01 -0.5472016E-16
       400     16 -0.3079842E-06  0.1000000E+01 -0.2489181E-04
       400     17 -0.5961938E-06  0.1000000E+01 -0.4957264E-04
       400     18 -0.8637744E-06  0.1000000E+01 -0.7383648E-04
       400     19 -0.1109886E-05  0.1000000E+01 -0.9747332E-04
       400     20  0.3608643E-05  0.1000000E+01  0.4015466E-05
       400     21  0.2707898E-05  0.1000000E+01  0.3204839E-05
       400     22  0.1806029E-05  0.1000000E+01  0.2244850E-05
       400     23  0.9032943E-06  0.1000000E+01  0.1162091E-05
       400     24  0.2747914E-16  0.1000000E+01 -0.5472016E-16
       400     25 -0.9035497E-06  0.1000000E+01 -0.1187068E-05
       400     26 -0.1807098E-05  0.1000000E+01 -0.2340942E-05
       400     27 -0.2710475E-05  0.1000000E+01 -0.3407140E-05
       400     28 -0.3613625E-05  0.1000000E+01 -0.4341997E-05

       500      0  0.0000000E+00  0.0000000E+00  0.0000000E+00
       500      1 -0.5996679E-16  0.1000000E+01  0.1238483E-16
       500      2 -0.4836355E-06  0.1000000E+01  0.1109654E-04
       500      3 -0.3695111E-06  0.1000000E+01  0.8280440E-05
       500      4 -0.2508623E-06  0.1000000E+01  0.5509616E-05
       500      5 -0.1276912E-06  0.1000000E+01  0.2758156E-05
       500      6 -0.5996679E-16  0.1000000E+01  0.1238483E-16
       500      7  0.1322093E-06  0.1000000E+01 -0.2790959E-05
       500      8  0.2689341E-06  0.1000000E+01 -0.5640783E-05
       500      9  0.4101705E-06  0.1000000E+01 -0.8575388E-05
       500     10  0.5559133E-06  0.1000000E+01 -0.1162045E-04
       500     11 -0.3332226E-05  0.1000000E+01 -0.1640477E-03
       500     12 -0.2520858E-05  0.1000000E+01 -0.1229051E-03
       500     13 -0.1695548E-05  0.1000000E+01 -0.8185410E-04
       500     14 -0.8555266E-06  0.1000000E+01 -0.4089111E-04
       500     15 -0.5996679E-16  0.1000000E+01  0.1238483E-16
       500     16  0.8718233E-06  0.1000000E+01  0.4084270E-04
       500     17  0.1760705E-05  0.1000000E+01  0.8166254E-04
       500     18  0.2667350E-05  0.1000000E+01  0.1224819E-03
       500     19  0.3592373E-05  0.1000000E+01  0.1633150E-03
       500     20 -0.9981809E-05  0.1000000E+01 -0.1074668E-04
       500     21 -0.7489181E-05  0.1000000E+01 -0.8041329E-05
       500     22 -0.4994548E-05  0.1000000E+01 -0.5335359E-05
       500     23 -0.2498099E-05  0.1000000E+01 -0.2648795E-05
       500     24 -0.5996679E-16  0.1000000E+01  0.1238483E-16
       500     25  0.2499613E-05  0.1000000E+01  0.2595111E-05
       500     26  0.5000632E-05  0.1000000E+01  0.5123758E-05
       500     27  0.7502976E-05  0.1000000E+01  0.7576860E-05
       500     28  0.1000659E-04  0.1000000E+01  0.9949452E-05

       600      0  0.0000000E+00  0.0000000E+00  0.0000000E+00
       600      1  0.4690872E-16  0.1000000E+01  0.3935697E-16
       600      2  0.6649949E-06  0.1000000E+01  0.4408657E-04
       600      3  0.4942426E-06  0.1000000E+01  0.3318915E-04
       600      4  0.3266260E-06  0.1000000E+01  0.2218221E-04
       600      5  0.1619441E-06  0.1000000E+01  0.1110585E-04
       600      6  0.4690872E-16  0.1000000E+01  0.3935697E-16
       600      7 -0.1593987E-06  0.1000000E+01 -0.1109558E-04
       600      8 -0.3164390E-06  0.1000000E+01 -0.2214119E-04
       600      9 -0.4713021E-06  0.1000000E+01 -0.3309713E-04
       600     10 -0.6241629E-06  0.1000000E+01 -0.4392366E-04
       600     11  0.3348101E-05  0.1000000E+01  0.9633367E-04
       600     12  0.2478920E-05  0.1000000E+01  0.7087846E-04
       600     13  0.1633307E-05  0.1000000E+01  0.4657159E-04
       600     14  0.8080627E-06  0.1000000E+01  0.2306538E-04
       600     15  0.4690872E-16  0.1000000E+01  0.3935697E-16
       600     16 -0.7940134E-06  0.1000000E+01 -0.2299251E-04
       600     17 -0.1577023E-05  0.1000000E+01 -0.4628448E-04
       600     18 -0.2351958E-05  0.1000000E+01 -0.7024905E-04
       600     19 -0.3121602E-05  0.1000000E+01 -0.9525634E-04
       600     20 -0.1529732E-04  0.1000000E+01  0.6338534E-05
       600     21 -0.1147394E-04  0.1000000E+01  0.4740990E-05
       600     22 -0.7649918E-05  0.1000000E+01  0.3152413E-05
       600     23 -0.3825272E-05  0.1000000E+01  0.1572244E-05
       600     24  0.4690872E-16  0.1000000E+01  0.3935697E-16
       600     25  0.3825893E-05  0.1000000E+01 -0.1564721E-05
       600     26  0.7652404E-05  0.1000000E+01 -0.3122238E-05
       600     27  0.1147953E-04  0.1000000E+01 -0.4672788E-05
       600     28  0.1530727E-04  0.1000000E+01 -0.6216518E-05

       700      0  0.0000000E+00  0.0000000E+00  0.0000000E+00
       700      1  0.1777243E-17  0.1000000E+01 -0.6120654E-16
       700      2 -0.2688350E-06  0.1000000E+01 -0.7110856E-04
       700      3 -0.2094168E-06  0.1000000E+01 -0.5334671E-04
       700      4 -0.1450323E-06  0.1000000E+01 -0.3557179E-04
       700      5 -0.7533975E-07  0.1000000E+01 -0.1778831E-04
       700      6  0.1777243E-17  0.1000000E+01 -0.6120654E-16
       700      7  0.8132320E-07  0.1000000E+01  0.1778974E-04
       700      8  0.1689631E-06  0.1000000E+01  0.3557753E-04
       700      9  0.2632498E-06  0.1000000E+01  0.5335961E-04
       700     10  0.3645107E-06  0.1000000E+01  0.7113150E-04
       700     11 -0.5208440E-06  0.1000000E+01  0.2899722E-04
       700     12 -0.4079011E-06  0.1000000E+01  0.2326970E-04
       700     13 -0.2863162E-06  0.1000000E+01  0.1622581E-04
       700     14 -0.1517670E-06  0.1000000E+01  0.8320988E-05
       700     15  0.1777243E-17  0.1000000E+01 -0.6120654E-16
       700     16  0.1731794E-06  0.1000000E+01 -0.8297460E-05
       700     17  0.3719317E-06  0.1000000E+01 -0.1613081E-04
       700     18  0.6004202E-06  0.1000000E+01 -0.2305260E-04
       700     19  0.8628569E-06  0.1000000E+01 -0.2860282E-04
       700     20  0.1305638E-05  0.1000000E+01  0.3272382E-06
       700     21  0.9781244E-06  0.1000000E+01  0.2505896E-06
       700     22  0.6512261E-06  0.1000000E+01  0.1641231E-06
       700     23  0.3251257E-06  0.1000000E+01  0.7726800E-07
       700     24  0.1777243E-17  0.1000000E+01 -0.6120654E-16
       700     25 -0.3239841E-06  0.1000000E+01 -0.5763158E-07
       700     26 -0.6466734E-06  0.1000000E+01 -0.8599764E-07
       700     27 -0.9679323E-06  0.1000000E+01 -0.7637641E-07
       700     28 -0.1287646E-05  0.1000000E+01 -0.2140697E-07

       800      0  0.0000000E+00  0.0000000E+00  0.0000000E+00
       800      1 -0.4911337E-16  0.1000000E+01  0.3656880E-16
       800      2 -0.2565732E-06  0.1000000E+01  0.3560366E-04
       800      3 -0.1976938E-06  0.1000000E+01  0.2653861E-04
       800      4 -0.1351299E-06  0.1000000E+01  0.1762481E-04
       800      5 -0.6914448E-07  0.1000000E+01  0.8799669E-05
       800      6 -0.4911337E-16  0.1000000E+01  0.3656880E-16
       800      7  0.7204054E-07  0.1000000E+01 -0.8837640E-05
       800      8  0.1467120E-06  0.1000000E+01 -0.1777654E-04
       800      9  0.2237454E-06  0.1000000E+01 -0.2687945E-04
       800     10  0.3028663E-06  0.1000000E+01 -0.3620816E-04
       800     11 -0.2299561E-05  0.1000000E+01 -0.1000528E-03
       800     12 -0.1749741E-05  0.1000000E+01 -0.7539317E-04
       800     13 -0.1181757E-05  0.1000000E+01 -0.5040447E-04
       800     14 -0.5978038E-06  0.1000000E+01 -0.2523565E-04
       800     15 -0.4911337E-16  0.1000000E+01  0.3656880E-16
       800     16  0.6095216E-06  0.1000000E+01  0.2521002E-04
       800     17  0.1228509E-05  0.1000000E+01  0.5030802E-04
       800     18  0.1854479E-05  0.1000000E+01  0.7519892E-04
       800     19  0.2484601E-05  0.1000000E+01  0.9976423E-04
       800     20 -0.1012571E-04  0.1000000E+01 -0.7894944E-05
       800     21 -0.7592615E-05  0.1000000E+01 -0.6022699E-05
       800     22 -0.5060583E-05  0.1000000E+01 -0.4079962E-05
       800     23 -0.2529667E-05  0.1000000E+01 -0.2068742E-05
       800     24 -0.4911337E-16  0.1000000E+01  0.3656880E-16
       800     25  0.2528237E-05  0.1000000E+01  0.2107035E-05
       800     26  0.5054847E-05  0.1000000E+01  0.4226655E-05
       800     27  0.7579661E-05  0.1000000E+01  0.6329381E-05
       800     28  0.1010257E-04  0.1000000E+01  0.8385314E-05

       900      0  0.0000000E+00  0.0000000E+00  0.0000000E+00
       900      1  0.5914712E-16  0.1000000E+01  0.1584352E-16
       900      2  0.7518335E-06  0.1000000E+01  0.3867140E-04
       900      3  0.5603970E-06  0.1000000E+01  0.2928701E-04
       900      4  0.3713400E-06  0.1000000E+01  0.1965533E-04
       900      5  0.1845704E-06  0.1000000E+01  0.9863964E-05
       900      6  0.5914712E-16  0.1000000E+01  0.1584352E-16
       900      7 -0.1824527E-06  0.1000000E+01 -0.9849802E-05
       900      8 -0.3628599E-06  0.1000000E+01 -0.1959882E-04
       900      9 -0.5412821E-06  0.1000000E+01 -0.2916040E-04
       900     10 -0.7177647E-06  0.1000000E+01 -0.3844766E-04
       900     11  0.3932696E-05  0.1000000E+01  0.7612419E-04
       900     12  0.2923508E-05  0.1000000E+01  0.5594592E-04
       900     13  0.1932679E-05  0.1000000E+01  0.3672200E-04
       900     14  0.9587478E-06  0.1000000E+01  0.1817423E-04
       900     15  0.5914712E-16  0.1000000E+01  0.1584352E-16
       900     16 -0.9453622E-06  0.1000000E+01 -0.1811868E-04
       900     17 -0.1879066E-05  0.1000000E+01 -0.3650692E-04
       900     18 -0.2802618E-05  0.1000000E+01 -0.5548883E-04
       900     19 -0.3717161E-05  0.1000000E+01 -0.7537867E-04
       900     20 -0.2248164E-05  0.1000000E+01  0.8706070E-05
       900     21 -0.1688735E-05  0.1000000E+01  0.6581290E-05
       900     22 -0.1127634E-05  0.1000000E+01  0.4436100E-05
       900     23 -0.5648010E-06  0.1000000E+01  0.2247921E-05
       900     24  0.5914712E-16  0.1000000E+01  0.1584352E-16
       900     25  0.5671767E-06  0.1000000E+01 -0.2315052E-05
       900     26  0.1137279E-05  0.1000000E+01 -0.4693024E-05
       900     27  0.1710948E-05  0.1000000E+01 -0.7117595E-05
       900     28  0.2288858E-05  0.1000000E+01 -0.9561759E-05

      1000      0  0.0000000E+00  0.0000000E+00  0.0000000E+00
      1000      1 -0.2425772E-16  0.1000000E+01 -0.5622244E-16
      1000      2 -0.6679388E-06  0.1000000E+01 -0.8765584E-04
      1000      3 -0.5056514E-06  0.1000000E+01 -0.6581751E-04
      1000      4 -0.3405268E-06  0.1000000E+01 -0.4391210E-04
      1000      5 -0.1721238E-06  0.1000000E+01 -0.2196499E-04
      1000      6 -0.2425772E-16  0.1000000E+01 -0.5622244E-16
      1000      7  0.1762860E-06  0.1000000E+01  0.2195980E-04
      1000      8  0.3571728E-06  0.1000000E+01  0.4389124E-04
      1000      9  0.5430945E-06  0.1000000E+01  0.6577020E-04
      1000     10  0.7344787E-06  0.1000000E+01  0.8757077E-04
      1000     11 -0.2446222E-05  0.1000000E+01 -0.7230794E-05
      1000     12 -0.1839610E-05  0.1000000E+01 -0.4161978E-05
      1000     13 -0.1233099E-05  0.1000000E+01 -0.2178366E-05
      1000     14 -0.6216484E-06  0.1000000E+01 -0.9097954E-06
      1000     15 -0.2425772E-16  0.1000000E+01 -0.5622244E-16
      1000     16  0.6372177E-06  0.1000000E+01  0.8999146E-06
      1000     17  0.1295400E-05  0.1000000E+01  0.2138865E-05
      1000     18  0.1979886E-05  0.1000000E+01  0.4073412E-05
      1000     19  0.2695888E-05  0.1000000E+01  0.7074949E-05
      1000     20  0.1334286E-04  0.1000000E+01 -0.2968033E-05
      1000     21  0.1000806E-04  0.1000000E+01 -0.2209304E-05
      1000     22  0.6672328E-05  0.1000000E+01 -0.1469422E-05
      1000     23  0.3336169E-05  0.1000000E+01 -0.7375002E-06
      1000     24 -0.2425772E-16  0.1000000E+01 -0.5622244E-16
      1000     25 -0.3335857E-05  0.1000000E+01  0.7574864E-06
      1000     26 -0.6671194E-05  0.1000000E+01  0.1548230E-05
      1000     27 -0.1000591E-04  0.1000000E+01  0.2382404E-05
      1000     28 -0.1334002E-04  0.1000000E+01  0.3265434E-05

      1100      0  0.0000000E+00  0.0000000E+00  0.0000000E+00
      1100      1 -0.2905580E-16  0.1000000E+01  0.5389954E-16
      1100      2  0.1664252E-06  0.1000000E+01  0.6365342E-04
      1100      3  0.1225074E-06  0.1000000E+01  0.4751234E-04
      1100      4  0.8049062E-07  0.1000000E+01  0.3157457E-04
      1100      5  0.3983517E-07  0.1000000E+01  0.1576320E-04
      1100      6 -0.2905580E-16  0.1000000E+01  0.5389954E-16
      1100      7 -0.3955754E-07  0.1000000E+01 -0.1579386E-04
      1100      8 -0.7938239E-07  0.1000000E+01 -0.3169697E-04
      1100      9 -0.1200227E-06  0.1000000E+01 -0.4778689E-04
      1100     10 -0.1620309E-06  0.1000000E+01 -0.6413936E-04
      1100     11 -0.4834848E-06  0.1000000E+01 -0.2916568E-04
      1100     12 -0.3872937E-06  0.1000000E+01 -0.2208574E-04
      1100     13 -0.2708360E-06  0.1000000E+01 -0.1480950E-04
      1100     14 -0.1398411E-06  0.1000000E+01 -0.7428317E-05
      1100     15 -0.2905580E-16  0.1000000E+01  0.5389954E-16
      1100     16  0.1429812E-06  0.1000000E+01  0.7438163E-05
      1100     17  0.2833203E-06  0.1000000E+01  0.1485638E-04
      1100     18  0.4150974E-06  0.1000000E+01  0.2221905E-04
      1100     19  0.5322006E-06  0.1000000E+01  0.2947091E-04
      1100     20 -0.5330541E-07  0.1000000E+01 -0.3868310E-05
      1100     21 -0.3859764E-07  0.1000000E+01 -0.2916160E-05
      1100     22 -0.2483572E-07  0.1000000E+01 -0.1954586E-05
      1100     23 -0.1198255E-07  0.1000000E+01 -0.9825646E-06
      1100     24 -0.2905580E-16  0.1000000E+01  0.5389954E-16
      1100     25  0.1115505E-07  0.1000000E+01  0.9923689E-06
      1100     26  0.2153495E-07  0.1000000E+01  0.1993107E-05
      1100     27  0.3120566E-07  0.1000000E+01  0.3000257E-05
      1100     28  0.4025105E-07  0.1000000E+01  0.4011541E-05

      1200      0  0.0000000E+00  0.0000000E+00  0.0000000E+00
      1200      1  0.6030099E-16  0.1000000E+01 -0.1063910E-16
      1200      2  0.5354637E-06  0.1000000E+01  0.1620366E-04
      1200      3  0.3999409E-06  0.1000000E+01  0.1253794E-04
      1200      4  0.2653545E-06  0.1000000E+01  0.8535565E-05
      1200      5  0.1319558E-06  0.1000000E+01  0.4316439E-05
      1200      6  0.6030099E-16  0.1000000E+01 -0.1063910E-16
      1200      7 -0.1302506E-06  0.1000000E+01 -0.4294650E-05
      1200      8 -0.2585232E-06  0.1000000E+01 -0.8448589E-05
      1200      9 -0.3845309E-06  0.1000000E+01 -0.1234292E-04
      1200     10 -0.5079695E-06  0.1000000E+01 -0.1585865E-04
      1200     11  0.3335680E-05  0.1000000E+01  0.1378184E-04
      1200     12  0.2495004E-05  0.1000000E+01  0.9664591E-05
      1200     13  0.1656660E-05  0.1000000E+01  0.6103828E-05
      1200     14  0.8240005E-06  0.1000000E+01  0.2939055E-05
      1200     15  0.6030099E-16  0.1000000E+01 -0.1063910E-16
      1200     16 -0.8125642E-06  0.1000000E+01 -0.2891492E-05
      1200     17 -0.1610928E-05  0.1000000E+01 -0.5920669E-05
      1200     18 -0.2392157E-05  0.1000000E+01 -0.9279265E-05
      1200     19 -0.3152979E-05  0.1000000E+01 -0.1316407E-04
      1200     20  0.1094193E-04  0.1000000E+01  0.9968715E-05
      1200     21  0.8206000E-05  0.1000000E+01  0.7469124E-05
      1200     22  0.5470372E-05  0.1000000E+01  0.4973579E-05
      1200     23  0.2735042E-05  0.1000000E+01  0.2483450E-05
      1200     24  0.6030099E-16  0.1000000E+01 -0.1063910E-16
      1200     25 -0.2734764E-05  0.1000000E+01 -0.2475603E-05
      1200     26 -0.5469258E-05  0.1000000E+01 -0.4942265E-05
      1200     27 -0.8203490E-05  0.1000000E+01 -0.7398954E-05
      1200     28 -0.1093747E-04  0.1000000E+01 -0.9844683E-05

      1300      0  0.0000000E+00  0.0000000E+00  0.0000000E+00
      1300      1 -0.4574664E-16  0.1000000E+01 -0.4070190E-16
      1300      2 -0.8481891E-06  0.1000000E+01 -0.8394538E-04
      1300      3 -0.6401386E-06  0.1000000E+01 -0.6312102E-04
      1300      4 -0.4295647E-06  0.1000000E+01 -0.4215266E-04
      1300      5 -0.2162564E-06  0.1000000E+01 -0.2109484E-04
      1300      6 -0.4574664E-16  0.1000000E+01 -0.4070190E-16
      1300      7  0.2194159E-06  0.1000000E+01  0.2108039E-04
      1300      8  0.4421972E-06  0.1000000E+01  0.4209477E-04
      1300      9  0.6685406E-06  0.1000000E+01  0.6299032E-04
      1300     10  0.8986300E-06  0.1000000E+01  0.8371191E-04
      1300     11 -0.3594868E-05  0.1000000E+01  0.7444809E-05
      1300     12 -0.2710688E-05  0.1000000E+01  0.5776047E-05
      1300     13 -0.1817910E-05  0.1000000E+01  0.3950557E-05
      1300     14 -0.9149935E-06  0.1000000E+01  0.2016752E-05
      1300     15 -0.4574664E-16  0.1000000E+01 -0.4070190E-16
      1300     16  0.9291857E-06  0.1000000E+01 -0.2085268E-05
      1300     17  0.1874641E-05  0.1000000E+01 -0.4222426E-05
      1300     18  0.2838190E-05  0.1000000E+01 -0.6378830E-05
      1300     19  0.3821186E-05  0.1000000E+01 -0.8491651E-05
      1300     20  0.1416002E-04  0.1000000E+01 -0.6288468E-05
      1300     21  0.1061778E-04  0.1000000E+01 -0.4711172E-05
      1300     22  0.7077190E-05  0.1000000E+01 -0.3136420E-05
      1300     23  0.3538001E-05  0.1000000E+01 -0.1566246E-05
      1300     24 -0.4574664E-16  0.1000000E+01 -0.4070190E-16
      1300     25 -0.3536994E-05  0.1000000E+01  0.1565525E-05
      1300     26 -0.7073132E-05  0.1000000E+01  0.3135708E-05
      1300     27 -0.1060854E-04  0.1000000E+01  0.4717498E-05
      1300     28 -0.1414333E-04  0.1000000E+01  0.6318644E-05

      1400      0  0.0000000E+00  0.0000000E+00  0.0000000E+00
      1400      1 -0.3552988E-17  0.1000000E+01  0.6112917E-16
      1400      2  0.6296967E-06  0.1000000E+01  0.8078455E-04
      1400      3  0.4698945E-06  0.1000000E+01  0.6037833E-04
      1400      4  0.3120516E-06  0.1000000E+01  0.4015702E-04
      1400      5  0.1556085E-06  0.1000000E+01  0.2005385E-04
      1400      6 -0.3552988E-17  0.1000000E+01  0.6112917E-16
      1400      7 -0.1553427E-06  0.1000000E+01 -0.2007423E-04
      1400      8 -0.3109906E-06  0.1000000E+01 -0.4023835E-04
      1400      9 -0.4675158E-06  0.1000000E+01 -0.6056049E-04
      1400     10 -0.6254905E-06  0.1000000E+01 -0.8110627E-04
      1400     11  0.1618424E-05  0.1000000E+01  0.1265617E-04
      1400     12  0.1183385E-05  0.1000000E+01  0.1046215E-04
      1400     13  0.7725841E-06  0.1000000E+01  0.7446356E-05
      1400     14  0.3801460E-06  0.1000000E+01  0.3865909E-05
      1400     15 -0.3552988E-17  0.1000000E+01  0.6112917E-16
      1400     16 -0.3739781E-06  0.1000000E+01 -0.3859057E-05
      1400     17 -0.7478417E-06  0.1000000E+01 -0.7414102E-05
      1400     18 -0.1127454E-05  0.1000000E+01 -0.1037185E-04
      1400     19 -0.1518367E-05  0.1000000E+01 -0.1245326E-04
      1400     20 -0.4816423E-05  0.1000000E+01 -0.2091163E-06
      1400     21 -0.3615044E-05  0.1000000E+01 -0.1297610E-06
      1400     22 -0.2411753E-05  0.1000000E+01 -0.6763733E-07
      1400     23 -0.1206653E-05  0.1000000E+01 -0.2344849E-07
      1400     24 -0.3552988E-17  0.1000000E+01  0.6112917E-16
      1400     25  0.1207820E-05  0.1000000E+01 -0.4729472E-10
      1400     26  0.2416327E-05  0.1000000E+01 -0.2372235E-07
      1400     27  0.3624978E-05  0.1000000E+01 -0.6616917E-07
      1400     28  0.4833209E-05  0.1000000E+01 -0.1159879E-06

      1500      0  0.0000000E+00  0.0000000E+00  0.0000000E+00
      1500      1  0.5015407E-16  0.1000000E+01 -0.3512789E-16
      1500      2  0.8980205E-07  0.1000000E+01 -0.1152662E-04
      1500      3  0.6396912E-07  0.1000000E+01 -0.8212585E-05
      1500      4  0.4002365E-07  0.1000000E+01 -0.5277636E-05
      1500      5  0.1851487E-07  0.1000000E+01 -0.2585431E-05
      1500      6  0.5015407E-16  0.1000000E+01 -0.3512789E-16
      1500      7 -0.1495369E-07  0.1000000E+01  0.2614294E-05
      1500      8 -0.2576656E-07  0.1000000E+01  0.5392812E-05
      1500      9 -0.3184423E-07  0.1000000E+01  0.8470685E-05
      1500     10 -0.3257509E-07  0.1000000E+01  0.1198283E-04
      1500     11  0.1810720E-05  0.1000000E+01 -0.5897294E-04
      1500     12  0.1355064E-05  0.1000000E+01 -0.4522970E-04
      1500     13  0.8966452E-06  0.1000000E+01 -0.3063420E-04
      1500     14  0.4426115E-06  0.1000000E+01 -0.1547021E-04
      1500     15  0.5015407E-16  0.1000000E+01 -0.3512789E-16
      1500     16 -0.4242096E-06  0.1000000E+01  0.1552166E-04
      1500     17 -0.8230187E-06  0.1000000E+01  0.3083140E-04
      1500     18 -0.1189324E-05  0.1000000E+01  0.4564063E-04
      1500     19 -0.1515837E-05  0.1000000E+01  0.5962015E-04
      1500     20  0.5092116E-05  0.1000000E+01  0.7322992E-05
      1500     21  0.3822392E-05  0.1000000E+01  0.5458552E-05
      1500     22  0.2550583E-05  0.1000000E+01  0.3623424E-05
      1500     23  0.1276469E-05  0.1000000E+01  0.1807766E-05
      1500     24  0.5015407E-16  0.1000000E+01 -0.3512789E-16
      1500     25 -0.1278771E-05  0.1000000E+01 -0.1814591E-05
      1500     26 -0.2559767E-05  0.1000000E+01 -0.3654216E-05
      1500     27 -0.3842946E-05  0.1000000E+01 -0.5539307E-05
      1500     28 -0.5128355E-05  0.1000000E+01 -0.7489510E-05

      1600      0  0.0000000E+00  0.0000000E+00  0.0000000E+00
      1600      1 -0.5866235E-16  0.1000000E+01 -0.1755357E-16
      1600      2 -0.6928300E-06  0.1000000E+01 -0.6196875E-04
      1600      3 -0.5258093E-06  0.1000000E+01 -0.4673849E-04
      1600      4 -0.3545527E-06  0.1000000E+01 -0.3127772E-04
      1600      5 -0.1792272E-06  0.1000000E+01 -0.1567100E-04
      1600      6 -0.5866235E-16  0.1000000E+01 -0.1755357E-16
      1600      7  0.1829558E-06  0.1000000E+01  0.1565507E-04
      1600      8  0.3694555E-06  0.1000000E+01  0.3121399E-04
      1600      9  0.5592981E-06  0.1000000E+01  0.4659503E-04
      1600     10  0.7522609E-06  0.1000000E+01  0.6171350E-04
      1600     11 -0.3564008E-05  0.1000000E+01  0.6572105E-04
      1600     12 -0.2714369E-05  0.1000000E+01  0.4849050E-04
      1600     13 -0.1834494E-05  0.1000000E+01  0.3194204E-04
      1600     14 -0.9284824E-06  0.1000000E+01  0.1586808E-04
      1600     15 -0.5866235E-16  0.1000000E+01 -0.1755357E-16
      1600     16  0.9474195E-06  0.1000000E+01 -0.1595799E-04
      1600     17  0.1910081E-05  0.1000000E+01 -0.3229403E-04
      1600     18  0.2883840E-05  0.1000000E+01 -0.4925292E-04
      1600     19  0.3863843E-05  0.1000000E+01 -0.6699938E-04
      1600     20 -0.2184403E-05  0.1000000E+01 -0.8938734E-05
      1600     21 -0.1644734E-05  0.1000000E+01 -0.6747779E-05
      1600     22 -0.1100298E-05  0.1000000E+01 -0.4534781E-05
      1600     23 -0.5518157E-06  0.1000000E+01 -0.2288803E-05
      1600     24 -0.5866235E-16  0.1000000E+01 -0.1755357E-16
      1600     25  0.5544896E-06  0.1000000E+01  0.2340381E-05
      1600     26  0.1111071E-05  0.1000000E+01  0.4739189E-05
      1600     27  0.1669253E-05  0.1000000E+01  0.7199855E-05
      1600     28  0.2228636E-05  0.1000000E+01  0.9720433E-05

      1700      0  0.0000000E+00  0.0000000E+00  0.0000000E+00
      1700      1  0.2261567E-16  0.1000000E+01  0.5690282E-16
      1700      2  0.9156365E-06  0.1000000E+01  0.7809050E-04
      1700      3  0.6824090E-06  0.1000000E+01  0.5839892E-04
      1700      4  0.4523027E-06  0.1000000E+01  0.3885413E-04
      1700      5  0.2249580E-06  0.1000000E+01  0.1940569E-04
      1700      6  0.2261567E-16  0.1000000E+01  0.5690282E-16
      1700      7 -0.2229563E-06  0.1000000E+01 -0.1941799E-04
      1700      8 -0.4443011E-06  0.1000000E+01 -0.3890304E-04
      1700      9 -0.6644249E-06  0.1000000E+01 -0.5850787E-04
      1700     10 -0.8837152E-06  0.1000000E+01 -0.7828144E-04
      1700     11  0.3273303E-05  0.1000000E+01  0.3975350E-05
      1700     12  0.2422712E-05  0.1000000E+01  0.6047853E-05
      1700     13  0.1594977E-05  0.1000000E+01  0.5518247E-05
      1700     14  0.7882876E-06  0.1000000E+01  0.3214580E-05
      1700     15  0.2261567E-16  0.1000000E+01  0.5690282E-16
      1700     16 -0.7728722E-06  0.1000000E+01 -0.3245192E-05
      1700     17 -0.1533217E-05  0.1000000E+01 -0.5637761E-05
      1700     18 -0.2283422E-05  0.1000000E+01 -0.6305940E-05
      1700     19 -0.3025007E-05  0.1000000E+01 -0.4407936E-05
      1700     20 -0.1684236E-04  0.1000000E+01  0.2908260E-05
      1700     21 -0.1263302E-04  0.1000000E+01  0.2231595E-05
      1700     22 -0.8422756E-05  0.1000000E+01  0.1519409E-05
      1700     23 -0.4211696E-05  0.1000000E+01  0.7748412E-06
      1700     24  0.2261567E-16  0.1000000E+01  0.5690282E-16
      1700     25  0.4212143E-05  0.1000000E+01 -0.8037247E-06
      1700     26  0.8424521E-05  0.1000000E+01 -0.1635213E-05
      1700     27  0.1263690E-04  0.1000000E+01 -0.2493083E-05
      1700     28  0.1684905E-04  0.1000000E+01 -0.3375127E-05

      1800      0  0.0000000E+00  0.0000000E+00  0.0000000E+00
      1800      1  0.3060797E-16  0.1000000E+01 -0.5303350E-16
      1800      2 -0.4241199E-06  0.1000000E+01 -0.3016105E-04
      1800      3 -0.3237271E-06  0.1000000E+01 -0.2214784E-04
      1800      4 -0.2200665E-06  0.1000000E+01 -0.1454752E-04
      1800      5 -0.1124066E-06  0.1000000E+01 -0.7213638E-05
      1800      6  0.3060797E-16  0.1000000E+01 -0.5303350E-16
      1800      7  0.1179155E-06  0.1000000E+01  0.7239238E-05
      1800      8  0.2421160E-06  0.1000000E+01  0.1464945E-04
      1800      9  0.3733909E-06  0.1000000E+01  0.2237544E-04
      1800     10  0.5125416E-06  0.1000000E+01  0.3056128E-04
      1800     11 -0.1939579E-06  0.1000000E+01 -0.1056864E-03
      1800     12 -0.1515706E-06  0.1000000E+01 -0.8192748E-04
      1800     13 -0.1105883E-06  0.1000000E+01 -0.5585863E-04
      1800     14 -0.6298676E-07  0.1000000E+01 -0.2830088E-04
      1800     15  0.3060797E-16  0.1000000E+01 -0.5303350E-16
      1800     16  0.8757959E-07  0.1000000E+01  0.2833215E-04
      1800     17  0.2091538E-06  0.1000000E+01  0.5597049E-04
      1800     18  0.3740938E-06  0.1000000E+01  0.8212878E-04
      1800     19  0.5914981E-06  0.1000000E+01  0.1059161E-03
      1800     20 -0.1241021E-05  0.1000000E+01  0.3172873E-05
      1800     21 -0.9319868E-06  0.1000000E+01  0.2383337E-05
      1800     22 -0.6221706E-06  0.1000000E+01  0.1589776E-05
      1800     23 -0.3115238E-06  0.1000000E+01  0.7945766E-06
      1800     24  0.3060797E-16  0.1000000E+01 -0.5303350E-16
      1800     25  0.3124446E-06  0.1000000E+01 -0.7918331E-06
      1800     26  0.6258515E-06  0.1000000E+01 -0.1578952E-05
      1800     27  0.9402602E-06  0.1000000E+01 -0.2359544E-05
      1800     28  0.1255708E-05  0.1000000E+01 -0.3131969E-05

      1900      0  0.0000000E+00  0.0000000E+00  0.0000000E+00
      1900      1 -0.6058438E-16  0.1000000E+01  0.8884411E-17
      1900      2 -0.2547101E-06  0.1000000E+01 -0.3286633E-04
      1900      3 -0.1980384E-06  0.1000000E+01 -0.2499608E-04
      1900      4 -0.1362567E-06  0.1000000E+01 -0.1682432E-04
      1900      5 -0.7002410E-07  0.1000000E+01 -0.8458006E-05
      1900      6 -0.6058438E-16  0.1000000E+01  0.8884411E-17
      1900      7  0.7314920E-07  0.1000000E+01  0.8448960E-05
      1900      8  0.1487441E-06  0.1000000E+01  0.1678822E-04
      1900      9  0.2260870E-06  0.1000000E+01  0.2491519E-04
      1900     10  0.3044577E-06  0.1000000E+01  0.3272331E-04
      1900     11 -0.2468824E-05  0.1000000E+01  0.1390718E-03
      1900     12 -0.1912834E-05  0.1000000E+01  0.1032579E-03
      1900     13 -0.1308913E-05  0.1000000E+01  0.6827464E-04
      1900     14 -0.6678002E-06  0.1000000E+01  0.3396464E-04
      1900     15 -0.6058438E-16  0.1000000E+01  0.8884411E-17
      1900     16  0.6840023E-06  0.1000000E+01 -0.3402702E-04
      1900     17  0.1373522E-05  0.1000000E+01 -0.6851301E-04
      1900     18  0.2057503E-05  0.1000000E+01 -0.1037518E-03
      1900     19  0.2724436E-05  0.1000000E+01 -0.1398422E-03
      1900     20 -0.9283556E-05  0.1000000E+01 -0.1004861E-04
      1900     21 -0.6960519E-05  0.1000000E+01 -0.7423464E-05
      1900     22 -0.4638974E-05  0.1000000E+01 -0.4873642E-05
      1900     23 -0.2318829E-05  0.1000000E+01 -0.2400066E-05
      1900     24 -0.6058438E-16  0.1000000E+01  0.8884411E-17
      1900     25  0.2317595E-05  0.1000000E+01  0.2332992E-05
      1900     26  0.4634047E-05  0.1000000E+01  0.4608981E-05
      1900     27  0.6949461E-05  0.1000000E+01  0.6841491E-05
      1900     28  0.9263970E-05  0.1000000E+01  0.9047193E-05

      2000      0  0.0000000E+00  0.0000000E+00  0.0000000E+00
      2000      1  0.4454601E-16  0.1000000E+01  0.4201252E-16
      2000      2  0.8567245E-06  0.1000000E+01  0.5637745E-04
      2000      3  0.6398902E-06  0.1000000E+01  0.4216386E-04
      2000      4  0.4247087E-06  0.1000000E+01  0.2805170E-04
      2000      5  0.2113613E-06  0.1000000E+01  0.1400912E-04
      2000      6  0.4454601E-16  0.1000000E+01  0.4201252E-16
      2000      7 -0.2092435E-06  0.1000000E+01 -0.1401372E-04
      2000      8 -0.4162487E-06  0.1000000E+01 -0.2806966E-04
      2000      9 -0.6208986E-06  0.1000000E+01 -0.4220264E-04
      2000     10 -0.8230722E-06  0.1000000E+01 -0.5644228E-04
      2000     11  0.3826468E-05  0.1000000E+01 -0.5130812E-04
      2000     12  0.2867706E-05  0.1000000E+01 -0.3304942E-04
      2000     13  0.1905875E-05  0.1000000E+01 -0.1937747E-04
      2000     14  0.9481076E-06  0.1000000E+01 -0.8871526E-05
      2000     15  0.4454601E-16  0.1000000E+01  0.4201252E-16
      2000     16 -0.9336127E-06  0.1000000E+01  0.8821286E-05
      2000     17 -0.1847922E-05  0.1000000E+01  0.1918132E-04
      2000     18 -0.2737484E-05  0.1000000E+01  0.3262644E-04
      2000     19 -0.3595667E-05  0.1000000E+01  0.5060309E-04
      2000     20 -0.1075524E-04  0.1000000E+01  0.7423406E-05
      2000     21 -0.8067122E-05  0.1000000E+01  0.5534198E-05
      2000     22 -0.5378925E-05  0.1000000E+01  0.3632588E-05
      2000     23 -0.2690105E-05  0.1000000E+01  0.1772494E-05
      2000     24  0.4454601E-16  0.1000000E+01  0.4201252E-16
      2000     25  0.2692143E-05  0.1000000E+01 -0.1652185E-05
      2000     26  0.5387132E-05  0.1000000E+01 -0.3168992E-05
      2000     27  0.8085781E-05  0.1000000E+01 -0.4555506E-05
      2000     28  0.1078886E-04  0.1000000E+01 -0.5837411E-05
