# number of rays:      29
# iteration   ray    X              A              Y              B              T              D
         0      0  0.0000000E+00  0.0000000E+00  0.0000000E+00  0.0000000E+00  0.0000000E+00  0.0000000E+00
         0      1  0.0000000E+00  0.0000000E+00  0.0000000E+00  0.0000000E+00  0.0000000E+00  0.0000000E+00
         0      2 -0.1000000E-02  0.0000000E+00  0.0000000E+00  0.0000000E+00  0.0000000E+00  0.0000000E+00
         0      3 -0.7500000E-03  0.0000000E+00  0.0000000E+00  0.0000000E+00  0.0000000E+00  0.0000000E+00
         0      4 -0.5000000E-03  0.0000000E+00  0.0000000E+00  0.0000000E+00  0.0000000E+00  0.0000000E+00
         0      5 -0.2500000E-03  0.0000000E+00  0.0000000E+00  0.0000000E+00  0.0000000E+00  0.0000000E+00
         0      6  0.0000000E+00  0.0000000E+00  0.0000000E+00  0.0000000E+00  0.0000000E+00  0.0000000E+00
         0      7  0.2500000E-03  0.0000000E+00  0.0000000E+00  0.0000000E+00  0.0000000E+00  0.0000000E+00
         0      8  0.5000000E-03  0.0000000E+00  0.0000000E+00  0.0000000E+00  0.0000000E+00  0.0000000E+00
         0      9  0.7500000E-03  0.0000000E+00  0.0000000E+00  0.0000000E+00  0.0000000E+00  0.0000000E+00
         0     10  0.1000000E-02  0.0000000E+00  0.0000000E+00  0.0000000E+00  0.0000000E+00  0.0000000E+00
         0     11  0.0000000E+00  0.0000000E+00 -0.1000000E-02  0.0000000E+00  0.0000000E+00  0.0000000E+00
         0     12  0.0000000E+00  0.0000000E+00 -0.7500000E-03  0.0000000E+00  0.0000000E+00  0.0000000E+00
         0     13  0.0000000E+00  0.0000000E+00 -0.5000000E-03  0.0000000E+00  0.0000000E+00  0.0000000E+00
         0     14  0.0000000E+00  0.0000000E+00 -0.2500000E-03  0.0000000E+00  0.0000000E+00  0.0000000E+00
         0     15  0.0000000E+00  0.0000000E+00  0.0000000E+00  0.0000000E+00  0.0000000E+00  0.0000000E+00
         0     16  0.0000000E+00  0.0000000E+00  0.2500000E-03  0.0000000E+00  0.0000000E+00  0.0000000E+00
         0     17  0.0000000E+00  0.0000000E+00  0.5000000E-03  0.0000000E+00  0.0000000E+00  0.0000000E+00
         0     18  0.0000000E+00  0.0000000E+00  0.7500000E-03  0.0000000E+00  0.0000000E+00  0.0000000E+00
         0     19  0.0000000E+00  0.0000000E+00  0.1000000E-02  0.0000000E+00  0.0000000E+00  0.0000000E+00
         0     20  0.0000000E+00  0.0000000E+00  0.0000000E+00  0.0000000E+00  0.0000000E+00 -0.1000000E-03
         0     21  0.0000000E+00  0.0000000E+00  0.0000000E+00  0.0000000E+00  0.0000000E+00 -0.7500000E-04
         0     22  0.0000000E+00  0.0000000E+00  0.0000000E+00  0.0000000E+00  0.0000000E+00 -0.5000000E-04
         0     23  0.0000000E+00  0.0000000E+00  0.0000000E+00  0.0000000E+00  0.0000000E+00 -0.2500000E-04
         0     24  0.0000000E+00  0.0000000E+00  0.0000000E+00  0.0000000E+00  0.0000000E+00  0.0000000E+00
         0     25  0.0000000E+00  0.0000000E+00  0.0000000E+00  0.0000000E+00  0.0000000E+00  0.2500000E-04
         0     26  0.0000000E+00  0.0000000E+00  0.0000000E+00  0.0000000E+00  0.0000000E+00  0.5000000E-04
         0     27  0.0000000E+00  0.0000000E+00  0.0000000E+00  0.0000000E+00  0.0000000E+00  0.7500000E-04
         0     28  0.0000000E+00  0.0000000E+00  0.0000000E+00  0.0000000E+00  0.0000000E+00  0.1000000E-03

        10      0  0.0000000E+00  0.0000000E+00  0.0000000E+00  0.0000000E+00  0.0000000E+00  0.0000000E+00
        10      1  0.0000000E+00  0.0000000E+00  0.0000000E+00  0.0000000E+00  0.0000000E+00  0.0000000E+00
        10      2  0.3836209E-03 -0.2557416E-04  0.2465195E-03  0.7284417E-04  0.1550471E-04 -0.1636418E-09
        10      3  0.2875422E-03 -0.1915886E-04  0.1848247E-03  0.5464253E-04  0.7849747E-05 -0.9429807E-10
        10      4  0.1915817E-03 -0.1275794E-04  0.1231716E-03  0.3643464E-04  0.2714181E-05 -0.4391135E-10
        10      5  0.9573557E-04 -0.6371584E-05  0.6156257E-04  0.1822047E-04  0.9772036E-07 -0.1247953E-10
        10      6  0.0000000E+00  0.0000000E+00  0.0000000E+00  0.0000000E+00  0.0000000E+00  0.0000000E+00
        10      7 -0.9562888E-04  0.6356612E-05 -0.6151372E-04 -0.1822680E-04  0.2420588E-05 -0.6469559E-11
        10      8 -0.1911549E-03  0.1269805E-04 -0.1229762E-03 -0.3645996E-04  0.7358985E-05 -0.3188447E-10
        10      9 -0.2865820E-03  0.1902410E-04 -0.1843849E-03 -0.5469952E-04  0.1481462E-04 -0.7624044E-10
        10     10 -0.3819141E-03  0.2533457E-04 -0.2457375E-03 -0.7294550E-04  0.2478686E-04 -0.1395326E-09
        10     11  0.1182529E-02  0.7259764E-04  0.4810763E-03 -0.9342747E-04  0.5708468E-04 -0.2690613E-09
        10     12  0.8865766E-03  0.5450284E-04  0.3603894E-03 -0.7010283E-04  0.3051610E-04 -0.1258449E-09
        10     13  0.5908125E-03  0.3637190E-04  0.2399826E-03 -0.4675768E-04  0.1213542E-04 -0.3322157E-10
        10     14  0.2952743E-03  0.1820441E-04  0.1198536E-03 -0.2339057E-04  0.1958108E-05  0.8747954E-11
        10     15  0.0000000E+00  0.0000000E+00  0.0000000E+00  0.0000000E+00  0.0000000E+00  0.0000000E+00
        10     16 -0.2949718E-03 -0.1824170E-04 -0.1195807E-03  0.2341555E-04  0.6277306E-05 -0.5953219E-10
        10     17 -0.5896022E-03 -0.3652106E-04 -0.2388912E-03  0.4685764E-04  0.2080660E-04 -0.1699184E-09
        10     18 -0.8838517E-03 -0.5483840E-04 -0.3579343E-03  0.7032785E-04  0.4360481E-04 -0.3312315E-09
        10     19 -0.1177680E-02 -0.7319405E-04 -0.4767130E-03  0.9382780E-04  0.7468921E-04 -0.5435472E-09
        10     20  0.1029058E-04  0.1323562E-06  0.5313764E-05 -0.1700362E-05 -0.1782274E-01 -0.9987593E-04
        10     21  0.7557571E-05  0.1063966E-06  0.3883617E-05 -0.1279065E-05 -0.1336892E-01 -0.7490693E-04
        10     22  0.4934239E-05  0.7567928E-07  0.2521169E-05 -0.8548159E-06 -0.8913855E-02 -0.4993795E-04
        10     23  0.2416435E-05  0.4020828E-07  0.1226599E-05 -0.4282493E-06 -0.4457547E-02 -0.2496897E-04
        10     24  0.0000000E+00  0.0000000E+00  0.0000000E+00  0.0000000E+00  0.0000000E+00  0.0000000E+00
        10     25 -0.2319225E-05 -0.4491667E-07 -0.1158619E-05  0.4292964E-06  0.4458782E-02  0.2496896E-04
        10     26 -0.4545388E-05 -0.9450049E-07 -0.2249335E-05  0.8590049E-06  0.8918795E-02  0.4993791E-04
        10     27 -0.6682616E-05 -0.1486980E-06 -0.3272310E-05  0.1288491E-05  0.1338004E-01  0.7490685E-04
        10     28 -0.8735002E-05 -0.2074435E-06 -0.4227789E-05  0.1717123E-05  0.1784250E-01  0.9987579E-04

        20      0  0.0000000E+00  0.0000000E+00  0.0000000E+00  0.0000000E+00  0.0000000E+00  0.0000000E+00
        20      1  0.0000000E+00  0.0000000E+00  0.0000000E+00  0.0000000E+00  0.0000000E+00  0.0000000E+00
        20      2  0.1262754E-03 -0.1616804E-04 -0.4248223E-03 -0.1012735E-04  0.3697203E-04 -0.5639629E-09
        20      3  0.9460228E-04 -0.1211597E-04 -0.3186127E-03 -0.7632082E-05  0.2171067E-04 -0.3197781E-09
        20      4  0.6299746E-04 -0.8070355E-05 -0.2124054E-03 -0.5112989E-05  0.1046177E-04 -0.1443945E-09
        20      5  0.3146276E-04 -0.4031571E-05 -0.1062009E-03 -0.2569240E-05  0.3225020E-05 -0.3780494E-10
        20      6  0.0000000E+00  0.0000000E+00  0.0000000E+00  0.0000000E+00  0.0000000E+00  0.0000000E+00
        20      7 -0.3138899E-04  0.4023977E-05  0.1061968E-03  0.2595568E-05  0.7861684E-06 -0.3096851E-10
        20      8 -0.6270238E-04  0.8039978E-05  0.2123889E-03  0.5218306E-05  0.5582865E-05 -0.1306973E-09
        20      9 -0.9393830E-04  0.1204762E-04  0.3185756E-03  0.7869057E-05  0.1438931E-04 -0.2991714E-09
        20     10 -0.1250949E-03  0.1604652E-04  0.4247562E-03  0.1054867E-04  0.2720461E-04 -0.5363738E-09
        20     11 -0.2036522E-02 -0.1099299E-04 -0.4021876E-04 -0.8122534E-04  0.1631475E-03 -0.1852336E-08
        20     12 -0.1527492E-02 -0.8111914E-05 -0.3021566E-04 -0.6093620E-04  0.9058671E-04 -0.9902454E-09
        20     13 -0.1018412E-02 -0.5322721E-05 -0.2015791E-04 -0.4063436E-04  0.3919278E-04 -0.3939259E-09
        20     14 -0.5092568E-03 -0.2620423E-05 -0.1007584E-04 -0.2032165E-04  0.8988967E-05 -0.6372392E-10
        20     15  0.0000000E+00  0.0000000E+00  0.0000000E+00  0.0000000E+00  0.0000000E+00  0.0000000E+00
        20     16  0.5093843E-03  0.2543594E-05  0.1003886E-04  0.2032858E-04  0.1225207E-04 -0.2031284E-09
        20     17  0.1018923E-02  0.5015429E-05  0.2000983E-04  0.4066201E-04  0.4577280E-04 -0.6734972E-09
        20     18  0.1528641E-02  0.7420589E-05  0.2988184E-04  0.6099806E-04  0.1005912E-03 -0.1411508E-08
        20     19  0.2038568E-02  0.9764169E-05  0.3962372E-04  0.8133445E-04  0.1767379E-03 -0.2417576E-08
        20     20 -0.1002893E-04  0.2953524E-06  0.2865587E-05 -0.1305139E-05 -0.3559638E-01 -0.9947648E-04
        20     21 -0.7507468E-05  0.2446189E-06  0.2165282E-05 -0.9812908E-06 -0.2670101E-01 -0.7460731E-04
        20     22 -0.4988549E-05  0.1782834E-06  0.1453405E-05 -0.6562383E-06 -0.1780315E-01 -0.4973817E-04
        20     23 -0.2482642E-05  0.9663974E-07  0.7311659E-06 -0.3293416E-06 -0.8902810E-02 -0.2486907E-04
        20     24  0.0000000E+00  0.0000000E+00  0.0000000E+00  0.0000000E+00  0.0000000E+00  0.0000000E+00
        20     25  0.2449340E-05 -0.1113051E-06 -0.7384492E-06  0.3323441E-06  0.8905273E-02  0.2486903E-04
        20     26  0.4855562E-05 -0.2369262E-06 -0.1482340E-05  0.6682023E-06  0.1781300E-01  0.4973802E-04
        20     27  0.7209072E-05 -0.3764951E-06 -0.2229649E-05  0.1008037E-05  0.2672318E-01  0.7460698E-04
        20     28  0.9500505E-05 -0.5296243E-06 -0.2978181E-05  0.1352259E-05  0.3563579E-01  0.9947590E-04

        30      0  0.0000000E+00  0.0000000E+00  0.0000000E+00  0.0000000E+00  0.0000000E+00  0.0000000E+00
        30      1  0.0000000E+00  0.0000000E+00  0.0000000E+00  0.0000000E+00  0.0000000E+00  0.0000000E+00
        30      2  0.5223267E-03  0.4287669E-04  0.1012340E-03 -0.2508914E-04  0.5056545E-04 -0.1178429E-08
        30      3  0.3912400E-03  0.3217158E-04  0.7593917E-04 -0.1880898E-04  0.2865842E-04 -0.6674670E-09
        30      4  0.2604799E-03  0.2145715E-04  0.5063762E-04 -0.1253418E-04  0.1292840E-04 -0.3007505E-09
        30      5  0.1300615E-03  0.1073332E-04  0.2532576E-04 -0.6264576E-05  0.3375609E-05 -0.7826716E-10
        30      6  0.0000000E+00  0.0000000E+00  0.0000000E+00  0.0000000E+00  0.0000000E+00  0.0000000E+00
        30      7 -0.1296892E-03 -0.1074287E-04 -0.2534326E-04  0.6259700E-05  0.2801227E-05 -0.6592709E-10
        30      8 -0.2589909E-03 -0.2149537E-04 -0.5070760E-04  0.1251467E-04  0.1177866E-04 -0.2760218E-09
        30      9 -0.3878897E-03 -0.3225757E-04 -0.7609658E-04  0.1876507E-04  0.2693140E-04 -0.6302526E-09
        30     10 -0.5163702E-03 -0.4302952E-04 -0.1015138E-03  0.2501101E-04  0.4825824E-04 -0.1128583E-08
        30     11  0.4998208E-03 -0.2536581E-04  0.5577880E-03  0.1963063E-03  0.2256054E-03 -0.4958380E-08
        30     12  0.3722171E-03 -0.1896572E-04  0.4186676E-03  0.1471976E-03  0.1227722E-03 -0.2713935E-08
        30     13  0.2464038E-03 -0.1260440E-04  0.2792963E-03  0.9811638E-04  0.5087908E-04 -0.1138920E-08
        30     14  0.1223442E-03 -0.6282355E-05  0.1397238E-03  0.4905360E-04  0.9947087E-05 -0.2340275E-09
        30     15  0.0000000E+00  0.0000000E+00  0.0000000E+00  0.0000000E+00  0.0000000E+00  0.0000000E+00
        30     16 -0.1206682E-03  0.6242285E-05 -0.1398247E-03 -0.4905369E-04  0.2106433E-04 -0.4376225E-09
        30     17 -0.2397010E-03  0.1244417E-04 -0.2796996E-03 -0.9811680E-04  0.7316937E-04 -0.1547726E-08
        30     18 -0.3571405E-03  0.1860540E-04 -0.4195736E-03 -0.1471987E-03  0.1563472E-03 -0.3331184E-08
        30     19 -0.4730301E-03  0.2472573E-04 -0.5593956E-03 -0.1963087E-03  0.2706327E-03 -0.5788920E-08
        30     20  0.2291619E-05 -0.1539416E-06  0.9131968E-05 -0.3353337E-06 -0.5327203E-01 -0.9880278E-04
        30     21  0.1272480E-05 -0.1138641E-06  0.6904260E-05 -0.2912882E-06 -0.3995957E-01 -0.7410196E-04
        30     22  0.5449908E-06 -0.7399967E-07  0.4634756E-05 -0.2212160E-06 -0.2664340E-01 -0.4940122E-04
        30     23  0.1184713E-06 -0.3561290E-07  0.2330848E-05 -0.1243474E-06 -0.1332354E-01 -0.2470057E-04
        30     24  0.0000000E+00  0.0000000E+00  0.0000000E+00  0.0000000E+00  0.0000000E+00  0.0000000E+00
        30     25  0.1943766E-06  0.3152033E-07 -0.2350264E-05  0.1524194E-06  0.1332721E-01  0.2470049E-04
        30     26  0.7040960E-06  0.5761599E-07 -0.4712372E-05  0.3334129E-06  0.2665808E-01  0.4940089E-04
        30     27  0.1529333E-05  0.7695074E-07 -0.7078718E-05  0.5433893E-06  0.3999259E-01  0.7410121E-04
        30     28  0.2667941E-05  0.8819338E-07 -0.9441675E-05  0.7826618E-06  0.5333074E-01  0.9880145E-04

        40      0  0.0000000E+00  0.0000000E+00  0.0000000E+00  0.0000000E+00  0.0000000E+00  0.0000000E+00
        40      1  0.0000000E+00  0.0000000E+00  0.0000000E+00  0.0000000E+00  0.0000000E+00  0.0000000E+00
        40      2 -0.7651615E-03 -0.4739025E-05  0.7218352E-04 -0.6668940E-04  0.7322602E-04 -0.2106393E-08
        40      3 -0.5738180E-03 -0.3553408E-05  0.5416738E-04 -0.4999910E-04  0.4160617E-04 -0.1190853E-08
        40      4 -0.3825123E-03 -0.2369050E-05  0.3613444E-04 -0.3331976E-04  0.1886220E-04 -0.5346198E-09
        40      5 -0.1912408E-03 -0.1184924E-05  0.1808015E-04 -0.1665289E-04  0.4993721E-05 -0.1376776E-09
        40      6  0.0000000E+00  0.0000000E+00  0.0000000E+00  0.0000000E+00  0.0000000E+00  0.0000000E+00
        40      7  0.1912136E-03  0.1186750E-05 -0.1811054E-04  0.1663742E-04  0.3879999E-05 -0.1215512E-09
        40      8  0.3824032E-03  0.2376355E-05 -0.3625599E-04  0.3325784E-04  0.1663235E-04 -0.5022855E-09
        40      9  0.5735722E-03  0.3569844E-05 -0.5444087E-04  0.4985978E-04  0.3825539E-04 -0.1142148E-08
        40     10  0.7647238E-03  0.4768246E-05 -0.7266970E-04  0.6644172E-04  0.6874709E-04 -0.2041072E-08
        40     11  0.3529912E-03 -0.6655276E-04 -0.7351175E-03 -0.4961225E-04  0.3032440E-03 -0.8997831E-08
        40     12  0.2635059E-03 -0.4992414E-04 -0.5516255E-03 -0.3702986E-04  0.1705758E-03 -0.4957511E-08
        40     13  0.1749058E-03 -0.3328739E-04 -0.3679410E-03 -0.2457520E-04  0.7579143E-04 -0.2110373E-08
        40     14  0.8710070E-04 -0.1664511E-04 -0.1840655E-03 -0.1223603E-04  0.1892164E-04 -0.4574845E-09
        40     15  0.0000000E+00  0.0000000E+00  0.0000000E+00  0.0000000E+00  0.0000000E+00  0.0000000E+00
        40     16 -0.8648699E-04  0.1664512E-04  0.1842550E-03  0.1214536E-04  0.1906306E-04 -0.7391645E-09
        40     17 -0.1724509E-03  0.3328734E-04  0.3686992E-03  0.2421262E-04  0.7615032E-04 -0.2676312E-08
        40     18 -0.2579823E-03  0.4992360E-04  0.5533329E-03  0.3621442E-04  0.1713042E-03 -0.5812867E-08
        40     19 -0.3431711E-03  0.6655074E-04  0.7381566E-03  0.4816351E-04  0.3045702E-03 -0.1015034E-07
        40     20 -0.1602739E-05 -0.3707891E-06 -0.2577349E-06 -0.6870731E-06 -0.7080069E-01 -0.9785666E-04
        40     21 -0.1554072E-05 -0.2708492E-06 -0.1436322E-06 -0.4538062E-06 -0.5310784E-01 -0.7339227E-04
        40     22 -0.1270998E-05 -0.1756784E-06 -0.5003674E-07 -0.2625275E-06 -0.3541010E-01 -0.4892803E-04
        40     23 -0.7534020E-06 -0.8535226E-07  0.3952923E-08 -0.1118681E-06 -0.1770748E-01 -0.2446394E-04
        40     24  0.0000000E+00  0.0000000E+00  0.0000000E+00  0.0000000E+00  0.0000000E+00  0.0000000E+00
        40     25  0.9915299E-06  0.8018574E-07 -0.7930926E-07  0.7534508E-07  0.1771233E-01  0.2446379E-04
        40     26  0.2224382E-05  0.1549397E-06 -0.2503130E-06  0.1168530E-06  0.3542950E-01  0.4892744E-04
        40     27  0.3702439E-05  0.2239161E-06 -0.5281308E-06  0.1276018E-06  0.5315148E-01  0.7339094E-04
        40     28  0.5430059E-05  0.2866826E-06 -0.9265310E-06  0.1110327E-06  0.7087827E-01  0.9785429E-04

        50      0  0.0000000E+00  0.0000000E+00  0.0000000E+00  0.0000000E+00  0.0000000E+00  0.0000000E+00
        50      1  0.0000000E+00  0.0000000E+00  0.0000000E+00  0.0000000E+00  0.0000000E+00  0.0000000E+00
        50      2 -0.9774674E-04 -0.6718815E-05  0.2045531E-03  0.1003384E-03  0.7847393E-04 -0.3320557E-08
        50      3 -0.7368245E-04 -0.5023052E-05  0.1533474E-03  0.7525131E-04  0.4308653E-04 -0.1876583E-08
        50      4 -0.4935987E-04 -0.3338255E-05  0.1021807E-03  0.5016665E-04  0.1821239E-04 -0.8418521E-09
        50      5 -0.2479403E-04 -0.1664034E-05  0.5106193E-04  0.2508326E-04  0.3850606E-05 -0.2163382E-09
        50      6  0.0000000E+00  0.0000000E+00  0.0000000E+00  0.0000000E+00  0.0000000E+00  0.0000000E+00
        50      7  0.2500713E-04  0.1654235E-05 -0.5099619E-04 -0.2508429E-04  0.6659115E-05 -0.1927821E-09
        50      8  0.5021226E-04  0.3299059E-05 -0.1019177E-03 -0.5017076E-04  0.2382621E-04 -0.7946147E-09
        50      9  0.7560025E-04  0.4934858E-05 -0.1527555E-03 -0.7526056E-04  0.5149926E-04 -0.1805414E-08
        50     10  0.1011559E-03  0.6562016E-05 -0.2035007E-03 -0.1003548E-03  0.8967595E-04 -0.3225081E-08
        50     11  0.9819975E-03  0.1002963E-03 -0.1751495E-04  0.7495127E-05  0.3903747E-03 -0.1417201E-07
        50     12  0.7362661E-03  0.7521952E-04 -0.1358246E-04  0.5609375E-05  0.2181659E-03 -0.7844216E-08
        50     13  0.4905385E-03  0.5014873E-04 -0.9350981E-05  0.3726326E-05  0.9566688E-04 -0.3371824E-08
        50     14  0.2450405E-03  0.2507766E-04 -0.4822543E-05  0.1853843E-05  0.2292741E-04 -0.7564904E-09
        50     15  0.0000000E+00  0.0000000E+00  0.0000000E+00  0.0000000E+00  0.0000000E+00  0.0000000E+00
        50     16 -0.2443536E-03 -0.2509055E-04  0.5112893E-05 -0.1826922E-05  0.2693991E-04 -0.1104270E-08
        50     17 -0.4877890E-03 -0.5020027E-04  0.1051139E-04 -0.3618435E-05  0.1038051E-03 -0.4071350E-08
        50     18 -0.7300736E-03 -0.7533542E-04  0.1618969E-04 -0.5365844E-05  0.2306562E-03 -0.8903421E-08
        50     19 -0.9709729E-03 -0.1005022E-03  0.2214083E-04 -0.7060252E-05  0.4075566E-03 -0.1560280E-07
        50     20  0.9681162E-05  0.4271837E-06  0.4330703E-05 -0.8139807E-06 -0.8813440E-01 -0.9664074E-04
        50     21  0.7574631E-05  0.2964524E-06  0.3217701E-05 -0.6171395E-06 -0.6610983E-01 -0.7248020E-04
        50     22  0.5226444E-05  0.1804361E-06  0.2120388E-05 -0.4143362E-06 -0.4407923E-01 -0.4831990E-04
        50     23  0.2684520E-05  0.8105976E-07  0.1045960E-05 -0.2078117E-06 -0.2204262E-01 -0.2415983E-04
        50     24  0.0000000E+00  0.0000000E+00  0.0000000E+00  0.0000000E+00  0.0000000E+00  0.0000000E+00
        50     25 -0.2773173E-05 -0.6133107E-07 -0.1013626E-05  0.2065379E-06  0.2204860E-01  0.2415960E-04
        50     26 -0.5578697E-05 -0.1018009E-06 -0.1992844E-05  0.4091818E-06  0.4410315E-01  0.4831898E-04
        50     27 -0.8358376E-05 -0.1205699E-06 -0.2937407E-05  0.6053215E-06  0.6616365E-01  0.7247812E-04
        50     28 -0.1105260E-04 -0.1171040E-06 -0.3848897E-05  0.7924259E-06  0.8823008E-01  0.9663705E-04

        60      0  0.0000000E+00  0.0000000E+00  0.0000000E+00  0.0000000E+00  0.0000000E+00  0.0000000E+00
        60      1  0.0000000E+00  0.0000000E+00  0.0000000E+00  0.0000000E+00  0.0000000E+00  0.0000000E+00
        60      2  0.3620037E-03 -0.3940273E-04 -0.2201037E-03 -0.1439405E-04  0.1012053E-03 -0.4707635E-08
        60      3  0.2714119E-03 -0.2954341E-04 -0.1650751E-03 -0.1080188E-04  0.5752367E-04 -0.2657040E-08
        60      4  0.1808904E-03 -0.1968914E-04 -0.1100508E-03 -0.7206892E-05  0.2609598E-04 -0.1188932E-08
        60      5  0.9042461E-04 -0.9840980E-05 -0.5502703E-04 -0.3606971E-05  0.6921760E-05 -0.3032709E-09
        60      6  0.0000000E+00  0.0000000E+00  0.0000000E+00  0.0000000E+00  0.0000000E+00  0.0000000E+00
        60      7 -0.9039801E-04  0.9832734E-05  0.5503403E-04  0.3616144E-05  0.5329193E-05 -0.2790409E-09
        60      8 -0.1807840E-03  0.1965615E-04  0.1100788E-03  0.7243588E-05  0.2290734E-04 -0.1140296E-08
        60      9 -0.2711724E-03  0.2946916E-04  0.1651379E-03  0.1088446E-04  0.5273194E-04 -0.2583646E-08
        60     10 -0.3615778E-03  0.3927069E-04  0.2202150E-03  0.1454090E-04  0.9480000E-04 -0.4608955E-08
        60     11 -0.1054884E-02 -0.1496238E-04  0.2772045E-03 -0.1942931E-03  0.4832394E-03 -0.2087015E-07
        60     12 -0.7913039E-03 -0.1111154E-04  0.2074361E-03 -0.1457503E-03  0.2711966E-03 -0.1158682E-07
        60     13 -0.5276319E-03 -0.7339836E-05  0.1380542E-03 -0.9717850E-04  0.1199446E-03 -0.5012395E-08
        60     14 -0.2638656E-03 -0.3638837E-05  0.6894656E-04 -0.4859064E-04  0.2952892E-04 -0.1149268E-08
        60     15  0.0000000E+00  0.0000000E+00  0.0000000E+00  0.0000000E+00  0.0000000E+00  0.0000000E+00
        60     16  0.2639717E-03  0.3585328E-05 -0.6889911E-04  0.4858009E-04  0.3141323E-04 -0.1567345E-08
        60     17  0.5280582E-03  0.7125902E-05 -0.1378648E-03  0.9713612E-04  0.1238290E-03 -0.5854248E-08
        60     18  0.7922701E-03  0.1063058E-04 -0.2070112E-03  0.1456544E-03  0.2773127E-03 -0.1286384E-07
        60     19  0.1056620E-02  0.1410832E-04 -0.2764526E-03  0.1941211E-03  0.4919347E-03 -0.2259944E-07
        60     20 -0.6173242E-05  0.2813928E-07  0.3915327E-05 -0.2038658E-05 -0.1052251E+00 -0.9515837E-04
        60     21 -0.4768480E-05  0.6109606E-07  0.2622660E-05 -0.1529162E-05 -0.7892952E-01 -0.7136827E-04
        60     22 -0.3218387E-05  0.6697067E-07  0.1541597E-05 -0.1015371E-05 -0.5262679E-01 -0.4757851E-04
        60     23 -0.1602936E-05  0.4623635E-07  0.6692198E-06 -0.5035593E-06 -0.2631694E-01 -0.2378909E-04
        60     24  0.0000000E+00  0.0000000E+00  0.0000000E+00  0.0000000E+00  0.0000000E+00  0.0000000E+00
        60     25  0.1516323E-05 -0.7002339E-07 -0.4741446E-06  0.4890968E-06  0.2632401E-01  0.2378876E-04
        60     26  0.2877318E-05 -0.1615473E-06 -0.7637912E-06  0.9576405E-06  0.5265506E-01  0.4757718E-04
        60     27  0.4021154E-05 -0.2717609E-06 -0.8819377E-06  0.1399721E-05  0.7899313E-01  0.7136529E-04
        60     28  0.4894263E-05 -0.3973857E-06 -0.8439135E-06  0.1809672E-05  0.1053382E+00  0.9515308E-04

        70      0  0.0000000E+00  0.0000000E+00  0.0000000E+00  0.0000000E+00  0.0000000E+00  0.0000000E+00
        70      1  0.0000000E+00  0.0000000E+00  0.0000000E+00  0.0000000E+00  0.0000000E+00  0.0000000E+00
        70      2  0.3413586E-03  0.4404051E-04 -0.1695987E-03  0.6261867E-05  0.1214847E-03 -0.6378700E-08
        70      3  0.2555059E-03  0.3303617E-04 -0.1271859E-03  0.4676037E-05  0.6874537E-04 -0.3598710E-08
        70      4  0.1699739E-03  0.2202866E-04 -0.8477776E-04  0.3102180E-05  0.3091841E-04 -0.1608965E-08
        70      5  0.8479460E-04  0.1101695E-04 -0.4238044E-04  0.1542700E-05  0.8003587E-05 -0.4094196E-09
        70      6  0.0000000E+00  0.0000000E+00  0.0000000E+00  0.0000000E+00  0.0000000E+00  0.0000000E+00
        70      7 -0.8437776E-04 -0.1102322E-04  0.4235745E-04 -0.1523515E-05  0.6906124E-05 -0.3806032E-09
        70      8 -0.1683064E-03 -0.2205372E-04  0.8468578E-04 -0.3025446E-05  0.2871981E-04 -0.1551097E-08
        70      9 -0.2517536E-03 -0.3309253E-04  0.1269789E-03 -0.4503395E-05  0.6543828E-04 -0.3511321E-08
        70     10 -0.3346868E-03 -0.4414065E-04  0.1692306E-03 -0.5954973E-05  0.1170581E-03 -0.6261085E-08
        70     11 -0.8013787E-03  0.5757104E-05  0.2683599E-03  0.2144977E-03  0.5173740E-03 -0.2864686E-07
        70     12 -0.6031879E-03  0.4400890E-05  0.2021563E-03  0.1607199E-03  0.2872723E-03 -0.1594003E-07
        70     13 -0.4035562E-03  0.2983989E-05  0.1352876E-03  0.1070541E-03  0.1243100E-03 -0.6927854E-08
        70     14 -0.2024904E-03  0.1514333E-05  0.6786511E-04  0.5348561E-04  0.2853473E-04 -0.1613400E-08
        70     15  0.0000000E+00  0.0000000E+00  0.0000000E+00  0.0000000E+00  0.0000000E+00  0.0000000E+00
        70     16  0.2039022E-03 -0.1550787E-05 -0.6819694E-04 -0.5341755E-04  0.3876482E-04 -0.2091262E-08
        70     17  0.4092003E-03 -0.3129677E-05 -0.1366152E-03 -0.1067820E-03  0.1448939E-03 -0.7891070E-08
        70     18  0.6158743E-03 -0.4728198E-05 -0.2051447E-03 -0.1601084E-03  0.3184577E-03 -0.1740358E-07
        70     19  0.8239007E-03 -0.6337773E-05 -0.2736756E-03 -0.2134119E-03  0.5595325E-03 -0.3063323E-07
        70     20 -0.3236543E-05  0.1349683E-06  0.6765593E-05  0.1976427E-06 -0.1220261E+00 -0.9341365E-04
        70     21 -0.2431079E-05  0.1181083E-06  0.5433449E-05  0.7701489E-07 -0.9153179E-01 -0.7005954E-04
        70     22 -0.1622063E-05  0.9038093E-07  0.3836847E-05 -0.2747701E-08 -0.6102933E-01 -0.4670590E-04
        70     23 -0.8101649E-06  0.5121674E-07  0.2011772E-05 -0.3133509E-07 -0.3051873E-01 -0.2335272E-04
        70     24  0.0000000E+00  0.0000000E+00  0.0000000E+00  0.0000000E+00  0.0000000E+00  0.0000000E+00
        70     25  0.7993501E-06 -0.6386304E-07 -0.2151934E-05  0.9824980E-07  0.3052682E-01  0.2335228E-04
        70     26  0.1574070E-05 -0.1408728E-06 -0.4393851E-05  0.2684955E-06  0.6106172E-01  0.4670411E-04
        70     27  0.2305610E-05 -0.2313645E-06 -0.6673115E-05  0.5137901E-06  0.9160466E-01  0.7005551E-04
        70     28  0.2970960E-05 -0.3354374E-06 -0.8935860E-05  0.8350830E-06  0.1221556E+00  0.9340649E-04

        80      0  0.0000000E+00  0.0000000E+00  0.0000000E+00  0.0000000E+00  0.0000000E+00  0.0000000E+00
        80      1  0.0000000E+00  0.0000000E+00  0.0000000E+00  0.0000000E+00  0.0000000E+00  0.0000000E+00
        80      2 -0.2242691E-03  0.2334655E-05  0.2167953E-03 -0.9526124E-04  0.1364674E-03 -0.8347509E-08
        80      3 -0.1681331E-03  0.1751921E-05  0.1626860E-03 -0.7142950E-04  0.7720958E-04 -0.4707457E-08
        80      4 -0.1120545E-03  0.1167718E-05  0.1085264E-03 -0.4760679E-04  0.3471315E-04 -0.2102900E-08
        80      5 -0.5601596E-04  0.5833184E-06  0.5430236E-04 -0.2379600E-04  0.8977104E-05 -0.5337795E-09
        80      6  0.0000000E+00  0.0000000E+00  0.0000000E+00  0.0000000E+00  0.0000000E+00  0.0000000E+00
        80      7  0.5601065E-04 -0.5809582E-06 -0.5439469E-04  0.2377830E-04  0.7779937E-05 -0.5014278E-09
        80      8  0.1120331E-03 -0.1158274E-05 -0.1088957E-03  0.4753599E-04  0.3231454E-04 -0.2037892E-08
        80      9  0.1680845E-03 -0.1730664E-05 -0.1635169E-03  0.7127016E-04  0.7360098E-04 -0.4609185E-08
        80     10  0.2241817E-03 -0.2296840E-05 -0.2182722E-03  0.9497788E-04  0.1316359E-03 -0.8215060E-08
        80     11  0.1053531E-02 -0.9501657E-04 -0.1387053E-03 -0.2680411E-04  0.6107987E-03 -0.3730695E-07
        80     12  0.7876536E-03 -0.7130211E-04 -0.1040907E-03 -0.1993947E-04  0.3425881E-03 -0.2078592E-07
        80     13  0.5236316E-03 -0.4755494E-04 -0.6944228E-04 -0.1318939E-04  0.1513397E-03 -0.9058407E-08
        80     14  0.2611774E-03 -0.2378442E-04 -0.3474936E-04 -0.6545693E-05  0.3712001E-04 -0.2128341E-08
        80     15  0.0000000E+00  0.0000000E+00  0.0000000E+00  0.0000000E+00  0.0000000E+00  0.0000000E+00
        80     16 -0.2601939E-03  0.2378875E-04  0.3481924E-04  0.6456269E-05  0.4005552E-04 -0.2678014E-08
        80     17 -0.5196999E-03  0.4757210E-04  0.6972326E-04  0.1283192E-04  0.1573670E-03 -0.1016737E-07
        80     18 -0.7788147E-03  0.7134016E-04  0.1047285E-03  0.1913600E-04  0.3520196E-03 -0.2247340E-07
        80     19 -0.1037836E-02  0.9508284E-04  0.1398529E-03  0.2537782E-04  0.6241027E-03 -0.3960180E-07
        80     20  0.3660554E-05 -0.5689964E-06  0.2815120E-05 -0.9537771E-06 -0.1384905E+00 -0.9141137E-04
        80     21  0.1551329E-05 -0.4351985E-06  0.2027476E-05 -0.6693904E-06 -0.1038816E+00 -0.6855762E-04
        80     22  0.2237554E-06 -0.2913816E-06  0.1317500E-05 -0.4152571E-06 -0.6926350E-01 -0.4570448E-04
        80     23 -0.2956015E-06 -0.1440721E-06  0.6526816E-06 -0.1924049E-06 -0.3463629E-01 -0.2285195E-04
        80     24  0.0000000E+00  0.0000000E+00  0.0000000E+00  0.0000000E+00  0.0000000E+00  0.0000000E+00
        80     25  0.1097243E-05  0.1340426E-06 -0.6725928E-06  0.1645923E-06  0.3464536E-01  0.2285137E-04
        80     26  0.2962839E-05  0.2513480E-06 -0.1394753E-05  0.3056805E-06  0.6929976E-01  0.4570217E-04
        80     27  0.5543953E-05  0.3454418E-06 -0.2192433E-05  0.4290562E-06  0.1039632E+00  0.6855241E-04
        80     28  0.8768972E-05  0.4102341E-06 -0.3086727E-05  0.5417485E-06  0.1386356E+00  0.9140210E-04

        90      0  0.0000000E+00  0.0000000E+00  0.0000000E+00  0.0000000E+00  0.0000000E+00  0.0000000E+00
        90      1  0.0000000E+00  0.0000000E+00  0.0000000E+00  0.0000000E+00  0.0000000E+00  0.0000000E+00
        90      2 -0.6756448E-03  0.7545115E-06  0.7004974E-04  0.8014942E-04  0.1410659E-03 -0.1050357E-07
        90      3 -0.5069876E-03  0.5757360E-06  0.5254437E-04  0.6008550E-04  0.7862157E-04 -0.5922727E-08
        90      4 -0.3381502E-03  0.3891924E-06  0.3502638E-04  0.4004126E-04  0.3429648E-04 -0.2645242E-08
        90      5 -0.1691489E-03  0.1966801E-06  0.1750764E-04  0.2001374E-04  0.8089795E-05 -0.6710406E-09
        90      6  0.0000000E+00  0.0000000E+00  0.0000000E+00  0.0000000E+00  0.0000000E+00  0.0000000E+00
        90      7  0.1692803E-03 -0.1990464E-06 -0.1748466E-04 -0.2000289E-04  0.1002494E-04 -0.6319527E-09
        90      8  0.3386756E-03 -0.3986585E-06 -0.3493446E-04 -0.3999784E-04  0.3816182E-04 -0.2566686E-08
        90      9  0.5081695E-03 -0.5970373E-06 -0.5233754E-04 -0.5998775E-04  0.8440717E-04 -0.5803942E-08
        90     10  0.6777454E-03 -0.7923872E-06 -0.6968200E-04 -0.7997552E-04  0.1487569E-03 -0.1034342E-07
        90     11  0.3346496E-03  0.8018118E-04 -0.6499970E-03  0.3520986E-04  0.7072880E-03 -0.4740053E-07
        90     12  0.2516558E-03  0.6009429E-04 -0.4873826E-03  0.2643719E-04  0.3973697E-03 -0.2644116E-07
        90     13  0.1680052E-03  0.4004099E-04 -0.3248570E-03  0.1761944E-04  0.1761359E-03 -0.1155121E-07
        90     14  0.8401395E-04  0.2001255E-04 -0.1624018E-03  0.8794324E-05  0.4365459E-04 -0.2735686E-08
        90     15  0.0000000E+00  0.0000000E+00  0.0000000E+00  0.0000000E+00  0.0000000E+00  0.0000000E+00
        90     16 -0.8371685E-04 -0.2000582E-04  0.1623641E-03 -0.8724970E-05  0.4525293E-04 -0.3350012E-08
        90     17 -0.1668151E-03 -0.4001426E-04  0.3247043E-03 -0.1734164E-04  0.1795006E-03 -0.1279201E-07
        90     18 -0.2489714E-03 -0.6003484E-04  0.4870323E-03 -0.2581072E-04  0.4028366E-03 -0.2833271E-07
        90     19 -0.3298610E-03 -0.8007724E-04  0.6493576E-03 -0.3409259E-04  0.7153612E-03 -0.4997929E-07
        90     20  0.3269127E-05  0.4561242E-06  0.4224000E-06 -0.4676871E-06 -0.1545735E+00 -0.8915707E-04
        90     21  0.3329850E-05  0.3202205E-06  0.4930381E-06 -0.2735449E-06 -0.1159451E+00 -0.6686666E-04
        90     22  0.2744997E-05  0.1937885E-06  0.4684317E-06 -0.1336829E-06 -0.7730674E-01 -0.4457702E-04
        90     23  0.1597518E-05  0.8478822E-07  0.3143279E-06 -0.4423660E-07 -0.3865836E-01 -0.2228814E-04
        90     24  0.0000000E+00  0.0000000E+00  0.0000000E+00  0.0000000E+00  0.0000000E+00  0.0000000E+00
        90     25 -0.1910171E-05 -0.5524043E-07 -0.5012182E-06  0.5532718E-08  0.3866831E-01  0.2228741E-04
        90     26 -0.3976477E-05 -0.7725622E-07 -0.1211402E-05 -0.1989637E-07  0.7734655E-01  0.4457411E-04
        90     27 -0.6029600E-05 -0.6418620E-07 -0.2147516E-05 -0.6739820E-07  0.1160347E+00  0.6686012E-04
        90     28 -0.7894223E-05 -0.1607900E-07 -0.3320908E-05 -0.1270562E-06  0.1547327E+00  0.8914546E-04

       100      0  0.0000000E+00  0.0000000E+00  0.0000000E+00  0.0000000E+00  0.0000000E+00  0.0000000E+00
       100      1  0.0000000E+00  0.0000000E+00  0.0000000E+00  0.0000000E+00  0.0000000E+00  0.0000000E+00
       100      2  0.5820275E-03 -0.4227414E-04  0.4710803E-04  0.1618963E-04  0.1634989E-03 -0.1287408E-07
       100      3  0.4363903E-03 -0.3169298E-04  0.3536518E-04  0.1214772E-04  0.9187526E-04 -0.7256952E-08
       100      4  0.2908670E-03 -0.2111919E-04  0.2359120E-04  0.8101040E-05  0.4075150E-04 -0.3238964E-08
       100      5  0.1454171E-03 -0.1055434E-04  0.1179863E-04  0.4051245E-05  0.1012696E-04 -0.8200281E-09
       100      6  0.0000000E+00  0.0000000E+00  0.0000000E+00  0.0000000E+00  0.0000000E+00  0.0000000E+00
       100      7 -0.1454250E-03  0.1054224E-04 -0.1179211E-04 -0.4051037E-05  0.1036812E-04 -0.7786769E-09
       100      8 -0.2908985E-03  0.2107077E-04 -0.2356514E-04 -0.8100207E-05  0.4122787E-04 -0.3155799E-08
       100      9 -0.4364614E-03  0.3158401E-04 -0.3530653E-04 -0.1214585E-04  0.9257492E-04 -0.7131047E-08
       100     10 -0.5821542E-03  0.4208031E-04 -0.4700373E-04 -0.1618631E-04  0.1644040E-03 -0.1270405E-07
       100     11  0.2245766E-03  0.1590235E-04  0.6020906E-03 -0.1954644E-03  0.7566401E-03 -0.5866543E-07
       100     12  0.1689460E-03  0.1198616E-04  0.4509170E-03 -0.1467484E-03  0.4247848E-03 -0.3275586E-07
       100     13  0.1128905E-03  0.8029252E-05  0.3002970E-03 -0.9791247E-04  0.1880127E-03 -0.1433768E-07
       100     14  0.5653293E-04  0.4033275E-05  0.1500513E-03 -0.4898646E-04  0.4639224E-04 -0.3416881E-08
       100     15  0.0000000E+00  0.0000000E+00  0.0000000E+00  0.0000000E+00  0.0000000E+00  0.0000000E+00
       100     16 -0.5657770E-04 -0.4068661E-05 -0.1500376E-03  0.4901716E-04  0.4892101E-04 -0.4094137E-08
       100     17 -0.1130657E-03 -0.8170631E-05 -0.3002423E-03  0.9803518E-04  0.1932487E-03 -0.1570694E-07
       100     18 -0.1693258E-03 -0.1230365E-04 -0.4507949E-03  0.1470241E-03  0.4330852E-03 -0.3484662E-07
       100     19 -0.2252156E-03 -0.1646523E-04 -0.6018757E-03  0.1959538E-03  0.7685411E-03 -0.6152193E-07
       100     20  0.1649054E-05  0.7962935E-07  0.6586210E-05 -0.1972591E-05 -0.1702304E+00 -0.8665696E-04
       100     21  0.1096384E-05  0.7002304E-07  0.4340293E-05 -0.1551233E-05 -0.1276890E+00 -0.6499131E-04
       100     22  0.6646471E-06  0.5319736E-07  0.2469596E-05 -0.1066085E-05 -0.8513680E-01 -0.4332661E-04
       100     23  0.3131732E-06  0.2944745E-07  0.1015921E-05 -0.5406533E-06 -0.4257379E-01 -0.2166285E-04
       100     24  0.0000000E+00  0.0000000E+00  0.0000000E+00  0.0000000E+00  0.0000000E+00  0.0000000E+00
       100     25 -0.3132046E-06 -0.3304321E-07 -0.5790805E-06  0.5302928E-06  0.4258455E-01  0.2166197E-04
       100     26 -0.6564489E-06 -0.6682701E-07 -0.7436757E-06  0.1025174E-05  0.8517983E-01  0.4332307E-04
       100     27 -0.1047238E-05 -0.9792412E-07 -0.5366039E-06  0.1461156E-05  0.1277858E+00  0.6498334E-04
       100     28 -0.1487165E-05 -0.1225671E-06 -0.1942661E-07  0.1817301E-05  0.1704025E+00  0.8664279E-04

       110      0  0.0000000E+00  0.0000000E+00  0.0000000E+00  0.0000000E+00  0.0000000E+00  0.0000000E+00
       110      1  0.0000000E+00  0.0000000E+00  0.0000000E+00  0.0000000E+00  0.0000000E+00  0.0000000E+00
       110      2  0.1188058E-03  0.2378926E-04 -0.4010953E-03  0.3860183E-05  0.1844880E-03 -0.1554150E-07
       110      3  0.8882517E-04  0.1784355E-04 -0.3007604E-03  0.2857215E-05  0.1045499E-03 -0.8758162E-08
       110      4  0.5901199E-04  0.1189811E-04 -0.2004624E-03  0.1875554E-05  0.4715706E-04 -0.3906879E-08
       110      5  0.2939422E-04  0.5950938E-05 -0.1002070E-03  0.9211589E-06  0.1230782E-04 -0.9875492E-09
       110      6  0.0000000E+00  0.0000000E+00  0.0000000E+00  0.0000000E+00  0.0000000E+00  0.0000000E+00
       110      7 -0.2914232E-04 -0.5956719E-05  0.1001528E-03 -0.8819460E-06  0.1023068E-04 -0.9439893E-09
       110      8 -0.5800420E-04 -0.1192124E-04  0.2002455E-03 -0.1718697E-05  0.4299626E-04 -0.3819204E-08
       110      9 -0.8655689E-04 -0.1789556E-04  0.3002720E-03 -0.2504268E-05  0.9829247E-04 -0.8625261E-08
       110     10 -0.1147714E-03 -0.2388171E-04  0.4002264E-03 -0.3232674E-05  0.1761143E-03 -0.1536170E-07
       110     11 -0.1917631E-02  0.2909788E-05 -0.4378462E-04  0.1164995E-03  0.8076307E-03 -0.7068757E-07
       110     12 -0.1438987E-02  0.2351756E-05 -0.3187846E-04  0.8718757E-04  0.4519480E-03 -0.3949907E-07
       110     13 -0.9598433E-03  0.1664258E-05 -0.2067594E-04  0.5800999E-04  0.1987255E-03 -0.1731679E-07
       110     14 -0.4801852E-03  0.8720305E-06 -0.1008143E-04  0.2895241E-04  0.4804622E-04 -0.4147847E-08
       110     15  0.0000000E+00  0.0000000E+00  0.0000000E+00  0.0000000E+00  0.0000000E+00  0.0000000E+00
       110     16  0.4807233E-03 -0.9267470E-06  0.9662529E-05 -0.2886256E-04  0.5468319E-04 -0.4881693E-08
       110     17  0.9619929E-03 -0.1882998E-05  0.1899964E-04 -0.5765107E-04  0.2121987E-03 -0.1880204E-07
       110     18  0.1443813E-02 -0.2843446E-05  0.2810410E-04 -0.8638176E-04  0.4726562E-03 -0.4177084E-07
       110     19  0.1926184E-02 -0.3782727E-05  0.3706802E-04 -0.1150713E-03  0.8361714E-03 -0.7379855E-07
       110     20 -0.1038566E-04  0.7570240E-07  0.3361123E-05 -0.9190630E-07 -0.1854182E+00 -0.8391793E-04
       110     21 -0.7623231E-05  0.1264899E-06  0.2924446E-05 -0.9213725E-07 -0.1390810E+00 -0.6293675E-04
       110     22 -0.4846136E-05  0.1294456E-06  0.2204423E-05 -0.8939347E-07 -0.9273217E-01 -0.4195672E-04
       110     23 -0.2245495E-05  0.8610547E-07  0.1217637E-05 -0.6431602E-07 -0.4637184E-01 -0.2097781E-04
       110     24  0.0000000E+00  0.0000000E+00  0.0000000E+00  0.0000000E+00  0.0000000E+00  0.0000000E+00
       110     25  0.1730565E-05 -0.1234299E-06 -0.1396083E-05  0.1169829E-06  0.4638332E-01  0.2097676E-04
       110     26  0.2811475E-05 -0.2769799E-06 -0.2905418E-05  0.2957682E-06  0.9277811E-01  0.4195249E-04
       110     27  0.3138705E-05 -0.4518936E-06 -0.4454388E-05  0.5406294E-06  0.1391843E+00  0.6292723E-04
       110     28  0.2643893E-05 -0.6381367E-06 -0.5965745E-05  0.8506837E-06  0.1856020E+00  0.8390102E-04

       120      0  0.0000000E+00  0.0000000E+00  0.0000000E+00  0.0000000E+00  0.0000000E+00  0.0000000E+00
       120      1  0.0000000E+00  0.0000000E+00  0.0000000E+00  0.0000000E+00  0.0000000E+00  0.0000000E+00
       120      2  0.2710924E-03  0.2201661E-04  0.2808999E-03 -0.7579404E-04  0.1904838E-03 -0.1840177E-07
       120      3  0.2032953E-03  0.1651932E-04  0.2107231E-03 -0.5683235E-04  0.1073876E-03 -0.1036858E-07
       120      4  0.1354842E-03  0.1101709E-04  0.1405287E-03 -0.3787744E-04  0.4794238E-04 -0.4623990E-08
       120      5  0.6770407E-04  0.5510464E-05  0.7029493E-04 -0.1893232E-04  0.1214706E-04 -0.1167865E-08
       120      6  0.0000000E+00  0.0000000E+00  0.0000000E+00  0.0000000E+00  0.0000000E+00  0.0000000E+00
       120      7 -0.6758311E-04 -0.5513737E-05 -0.7037782E-04  0.1891646E-04  0.1149877E-04 -0.1120107E-08
       120      8 -0.1350004E-03 -0.1103017E-04 -0.1408602E-03  0.3781400E-04  0.4664023E-04 -0.4527818E-08
       120      9 -0.2022070E-03 -0.1654873E-04 -0.2114686E-03  0.5668951E-04  0.1054205E-03 -0.1022268E-07
       120     10 -0.2691582E-03 -0.2206881E-04 -0.2822245E-03  0.7553987E-04  0.1878349E-03 -0.1820417E-07
       120     11  0.1362713E-02 -0.7567539E-04  0.3790465E-03  0.7592320E-04  0.8984970E-03 -0.8390311E-07
       120     12  0.1018892E-02 -0.5678686E-04  0.2847286E-03  0.5696618E-04  0.5029908E-03 -0.4691298E-07
       120     13  0.6774371E-03 -0.3786689E-04  0.1900410E-03  0.3800337E-04  0.2213446E-03 -0.2059332E-07
       120     14  0.3379434E-03 -0.1893234E-04  0.9509387E-04  0.1901971E-04  0.5364849E-04 -0.4952577E-08
       120     15  0.0000000E+00  0.0000000E+00  0.0000000E+00  0.0000000E+00  0.0000000E+00  0.0000000E+00
       120     16 -0.3368099E-03  0.1891331E-04 -0.9512478E-04 -0.1907104E-04  0.6050426E-04 -0.5745596E-08
       120     17 -0.6729085E-03  0.3779073E-04 -0.1901616E-03 -0.3820862E-04  0.2352738E-03 -0.2220015E-07
       120     18 -0.1008722E-02  0.5661530E-04 -0.2849881E-03 -0.5742778E-04  0.5244285E-03 -0.4937523E-07
       120     19 -0.1344681E-02  0.7536993E-04 -0.3794788E-03 -0.7674326E-04  0.9280956E-03 -0.8728316E-07
       120     20  0.8090469E-05 -0.3976777E-06  0.5527738E-05 -0.3447663E-06 -0.2000950E+00 -0.8094754E-04
       120     21  0.4719936E-05 -0.3440451E-06  0.4269210E-05 -0.3081068E-06 -0.1500895E+00 -0.6070864E-04
       120     22  0.2136489E-05 -0.2507590E-06  0.2905944E-05 -0.2425672E-06 -0.1000718E+00 -0.4047111E-04
       120     23  0.5250681E-06 -0.1310611E-06  0.1471083E-05 -0.1417320E-06 -0.5004197E-01 -0.2023491E-04
       120     24  0.0000000E+00  0.0000000E+00  0.0000000E+00  0.0000000E+00  0.0000000E+00  0.0000000E+00
       120     25  0.5989900E-06  0.1264938E-06 -0.1469913E-05  0.1871548E-06  0.5005409E-01  0.2023367E-04
       120     26  0.2281241E-05  0.2325799E-06 -0.2899557E-05  0.4228677E-06  0.1001203E+00  0.4046615E-04
       120     27  0.4929788E-05  0.3034803E-06 -0.4248652E-05  0.7085337E-06  0.1501985E+00  0.6069748E-04
       120     28  0.8357964E-05  0.3264034E-06 -0.5476522E-05  0.1043449E-05  0.2002889E+00  0.8092771E-04

       130      0  0.0000000E+00  0.0000000E+00  0.0000000E+00  0.0000000E+00  0.0000000E+00  0.0000000E+00
       130      1  0.0000000E+00  0.0000000E+00  0.0000000E+00  0.0000000E+00  0.0000000E+00  0.0000000E+00
       130      2 -0.9876449E-03 -0.3737485E-05 -0.3025325E-05  0.1752292E-04  0.2034537E-03 -0.2143012E-07
       130      3 -0.7407491E-03 -0.2789913E-05 -0.2250933E-05  0.1311841E-04  0.1142837E-03 -0.1207371E-07
       130      4 -0.4938369E-03 -0.1853568E-05 -0.1491952E-05  0.8732984E-05  0.5065190E-04 -0.5383329E-08
       130      5 -0.2469175E-03 -0.9248111E-06 -0.7433174E-06  0.4361791E-05  0.1255788E-04 -0.1358839E-08
       130      6  0.0000000E+00  0.0000000E+00  0.0000000E+00  0.0000000E+00  0.0000000E+00  0.0000000E+00
       130      7  0.2469063E-03  0.9245071E-06  0.7430025E-06 -0.4357207E-05  0.1297550E-04 -0.1306477E-08
       130      8  0.4937921E-03  0.1852350E-05  0.1490680E-05 -0.8714629E-05  0.5148045E-04 -0.5277842E-08
       130      9  0.7406476E-03  0.2787166E-05  0.2248024E-05 -0.1307705E-04  0.1155098E-03 -0.1191357E-07
       130     10  0.9874632E-03  0.3732586E-05  0.3020039E-05 -0.1744922E-04  0.2050573E-03 -0.2121305E-07
       130     11 -0.1516126E-04  0.1749499E-04 -0.9890743E-03 -0.1147878E-04  0.9701770E-03 -0.9833851E-07
       130     12 -0.1104444E-04  0.1309587E-04 -0.7417852E-03 -0.8393343E-05  0.5463193E-03 -0.5501196E-07
       130     13 -0.7213133E-05  0.8719765E-05 -0.4944972E-03 -0.5500558E-05  0.2432828E-03 -0.2417335E-07
       130     14 -0.3565975E-05  0.4357648E-05 -0.2472294E-03 -0.2727302E-05  0.6114657E-04 -0.5832456E-08
       130     15  0.0000000E+00  0.0000000E+00  0.0000000E+00  0.0000000E+00  0.0000000E+00  0.0000000E+00
       130     16  0.3589794E-05 -0.4363175E-05  0.2471722E-03  0.2755336E-05  0.5994360E-04 -0.6687604E-08
       130     17  0.7310919E-05 -0.8742357E-05  0.4942680E-03  0.5613064E-05  0.2410888E-03 -0.2590781E-07
       130     18  0.1127391E-04 -0.1314851E-04  0.7412664E-03  0.8647868E-05  0.5435583E-03 -0.5767409E-07
       130     19  0.1559287E-04 -0.1759311E-04  0.9881446E-03  0.1193472E-04  0.9674858E-03 -0.1020008E-06
       130     20 -0.5210329E-06  0.1339962E-06 -0.2264969E-05 -0.8505737E-06 -0.2142202E+00 -0.7775397E-04
       130     21  0.1634547E-07  0.9729933E-07 -0.1689991E-05 -0.4404141E-06 -0.1606842E+00 -0.5831312E-04
       130     22  0.2653381E-06  0.5802435E-07 -0.1018633E-05 -0.1640568E-06 -0.1071355E+00 -0.3887388E-04
       130     23  0.2399864E-06  0.2354093E-07 -0.4063815E-06 -0.2070965E-07 -0.5357408E-01 -0.1943620E-04
       130     24  0.0000000E+00  0.0000000E+00  0.0000000E+00  0.0000000E+00  0.0000000E+00  0.0000000E+00
       130     25 -0.3567032E-06 -0.8310981E-08  0.7117300E-07 -0.8264907E-07  0.5358674E-01  0.1943476E-04
       130     26 -0.7047714E-06  0.5456081E-09 -0.2970265E-06 -0.2416283E-06  0.1071861E+00  0.3886816E-04
       130     27 -0.9046641E-06  0.2586839E-07 -0.1177177E-05 -0.4437459E-06  0.1607982E+00  0.5830025E-04
       130     28 -0.8173464E-06  0.6425026E-07 -0.2605519E-05 -0.6515906E-06  0.2144228E+00  0.7773109E-04

       140      0  0.0000000E+00  0.0000000E+00  0.0000000E+00  0.0000000E+00  0.0000000E+00  0.0000000E+00
       140      1  0.0000000E+00  0.0000000E+00  0.0000000E+00  0.0000000E+00  0.0000000E+00  0.0000000E+00
       140      2  0.4996366E-03 -0.2786456E-04  0.2060968E-03  0.6756216E-04  0.2173310E-03 -0.2472751E-07
       140      3  0.3744091E-03 -0.2087842E-04  0.1545857E-03  0.5067824E-04  0.1214679E-03 -0.1393011E-07
       140      4  0.2494330E-03 -0.1390482E-04  0.1030478E-03  0.3379047E-04  0.5329298E-04 -0.6209851E-08
       140      5  0.1246496E-03 -0.6944944E-05  0.5151020E-04  0.1689800E-04  0.1280457E-04 -0.1566570E-08
       140      6  0.0000000E+00  0.0000000E+00  0.0000000E+00  0.0000000E+00  0.0000000E+00  0.0000000E+00
       140      7 -0.1245747E-03  0.6928810E-05 -0.5145561E-04 -0.1690439E-04  0.1487565E-04 -0.1509761E-08
       140      8 -0.2491335E-03  0.1384027E-04 -0.1028294E-03 -0.3381604E-04  0.5742691E-04 -0.6095361E-08
       140      9 -0.3737354E-03  0.2073316E-04 -0.1540938E-03 -0.5073581E-04  0.1276482E-03 -0.1375619E-07
       140     10 -0.4984396E-03  0.2760623E-04 -0.2052216E-03 -0.6766456E-04  0.2255331E-03 -0.2449154E-07
       140     11  0.9850700E-03  0.6743275E-04  0.5825956E-03 -0.1061306E-03  0.1001806E-02 -0.1134530E-06
       140     12  0.7399925E-03  0.5059030E-04  0.4360099E-03 -0.7974785E-04  0.5624075E-03 -0.6349689E-07
       140     13  0.4938141E-03  0.3374450E-04  0.2901520E-03 -0.5324333E-04  0.2489052E-03 -0.2792842E-07
       140     14  0.2469947E-03  0.1688463E-04  0.1448672E-03 -0.2664985E-04  0.6139943E-04 -0.6758733E-08
       140     15  0.0000000E+00  0.0000000E+00  0.0000000E+00  0.0000000E+00  0.0000000E+00  0.0000000E+00
       140     16 -0.2466985E-03 -0.1691991E-04 -0.1446062E-03  0.2667374E-04  0.6482608E-04 -0.7665484E-08
       140     17 -0.4926230E-03 -0.3388542E-04 -0.2891085E-03  0.5333893E-04  0.2560060E-03 -0.2976953E-07
       140     18 -0.7372890E-03 -0.5090657E-04 -0.4336645E-03  0.7996312E-04  0.5736774E-03 -0.6632756E-07
       140     19 -0.9802056E-03 -0.6799305E-04 -0.5784320E-03  0.1065137E-03  0.1017987E-02 -0.1173561E-06
       140     20  0.5056119E-05  0.4075612E-06  0.6736975E-05 -0.1190416E-05 -0.2277552E+00 -0.7434604E-04
       140     21  0.4652220E-05  0.2756757E-06  0.4661996E-05 -0.1021620E-05 -0.1708360E+00 -0.5575681E-04
       140     22  0.3576778E-05  0.1574496E-06  0.2774461E-05 -0.7487369E-06 -0.1139038E+00 -0.3716944E-04
       140     23  0.1967687E-05  0.6277407E-07  0.1192866E-05 -0.3974503E-06 -0.5695843E-01 -0.1858387E-04
       140     24  0.0000000E+00  0.0000000E+00  0.0000000E+00  0.0000000E+00  0.0000000E+00  0.0000000E+00
       140     25 -0.2121325E-05 -0.2457397E-07 -0.7628731E-06  0.4076642E-06  0.5697152E-01  0.1858224E-04
       140     26 -0.4170372E-05 -0.7166122E-08 -0.1098591E-05  0.7889721E-06  0.1139561E+00  0.3716293E-04
       140     27 -0.5910849E-05  0.5310016E-07 -0.1053309E-05  0.1109849E-05  0.1709538E+00  0.5574214E-04
       140     28 -0.7108116E-05  0.1539173E-06 -0.7124401E-06  0.1341638E-05  0.2279646E+00  0.7431997E-04

       150      0  0.0000000E+00  0.0000000E+00  0.0000000E+00  0.0000000E+00  0.0000000E+00  0.0000000E+00
       150      1  0.0000000E+00  0.0000000E+00  0.0000000E+00  0.0000000E+00  0.0000000E+00  0.0000000E+00
       150      2  0.1196185E-03 -0.8089875E-05 -0.4400408E-03 -0.1712371E-04  0.2345762E-03 -0.2821574E-07
       150      3  0.8953248E-04 -0.6064873E-05 -0.3299983E-03 -0.1285828E-04  0.1329152E-03 -0.1589208E-07
       150      4  0.5956927E-04 -0.4039553E-05 -0.2199753E-03 -0.8588479E-05  0.5993383E-04 -0.7081717E-08
       150      5  0.2972602E-04 -0.2016923E-05 -0.1099747E-03 -0.4305368E-05  0.1562981E-04 -0.1784460E-08
       150      6  0.0000000E+00  0.0000000E+00  0.0000000E+00  0.0000000E+00  0.0000000E+00  0.0000000E+00
       150      7 -0.2961135E-04  0.2008192E-05  0.1099457E-03  0.4336587E-05  0.1304052E-04 -0.1727901E-08
       150      8 -0.5911037E-04  0.4004623E-05  0.2198587E-03  0.8713368E-05  0.5474671E-04 -0.6967604E-08
       150      9 -0.8849912E-04  0.5986256E-05  0.3297356E-03  0.1313933E-04  0.1251131E-03 -0.1571842E-07
       150     10 -0.1177794E-03  0.7950048E-05  0.4395723E-03  0.1762348E-04  0.2241336E-03 -0.2797955E-07
       150     11 -0.2107365E-02 -0.1829579E-04 -0.5333511E-04 -0.4501230E-04  0.1082138E-02 -0.1294691E-06
       150     12 -0.1581024E-02 -0.1347071E-04 -0.4007878E-04 -0.3385481E-04  0.6078802E-03 -0.7248923E-07
       150     13 -0.1054297E-02 -0.8839367E-05 -0.2672168E-04 -0.2262080E-04  0.2693632E-03 -0.3190910E-07
       150     14 -0.5272645E-03 -0.4362365E-05 -0.1333718E-04 -0.1132930E-04  0.6669691E-04 -0.7741387E-08
       150     15  0.0000000E+00  0.0000000E+00  0.0000000E+00  0.0000000E+00  0.0000000E+00  0.0000000E+00
       150     16  0.5274262E-03  0.4287682E-05  0.1321418E-04  0.1134676E-04  0.6939945E-04 -0.8700059E-08
       150     17  0.1054946E-02  0.8540835E-05  0.2622912E-04  0.2268983E-04  0.2750305E-03 -0.3385789E-07
       150     18  0.1582491E-02  0.1279976E-04  0.3896835E-04  0.3400727E-04  0.6170368E-03 -0.7549103E-07
       150     19  0.2109992E-02  0.1710486E-04  0.5135572E-04  0.4527619E-04  0.1095570E-02 -0.1336182E-06
       150     20 -0.1131826E-04 -0.1777420E-06  0.2702711E-05 -0.8654240E-06 -0.2406623E+00 -0.7073313E-04
       150     21 -0.9003236E-05 -0.2702184E-07  0.1926758E-05 -0.6557967E-06 -0.1805169E+00 -0.5304674E-04
       150     22 -0.6045005E-05  0.5440567E-07  0.1223085E-05 -0.4417615E-06 -0.1203580E+00 -0.3536249E-04
       150     23 -0.2894345E-05  0.6245162E-07  0.5822642E-06 -0.2228812E-06 -0.6018570E-01 -0.1768028E-04
       150     24  0.0000000E+00  0.0000000E+00  0.0000000E+00  0.0000000E+00  0.0000000E+00  0.0000000E+00
       150     25  0.2227599E-05 -0.1233831E-06 -0.5240968E-06  0.2240952E-06  0.6019913E-01  0.1767845E-04
       150     26  0.3449749E-05 -0.2922277E-06 -0.9888096E-06  0.4442978E-06  0.1204117E+00  0.3535516E-04
       150     27  0.3427791E-05 -0.4863785E-06 -0.1394339E-05  0.6531637E-06  0.1806377E+00  0.5303024E-04
       150     28  0.2044403E-05 -0.6825774E-06 -0.1745606E-05  0.8412877E-06  0.2408772E+00  0.7070378E-04

       160      0  0.0000000E+00  0.0000000E+00  0.0000000E+00  0.0000000E+00  0.0000000E+00  0.0000000E+00
       160      1  0.0000000E+00  0.0000000E+00  0.0000000E+00  0.0000000E+00  0.0000000E+00  0.0000000E+00
       160      2  0.4466798E-03  0.4238687E-04  0.1596183E-03 -0.3210036E-04  0.2406230E-03 -0.3183350E-07
       160      3  0.3347509E-03  0.3179760E-04  0.1196514E-03 -0.2406165E-04  0.1354772E-03 -0.1792868E-07
       160      4  0.2229404E-03  0.2120402E-04  0.7974226E-04 -0.1603158E-04  0.6032515E-04 -0.7988322E-08
       160      5  0.1113296E-03  0.1060514E-04  0.3986653E-04 -0.8010807E-05  0.1516659E-04 -0.2012212E-08
       160      6  0.0000000E+00  0.0000000E+00  0.0000000E+00  0.0000000E+00  0.0000000E+00  0.0000000E+00
       160      7 -0.1109667E-03 -0.1061234E-04 -0.3988144E-04  0.8000147E-05  0.1482255E-04 -0.1951195E-08
       160      8 -0.2214887E-03 -0.2123281E-04 -0.7980183E-04  0.1598891E-04  0.5963013E-04 -0.7865167E-08
       160      9 -0.3314842E-03 -0.3186233E-04 -0.1197851E-03  0.2396552E-04  0.1344173E-03 -0.1774114E-07
       160     10 -0.4408711E-03 -0.4250178E-04 -0.1598550E-03  0.3192917E-04  0.2391775E-03 -0.3157821E-07
       160     11  0.7804563E-03 -0.3220467E-04  0.5034844E-03  0.1912496E-03  0.1130328E-02 -0.1466957E-06
       160     12  0.5819661E-03 -0.2413535E-04  0.3787246E-03  0.1433320E-03  0.6325075E-03 -0.8216554E-07
       160     13  0.3859236E-03 -0.1607103E-04  0.2530220E-03  0.9551024E-04  0.2781129E-03 -0.3619639E-07
       160     14  0.1920357E-03 -0.8022456E-05  0.1266789E-03  0.4774593E-04  0.6724062E-04 -0.8802648E-08
       160     15  0.0000000E+00  0.0000000E+00  0.0000000E+00  0.0000000E+00  0.0000000E+00  0.0000000E+00
       160     16 -0.1904940E-03  0.7986248E-05 -0.1267074E-03 -0.4776718E-04  0.7651294E-04 -0.9805513E-08
       160     17 -0.3797655E-03  0.1592643E-04 -0.2531333E-03 -0.9559546E-04  0.2969139E-03 -0.3823762E-07
       160     18 -0.5681419E-03  0.2381088E-04 -0.3789644E-03 -0.1435246E-03  0.6613501E-03 -0.8531610E-07
       160     19 -0.7559588E-03  0.3163001E-04 -0.5038840E-03 -0.1915941E-03  0.1169982E-02 -0.1510621E-06
       160     20  0.5264928E-05 -0.1009436E-06  0.4785915E-05  0.5526333E-06 -0.2529063E+00 -0.6692521E-04
       160     21  0.3387820E-05 -0.1202224E-06  0.4326477E-05  0.3228348E-06 -0.1897001E+00 -0.5019040E-04
       160     22  0.1725178E-05 -0.1026532E-06  0.3303229E-05  0.1279779E-06 -0.1264803E+00 -0.3345802E-04
       160     23  0.5351735E-06 -0.5811184E-07  0.1814581E-05  0.9331735E-08 -0.6324698E-01 -0.1672792E-04
       160     24  0.0000000E+00  0.0000000E+00  0.0000000E+00  0.0000000E+00  0.0000000E+00  0.0000000E+00
       160     25  0.2071148E-06  0.5637849E-07 -0.1971259E-05  0.1222799E-06  0.6326064E-01  0.1672588E-04
       160     26  0.1140539E-05  0.9562819E-07 -0.3913530E-05  0.3857511E-06  0.1265350E+00  0.3344984E-04
       160     27  0.2682958E-05  0.1040889E-06 -0.5639415E-05  0.7862356E-06  0.1898231E+00  0.5017201E-04
       160     28  0.4628404E-05  0.7150689E-07 -0.6974872E-05  0.1305723E-05  0.2531249E+00  0.6689251E-04

       170      0  0.0000000E+00  0.0000000E+00  0.0000000E+00  0.0000000E+00  0.0000000E+00  0.0000000E+00
       170      1  0.0000000E+00  0.0000000E+00  0.0000000E+00  0.0000000E+00  0.0000000E+00  0.0000000E+00
       170      2 -0.8373341E-03 -0.9020377E-05  0.6812457E-04 -0.5173123E-04  0.2575500E-03 -0.3566499E-07
       170      3 -0.6279121E-03 -0.6750690E-05  0.5107505E-04 -0.3880251E-04  0.1451293E-03 -0.2008481E-07
       170      4 -0.4185509E-03 -0.4493968E-05  0.3404748E-04 -0.2586640E-04  0.6473154E-04 -0.8947421E-08
       170      5 -0.2092478E-03 -0.2245358E-05  0.1702734E-04 -0.1292991E-04  0.1635581E-04 -0.2252614E-08
       170      6  0.0000000E+00  0.0000000E+00  0.0000000E+00  0.0000000E+00  0.0000000E+00  0.0000000E+00
       170      7  0.2091952E-03  0.2246964E-05 -0.1704917E-04  0.1291634E-04  0.1566072E-04 -0.2189033E-08
       170      8  0.4183404E-03  0.4500394E-05 -0.3413485E-04  0.2581216E-04  0.6333326E-04 -0.8819007E-08
       170      9  0.6274375E-03  0.6765149E-05 -0.5127164E-04  0.3868049E-04  0.1430116E-03 -0.1988905E-07
       170     10  0.8364884E-03  0.9046084E-05 -0.6847414E-04  0.5151438E-04  0.2546886E-03 -0.3539813E-07
       170     11  0.3348354E-03 -0.5158760E-04 -0.8082023E-03 -0.6472422E-04  0.1179914E-02 -0.1645379E-06
       170     12  0.2490556E-03 -0.3873673E-04 -0.6066549E-03 -0.4814541E-04  0.6646709E-03 -0.9218383E-07
       170     13  0.1649071E-03 -0.2584406E-04 -0.4047205E-03 -0.3188701E-04  0.2962018E-03 -0.4063201E-07
       170     14  0.8201429E-04 -0.1292614E-04 -0.2024770E-03 -0.1586633E-04  0.7460722E-04 -0.9898261E-08
       170     15  0.0000000E+00  0.0000000E+00  0.0000000E+00  0.0000000E+00  0.0000000E+00  0.0000000E+00
       170     16 -0.8151306E-04  0.1291684E-04  0.2026366E-03  0.1579598E-04  0.7250548E-04 -0.1095621E-07
       170     17 -0.1629007E-03  0.2580627E-04  0.4053595E-03  0.3160619E-04  0.2922614E-03 -0.4278743E-07
       170     18 -0.2445354E-03  0.3864950E-04  0.6080956E-03  0.4751574E-04  0.6594180E-03 -0.9551580E-07
       170     19 -0.3267850E-03  0.5142704E-04  0.8107706E-03  0.6361026E-04  0.1174138E-02 -0.1691650E-06
       170     20  0.2774258E-05 -0.2236639E-06 -0.1432003E-05 -0.1219516E-05 -0.2644528E+00 -0.6293278E-04
       170     21  0.1194605E-05 -0.1921449E-06 -0.1485623E-05 -0.7053386E-06 -0.1983601E+00 -0.4719566E-04
       170     22  0.1602933E-06 -0.1393103E-06 -0.1116848E-05 -0.3201915E-06 -0.1322538E+00 -0.3146126E-04
       170     23 -0.2512445E-06 -0.7229978E-07 -0.5445910E-06 -0.8461391E-07 -0.6613377E-01 -0.1572943E-04
       170     24  0.0000000E+00  0.0000000E+00  0.0000000E+00  0.0000000E+00  0.0000000E+00  0.0000000E+00
       170     25  0.9103792E-06  0.6731358E-07  0.2978232E-06 -0.4889311E-07  0.6614758E-01  0.1572717E-04
       170     26  0.2427134E-05  0.1185367E-06  0.1645495E-06 -0.1970582E-06  0.1323090E+00  0.3145224E-04
       170     27  0.4444776E-05  0.1424968E-06 -0.5301831E-06 -0.3971399E-06  0.1984844E+00  0.4717535E-04
       170     28  0.6804458E-05  0.1288842E-06 -0.1848770E-05 -0.5935812E-06  0.2646738E+00  0.6289668E-04

       180      0  0.0000000E+00  0.0000000E+00  0.0000000E+00  0.0000000E+00  0.0000000E+00  0.0000000E+00
       180      1  0.0000000E+00  0.0000000E+00  0.0000000E+00  0.0000000E+00  0.0000000E+00  0.0000000E+00
       180      2  0.4292764E-04 -0.1024802E-04  0.1855467E-03  0.1029709E-03  0.2586331E-03 -0.3970797E-07
       180      3  0.3169792E-04 -0.7666049E-05  0.1391869E-03  0.7721708E-04  0.1444064E-03 -0.2236099E-07
       180      4  0.2083996E-04 -0.5097955E-05  0.9278182E-04  0.5147326E-04  0.6322732E-04 -0.9960869E-08
       180      5  0.1029396E-04 -0.2542890E-05  0.4637248E-04  0.2573554E-04  0.1509305E-04 -0.2507348E-08
       180      6  0.0000000E+00  0.0000000E+00  0.0000000E+00  0.0000000E+00  0.0000000E+00  0.0000000E+00
       180      7 -0.1010194E-04  0.2531570E-05 -0.4629440E-04 -0.2573731E-04  0.1794373E-04 -0.2438217E-08
       180      8 -0.2007198E-04  0.5052673E-05 -0.9246940E-04 -0.5148032E-04  0.6891896E-04 -0.9821216E-08
       180      9 -0.2997039E-04  0.7564154E-05 -0.1384836E-03 -0.7723294E-04  0.1529196E-03 -0.2214803E-07
       180     10 -0.3985753E-04  0.1006685E-04 -0.1842954E-03 -0.1029991E-03  0.2699386E-03 -0.3941753E-07
       180     11  0.8856025E-03  0.1030380E-03  0.1163862E-03 -0.8305687E-05  0.1229773E-02 -0.1829977E-06
       180     12  0.6661906E-03  0.7722985E-04  0.8660631E-04 -0.6252227E-05  0.6909946E-03 -0.1025555E-06
       180     13  0.4448512E-03  0.5146764E-04  0.5731591E-04 -0.4185658E-05  0.3063524E-03 -0.4522979E-07
       180     14  0.2224855E-03  0.2573115E-04  0.2846472E-04 -0.2102850E-05  0.7597500E-04 -0.1103818E-07
       180     15  0.0000000E+00  0.0000000E+00  0.0000000E+00  0.0000000E+00  0.0000000E+00  0.0000000E+00
       180     16 -0.2216924E-03 -0.2574622E-04 -0.2813374E-04  0.2127280E-05  0.7857400E-04 -0.1213629E-07
       180     17 -0.4416723E-03 -0.5152777E-04 -0.5599502E-04  0.4283862E-05  0.3118525E-03 -0.4746983E-07
       180     18 -0.6590132E-03 -0.7736466E-04 -0.8364576E-04  0.6474991E-05  0.6999995E-03 -0.1060252E-06
       180     19 -0.8727808E-03 -0.1032765E-03 -0.1111516E-03  0.8706168E-05  0.1243188E-02 -0.1878285E-06
       180     20  0.1746379E-05  0.6432898E-06  0.3194279E-05 -0.5268559E-06 -0.2752707E+00 -0.5876684E-04
       180     21  0.3453506E-05  0.4559036E-06  0.2419555E-05 -0.4410446E-06 -0.2064734E+00 -0.4407077E-04
       180     22  0.3588926E-05  0.2679514E-06  0.1584592E-05 -0.3184210E-06 -0.1376626E+00 -0.2937774E-04
       180     23  0.2325772E-05  0.1079562E-06  0.7596672E-06 -0.1669125E-06 -0.6883819E-01 -0.1468754E-04
       180     24  0.0000000E+00  0.0000000E+00  0.0000000E+00  0.0000000E+00  0.0000000E+00  0.0000000E+00
       180     25 -0.2924905E-05 -0.3868402E-07 -0.6622844E-06  0.1658506E-06  0.6885203E-01  0.1468507E-04
       180     26 -0.5904735E-05  0.4819175E-09 -0.1222387E-05  0.3141731E-06  0.1377180E+00  0.2936786E-04
       180     27 -0.8369161E-05  0.1163752E-06 -0.1702806E-05  0.4315104E-06  0.2065979E+00  0.4404854E-04
       180     28 -0.9779735E-05  0.2979962E-06 -0.2149110E-05  0.5100529E-06  0.2754920E+00  0.5872732E-04

       190      0  0.0000000E+00  0.0000000E+00  0.0000000E+00  0.0000000E+00  0.0000000E+00  0.0000000E+00
       190      1  0.0000000E+00  0.0000000E+00  0.0000000E+00  0.0000000E+00  0.0000000E+00  0.0000000E+00
       190      2  0.3703855E-03 -0.3371570E-04 -0.2667661E-03 -0.2357567E-04  0.2740315E-03 -0.4382598E-07
       190      3  0.2775325E-03 -0.2528611E-04 -0.2000473E-03 -0.1766878E-04  0.1548498E-03 -0.2467682E-07
       190      4  0.1848863E-03 -0.1685423E-04 -0.1333500E-03 -0.1177674E-04  0.6945209E-04 -0.1098966E-07
       190      5  0.9239341E-04 -0.8424148E-05 -0.6666914E-04 -0.5890253E-05  0.1783653E-04 -0.2764213E-08
       190      6  0.0000000E+00  0.0000000E+00  0.0000000E+00  0.0000000E+00  0.0000000E+00  0.0000000E+00
       190      7 -0.9234764E-04  0.8414084E-05  0.6666211E-04  0.5903348E-05  0.1593811E-04 -0.2696352E-08
       190      8 -0.1847031E-03  0.1681395E-04  0.1333217E-03  0.1182914E-04  0.6564521E-04 -0.1085241E-07
       190      9 -0.2771199E-03  0.2519543E-04  0.1999831E-03  0.1778674E-04  0.1491144E-03 -0.2446710E-07
       190     10 -0.3696510E-03  0.3355432E-04  0.2666502E-03  0.2378554E-04  0.2663374E-03 -0.4353920E-07
       190     11 -0.1276260E-02 -0.2442035E-04  0.2689379E-03 -0.1703101E-03  0.1296795E-02 -0.2025025E-06
       190     12 -0.9578946E-03 -0.1810199E-04  0.2005192E-03 -0.1278881E-03  0.7294452E-03 -0.1135143E-06
       190     13 -0.6389655E-03 -0.1195028E-04  0.1331079E-03 -0.8532843E-04  0.3241143E-03 -0.5008783E-07
       190     14 -0.3196215E-03 -0.5928627E-05  0.6637799E-04 -0.4268211E-04  0.8092163E-04 -0.1224260E-07
       190     15  0.0000000E+00  0.0000000E+00  0.0000000E+00  0.0000000E+00  0.0000000E+00  0.0000000E+00
       190     16  0.3197701E-03  0.5873013E-05 -0.6635795E-04  0.4266670E-04  0.8149513E-04 -0.1338332E-07
       190     17  0.6395660E-03  0.1172820E-04 -0.1330290E-03  0.8526627E-04  0.3255658E-03 -0.5241771E-07
       190     18  0.9592687E-03  0.1760372E-04 -0.2003466E-03  0.1277462E-03  0.7323840E-03 -0.1171302E-06
       190     19  0.1278761E-02  0.2353805E-04 -0.2686429E-03  0.1700529E-03  0.1302135E-02 -0.2075498E-06
       190     20 -0.5777751E-05 -0.2532956E-06  0.4833937E-05 -0.1262177E-05 -0.2853296E+00 -0.5443888E-04
       190     21 -0.5384254E-05 -0.1096815E-06  0.2959362E-05 -0.1057466E-05 -0.2140174E+00 -0.4082436E-04
       190     22 -0.3994229E-05 -0.1325253E-07  0.1477021E-05 -0.7525325E-06 -0.1426918E+00 -0.2721319E-04
       190     23 -0.2038490E-05  0.2410975E-07  0.4786934E-06 -0.3852686E-06 -0.7135273E-01 -0.1360514E-04
       190     24  0.0000000E+00  0.0000000E+00  0.0000000E+00  0.0000000E+00  0.0000000E+00  0.0000000E+00
       190     25  0.1650686E-05 -0.7842675E-07  0.1700697E-07  0.3566100E-06  0.7136649E-01  0.1360246E-04
       190     26  0.2517415E-05 -0.1955015E-06  0.4475610E-06  0.6399932E-06  0.1427469E+00  0.2720245E-04
       190     27  0.2331131E-05 -0.3291011E-06  0.1157441E-05  0.8121264E-06  0.2141413E+00  0.4080021E-04
       190     28  0.9875130E-06 -0.4534990E-06  0.1971102E-05  0.8456509E-06  0.2855498E+00  0.5439594E-04

       200      0  0.0000000E+00  0.0000000E+00  0.0000000E+00  0.0000000E+00  0.0000000E+00  0.0000000E+00
       200      1  0.0000000E+00  0.0000000E+00  0.0000000E+00  0.0000000E+00  0.0000000E+00  0.0000000E+00
       200      2  0.3039764E-03  0.4768897E-04 -0.1096608E-03 -0.9606567E-06  0.2855362E-03 -0.4810095E-07
       200      3  0.2276702E-03  0.3576449E-04 -0.8228903E-04 -0.7215534E-06  0.1609298E-03 -0.2708262E-07
       200      4  0.1515001E-03  0.2384332E-04 -0.5487446E-04 -0.4853797E-06  0.7180563E-04 -0.1205992E-07
       200      5  0.7557399E-04  0.1192273E-04 -0.2743786E-04 -0.2466815E-06  0.1816308E-04 -0.3032551E-08
       200      6  0.0000000E+00  0.0000000E+00  0.0000000E+00  0.0000000E+00  0.0000000E+00  0.0000000E+00
       200      7 -0.7511345E-04 -0.1192758E-04  0.2741835E-04  0.2601172E-06  0.1731266E-04 -0.2961532E-08
       200      8 -0.1496576E-03 -0.2386269E-04  0.5479644E-04  0.5391051E-06  0.7009572E-04 -0.1191620E-07
       200      9 -0.2235236E-03 -0.3580798E-04  0.8211351E-04  0.8423703E-06  0.1583423E-03 -0.2686283E-07
       200     10 -0.2966018E-03 -0.4776609E-04  0.1093487E-03  0.1175280E-05  0.2820438E-03 -0.4780006E-07
       200     11 -0.5135661E-03 -0.1443541E-05  0.2515552E-03  0.2292044E-03  0.1300396E-02 -0.2226820E-06
       200     12 -0.3876975E-03 -0.9746471E-06  0.1906686E-03  0.1716854E-03  0.7285036E-03 -0.1248568E-06
       200     13 -0.2600836E-03 -0.5893427E-06  0.1281462E-03  0.1143380E-03  0.3210664E-03 -0.5512030E-07
       200     14 -0.1308172E-03 -0.2704034E-06  0.6443963E-04  0.5712297E-04  0.7819105E-04 -0.1349357E-07
       200     15  0.0000000E+00  0.0000000E+00  0.0000000E+00  0.0000000E+00  0.0000000E+00  0.0000000E+00
       200     16  0.1322558E-03  0.2402181E-06 -0.6472170E-04 -0.5707216E-04  0.8663087E-04 -0.1466503E-07
       200     17  0.2658260E-03  0.4690383E-06 -0.1292744E-03 -0.1141352E-03  0.3382368E-03 -0.5751621E-07
       200     18  0.4005726E-03  0.7055968E-06 -0.1932064E-03 -0.1712308E-03  0.7549864E-03 -0.1285832E-06
       200     19  0.5363420E-03  0.9692884E-06 -0.2560654E-03 -0.2284003E-03  0.1337064E-02 -0.2278979E-06
       200     20 -0.2725956E-05 -0.2201300E-07  0.1613254E-05  0.8928622E-06 -0.2946020E+00 -0.4996082E-04
       200     21 -0.2057551E-05  0.4386422E-08  0.2328878E-05  0.6487470E-06 -0.2209713E+00 -0.3746537E-04
       200     22 -0.1347130E-05  0.1936423E-07  0.2255118E-05  0.3693893E-06 -0.1473276E+00 -0.2497358E-04
       200     23 -0.6398402E-06  0.1904086E-07  0.1431155E-05  0.1309944E-06 -0.7367050E-01 -0.1248521E-04
       200     24  0.0000000E+00  0.0000000E+00  0.0000000E+00  0.0000000E+00  0.0000000E+00  0.0000000E+00
       200     25  0.4867535E-06 -0.3970175E-07 -0.1811715E-05  0.2515265E-07  0.7368410E-01  0.1248232E-04
       200     26  0.7183235E-06 -0.9955269E-07 -0.3722878E-05  0.2316200E-06  0.1473820E+00  0.2496200E-04
       200     27  0.5881550E-06 -0.1758200E-06 -0.5432912E-05  0.6177438E-06  0.2210937E+00  0.3743931E-04
       200     28  0.3212868E-08 -0.2611727E-06 -0.6659040E-05  0.1154783E-05  0.2948196E+00  0.4991450E-04
