# number of spin vectors:      29
# iteration vector   S_X            S_Y            S_Z
         0      0  0.0000000E+00  0.0000000E+00  0.0000000E+00
         0      1  0.0000000E+00  0.1000000E+01  0.6123234E-16
         0      2  0.0000000E+00  0.1000000E+01  0.6123234E-16
         0      3  0.0000000E+00  0.1000000E+01  0.6123234E-16
         0      4  0.0000000E+00  0.1000000E+01  0.6123234E-16
         0      5  0.0000000E+00  0.1000000E+01  0.6123234E-16
         0      6  0.0000000E+00  0.1000000E+01  0.6123234E-16
         0      7  0.0000000E+00  0.1000000E+01  0.6123234E-16
         0      8  0.0000000E+00  0.1000000E+01  0.6123234E-16
         0      9  0.0000000E+00  0.1000000E+01  0.6123234E-16
         0     10  0.0000000E+00  0.1000000E+01  0.6123234E-16
         0     11  0.0000000E+00  0.1000000E+01  0.6123234E-16
         0     12  0.0000000E+00  0.1000000E+01  0.6123234E-16
         0     13  0.0000000E+00  0.1000000E+01  0.6123234E-16
         0     14  0.0000000E+00  0.1000000E+01  0.6123234E-16
         0     15  0.0000000E+00  0.1000000E+01  0.6123234E-16
         0     16  0.0000000E+00  0.1000000E+01  0.6123234E-16
         0     17  0.0000000E+00  0.1000000E+01  0.6123234E-16
         0     18  0.0000000E+00  0.1000000E+01  0.6123234E-16
         0     19  0.0000000E+00  0.1000000E+01  0.6123234E-16
         0     20  0.0000000E+00  0.1000000E+01  0.6123234E-16
         0     21  0.0000000E+00  0.1000000E+01  0.6123234E-16
         0     22  0.0000000E+00  0.1000000E+01  0.6123234E-16
         0     23  0.0000000E+00  0.1000000E+01  0.6123234E-16
         0     24  0.0000000E+00  0.1000000E+01  0.6123234E-16
         0     25  0.0000000E+00  0.1000000E+01  0.6123234E-16
         0     26  0.0000000E+00  0.1000000E+01  0.6123234E-16
         0     27  0.0000000E+00  0.1000000E+01  0.6123234E-16
         0     28  0.0000000E+00  0.1000000E+01  0.6123234E-16

       100      0  0.0000000E+00  0.0000000E+00  0.0000000E+00
       100      1  0.4803128E-16  0.1000000E+01 -0.3797888E-16
       100      2  0.3275194E-06  0.1000000E+01 -0.1545438E-04
       100      3  0.2434678E-06  0.1000000E+01 -0.1158958E-04
       100      4  0.1608639E-06  0.1000000E+01 -0.7725551E-05
       100      5  0.7970798E-07  0.1000000E+01 -0.3862342E-05
       100      6  0.4803128E-16  0.1000000E+01 -0.3797888E-16
       100      7 -0.7825995E-07  0.1000000E+01  0.3861427E-05
       100      8 -0.1550718E-06  0.1000000E+01  0.7721891E-05
       100      9 -0.2304354E-06  0.1000000E+01  0.1158134E-04
       100     10 -0.3043509E-06  0.1000000E+01  0.1543973E-04
       100     11  0.2596010E-05  0.1000000E+01  0.1614466E-03
       100     12  0.1953155E-05  0.1000000E+01  0.1210816E-03
       100     13  0.1306212E-05  0.1000000E+01  0.8071939E-04
       100     14  0.6551649E-06  0.1000000E+01  0.4035913E-04
       100     15  0.4803128E-16  0.1000000E+01 -0.3797888E-16
       100     16 -0.6592971E-06  0.1000000E+01 -0.4035884E-04
       100     17 -0.1322741E-05  0.1000000E+01 -0.8071824E-04
       100     18 -0.1990345E-05  0.1000000E+01 -0.1210790E-03
       100     19 -0.2662124E-05  0.1000000E+01 -0.1614420E-03
       100     20  0.1383258E-04  0.1000000E+01  0.9080650E-05
       100     21  0.1037599E-04  0.1000000E+01  0.6809228E-05
       100     22  0.6918367E-05  0.1000000E+01  0.4538645E-05
       100     23  0.3459703E-05  0.1000000E+01  0.2268902E-05
       100     24  0.4803128E-16  0.1000000E+01 -0.3797888E-16
       100     25 -0.3460743E-05  0.1000000E+01 -0.2268060E-05
       100     26 -0.6922529E-05  0.1000000E+01 -0.4535276E-05
       100     27 -0.1038536E-04  0.1000000E+01 -0.6801648E-05
       100     28 -0.1384923E-04  0.1000000E+01 -0.9067174E-05

       200      0  0.0000000E+00  0.0000000E+00  0.0000000E+00
       200      1 -0.5958206E-16  0.1000000E+01 -0.1412013E-16
       200      2 -0.4761862E-06  0.1000000E+01  0.3049980E-05
       200      3 -0.3587209E-06  0.1000000E+01  0.2295812E-05
       200      4 -0.2401997E-06  0.1000000E+01  0.1536078E-05
       200      5 -0.1206253E-06  0.1000000E+01  0.7707996E-06
       200      6 -0.5958206E-16  0.1000000E+01 -0.1412013E-16
       200      7  0.1216737E-06  0.1000000E+01 -0.7762979E-06
       200      8  0.2443934E-06  0.1000000E+01 -0.1558071E-05
       200      9  0.3681566E-06  0.1000000E+01 -0.2345296E-05
       200     10  0.4929610E-06  0.1000000E+01 -0.3137948E-05
       200     11 -0.3451368E-05  0.1000000E+01 -0.1871219E-03
       200     12 -0.2584807E-05  0.1000000E+01 -0.1403572E-03
       200     13 -0.1720722E-05  0.1000000E+01 -0.9358146E-04
       200     14 -0.8591180E-06  0.1000000E+01 -0.4679548E-04
       200     15 -0.5958206E-16  0.1000000E+01 -0.1412013E-16
       200     16  0.8566263E-06  0.1000000E+01  0.4680422E-04
       200     17  0.1710756E-05  0.1000000E+01  0.9361644E-04
       200     18  0.2562383E-05  0.1000000E+01  0.1404359E-03
       200     19  0.3411502E-05  0.1000000E+01  0.1872618E-03
       200     20  0.6799007E-05  0.1000000E+01 -0.9271357E-05
       200     21  0.5095445E-05  0.1000000E+01 -0.6953420E-05
       200     22  0.3394439E-05  0.1000000E+01 -0.4635544E-05
       200     23  0.1695965E-05  0.1000000E+01 -0.2317735E-05
       200     24 -0.5958206E-16  0.1000000E+01 -0.1412013E-16
       200     25 -0.1693479E-05  0.1000000E+01  0.2317654E-05
       200     26 -0.3384496E-05  0.1000000E+01  0.4635221E-05
       200     27 -0.5073073E-05  0.1000000E+01  0.6952692E-05
       200     28 -0.6759234E-05  0.1000000E+01  0.9270062E-05

       300      0  0.0000000E+00  0.0000000E+00  0.0000000E+00
       300      1  0.2587934E-16  0.1000000E+01  0.5549468E-16
       300      2  0.3393607E-06  0.1000000E+01  0.2891955E-04
       300      3  0.2543994E-06  0.1000000E+01  0.2169242E-04
       300      4  0.1695161E-06  0.1000000E+01  0.1446337E-04
       300      5  0.8471496E-07  0.1000000E+01  0.7232531E-05
       300      6  0.2587934E-16  0.1000000E+01  0.5549468E-16
       300      7 -0.8462473E-07  0.1000000E+01 -0.7234106E-05
       300      8 -0.1691552E-06  0.1000000E+01 -0.1446967E-04
       300      9 -0.2535872E-06  0.1000000E+01 -0.2170659E-04
       300     10 -0.3379169E-06  0.1000000E+01 -0.2894475E-04
       300     11  0.1744866E-05  0.1000000E+01  0.6233596E-04
       300     12  0.1308776E-05  0.1000000E+01  0.4673188E-04
       300     13  0.8725850E-06  0.1000000E+01  0.3113874E-04
       300     14  0.4363186E-06  0.1000000E+01  0.1556022E-04
       300     15  0.2587934E-16  0.1000000E+01  0.5549468E-16
       300     16 -0.4363473E-06  0.1000000E+01 -0.1553824E-04
       300     17 -0.8726998E-06  0.1000000E+01 -0.3105081E-04
       300     18 -0.1309034E-05  0.1000000E+01 -0.4653405E-04
       300     19 -0.1745328E-05  0.1000000E+01 -0.6198427E-04
       300     20 -0.8500278E-05  0.1000000E+01  0.3443328E-05
       300     21 -0.6373503E-05  0.1000000E+01  0.2584836E-05
       300     22 -0.4247818E-05  0.1000000E+01  0.1724787E-05
       300     23 -0.2123292E-05  0.1000000E+01  0.8631771E-06
       300     24  0.2587934E-16  0.1000000E+01  0.5549468E-16
       300     25  0.2121988E-05  0.1000000E+01 -0.8647487E-06
       300     26  0.4242599E-05  0.1000000E+01 -0.1731074E-05
       300     27  0.6361762E-05  0.1000000E+01 -0.2598981E-05
       300     28  0.8479404E-05  0.1000000E+01 -0.3468474E-05

       400      0  0.0000000E+00  0.0000000E+00  0.0000000E+00
       400      1  0.2747914E-16  0.1000000E+01 -0.5472016E-16
       400      2  0.9611201E-07  0.1000000E+01 -0.4234938E-04
       400      3  0.6983759E-07  0.1000000E+01 -0.3175803E-04
       400      4  0.4506323E-07  0.1000000E+01 -0.2116913E-04
       400      5  0.2178526E-07  0.1000000E+01 -0.1058302E-04
       400      6  0.2747914E-16  0.1000000E+01 -0.5472016E-16
       400      7 -0.2029618E-07  0.1000000E+01  0.1057960E-04
       400      8 -0.3910689E-07  0.1000000E+01  0.2115546E-04
       400      9 -0.5643573E-07  0.1000000E+01  0.3172727E-04
       400     10 -0.7228626E-07  0.1000000E+01  0.4229471E-04
       400     11  0.1235341E-05  0.1000000E+01  0.9989354E-04
       400     12  0.9330195E-06  0.1000000E+01  0.7488079E-04
       400     13  0.6263754E-06  0.1000000E+01  0.4989707E-04
       400     14  0.3153789E-06  0.1000000E+01  0.2493821E-04
       400     15  0.2747914E-16  0.1000000E+01 -0.5472016E-16
       400     16 -0.3197912E-06  0.1000000E+01 -0.2492175E-04
       400     17 -0.6440249E-06  0.1000000E+01 -0.4983125E-04
       400     18 -0.9727314E-06  0.1000000E+01 -0.7473271E-04
       400     19 -0.1305941E-05  0.1000000E+01 -0.9963034E-04
       400     20  0.3606310E-05  0.1000000E+01  0.4751404E-05
       400     21  0.2706011E-05  0.1000000E+01  0.3560816E-05
       400     22  0.1804922E-05  0.1000000E+01  0.2372054E-05
       400     23  0.9029500E-06  0.1000000E+01  0.1185116E-05
       400     24  0.2747914E-16  0.1000000E+01 -0.5472016E-16
       400     25 -0.9040218E-06  0.1000000E+01 -0.1183296E-05
       400     26 -0.1809210E-05  0.1000000E+01 -0.2364773E-05
       400     27 -0.2715658E-05  0.1000000E+01 -0.3544434E-05
       400     28 -0.3623461E-05  0.1000000E+01 -0.4722278E-05

       500      0  0.0000000E+00  0.0000000E+00  0.0000000E+00
       500      1 -0.5996679E-16  0.1000000E+01  0.1238483E-16
       500      2 -0.5164532E-06  0.1000000E+01  0.1098953E-04
       500      3 -0.3879702E-06  0.1000000E+01  0.8259852E-05
       500      4 -0.2590660E-06  0.1000000E+01  0.5518110E-05
       500      5 -0.1297421E-06  0.1000000E+01  0.2764696E-05
       500      6 -0.5996679E-16  0.1000000E+01  0.1238483E-16
       500      7  0.1301588E-06  0.1000000E+01 -0.2775587E-05
       500      8  0.2607327E-06  0.1000000E+01 -0.5561675E-05
       500      9  0.3917206E-06  0.1000000E+01 -0.8357873E-05
       500     10  0.5231209E-06  0.1000000E+01 -0.1116379E-04
       500     11 -0.3457783E-05  0.1000000E+01 -0.1633203E-03
       500     12 -0.2592664E-05  0.1000000E+01 -0.1225139E-03
       500     13 -0.1727993E-05  0.1000000E+01 -0.8169203E-04
       500     14 -0.8637707E-06  0.1000000E+01 -0.4085424E-04
       500     15 -0.5996679E-16  0.1000000E+01  0.1238483E-16
       500     16  0.8633178E-06  0.1000000E+01  0.4087123E-04
       500     17  0.1726181E-05  0.1000000E+01  0.8175999E-04
       500     18  0.2588589E-05  0.1000000E+01  0.1226668E-03
       500     19  0.3450539E-05  0.1000000E+01  0.1635923E-03
       500     20 -0.9983355E-05  0.1000000E+01 -0.1050831E-04
       500     21 -0.7489895E-05  0.1000000E+01 -0.7879215E-05
       500     22 -0.4994805E-05  0.1000000E+01 -0.5251459E-05
       500     23 -0.2498151E-05  0.1000000E+01 -0.2625049E-05
       500     24 -0.5996679E-16  0.1000000E+01  0.1238483E-16
       500     25  0.2499581E-05  0.1000000E+01  0.2623676E-05
       500     26  0.5000525E-05  0.1000000E+01  0.5245966E-05
       500     27  0.7502767E-05  0.1000000E+01  0.7866855E-05
       500     28  0.1000624E-04  0.1000000E+01  0.1048633E-04

       600      0  0.0000000E+00  0.0000000E+00  0.0000000E+00
       600      1  0.4690872E-16  0.1000000E+01  0.3935697E-16
       600      2  0.6428206E-06  0.1000000E+01  0.4442096E-04
       600      3  0.4820756E-06  0.1000000E+01  0.3331710E-04
       600      4  0.3213531E-06  0.1000000E+01  0.2221241E-04
       600      5  0.1606592E-06  0.1000000E+01  0.1110675E-04
       600      6  0.4690872E-16  0.1000000E+01  0.3935697E-16
       600      7 -0.1606183E-06  0.1000000E+01 -0.1110797E-04
       600      8 -0.3211896E-06  0.1000000E+01 -0.2221730E-04
       600      9 -0.4817076E-06  0.1000000E+01 -0.3332810E-04
       600     10 -0.6421660E-06  0.1000000E+01 -0.4444052E-04
       600     11  0.3212625E-05  0.1000000E+01  0.9205893E-04
       600     12  0.2407558E-05  0.1000000E+01  0.6901536E-04
       600     13  0.1603736E-05  0.1000000E+01  0.4598796E-04
       600     14  0.8012023E-06  0.1000000E+01  0.2298132E-04
       600     15  0.4690872E-16  0.1000000E+01  0.3935697E-16
       600     16 -0.7998276E-06  0.1000000E+01 -0.2295142E-04
       600     17 -0.1598238E-05  0.1000000E+01 -0.4586838E-04
       600     18 -0.2395188E-05  0.1000000E+01 -0.6874628E-04
       600     19 -0.3190637E-05  0.1000000E+01 -0.9158057E-04
       600     20 -0.1530184E-04  0.1000000E+01  0.6289201E-05
       600     21 -0.1147647E-04  0.1000000E+01  0.4713997E-05
       600     22 -0.7651040E-05  0.1000000E+01  0.3140727E-05
       600     23 -0.3825551E-05  0.1000000E+01  0.1569393E-05
       600     24  0.4690872E-16  0.1000000E+01  0.3935697E-16
       600     25  0.3825615E-05  0.1000000E+01 -0.1567450E-05
       600     26  0.7651295E-05  0.1000000E+01 -0.3132955E-05
       600     27  0.1147704E-04  0.1000000E+01 -0.4696510E-05
       600     28  0.1530285E-04  0.1000000E+01 -0.6258113E-05

       700      0  0.0000000E+00  0.0000000E+00  0.0000000E+00
       700      1  0.1777243E-17  0.1000000E+01 -0.6120654E-16
       700      2 -0.3039486E-06  0.1000000E+01 -0.7118831E-04
       700      3 -0.2296924E-06  0.1000000E+01 -0.5338627E-04
       700      4 -0.1542757E-06  0.1000000E+01 -0.3558724E-04
       700      5 -0.7770838E-07  0.1000000E+01 -0.1779167E-04
       700      6  0.1777243E-17  0.1000000E+01 -0.6120654E-16
       700      7  0.7883979E-07  0.1000000E+01  0.1778733E-04
       700      8  0.1588014E-06  0.1000000E+01  0.3556988E-04
       700      9  0.2398754E-06  0.1000000E+01  0.5334722E-04
       700     10  0.3220524E-06  0.1000000E+01  0.7111890E-04
       700     11 -0.6666056E-06  0.1000000E+01  0.3378610E-04
       700     12 -0.4963909E-06  0.1000000E+01  0.2528212E-04
       700     13 -0.3285111E-06  0.1000000E+01  0.1682059E-04
       700     14 -0.1630271E-06  0.1000000E+01  0.8395298E-05
       700     15  0.1777243E-17  0.1000000E+01 -0.6120654E-16
       700     16  0.1605081E-06  0.1000000E+01 -0.8371540E-05
       700     17  0.3184348E-06  0.1000000E+01 -0.1672557E-04
       700     18  0.4737170E-06  0.1000000E+01 -0.2506833E-04
       700     19  0.6262911E-06  0.1000000E+01 -0.3340608E-04
       700     20  0.1298659E-05  0.1000000E+01  0.2536252E-06
       700     21  0.9740421E-06  0.1000000E+01  0.1945167E-06
       700     22  0.6493443E-06  0.1000000E+01  0.1325329E-06
       700     23  0.3246392E-06  0.1000000E+01  0.6768890E-07
       700     24  0.1777243E-17  0.1000000E+01 -0.6120654E-16
       700     25 -0.3244997E-06  0.1000000E+01 -0.7051827E-07
       700     26 -0.6487867E-06  0.1000000E+01 -0.1438501E-06
       700     27 -0.9727874E-06  0.1000000E+01 -0.2199795E-06
       700     28 -0.1296428E-05  0.1000000E+01 -0.2988900E-06

       800      0  0.0000000E+00  0.0000000E+00  0.0000000E+00
       800      1 -0.4911337E-16  0.1000000E+01  0.3656880E-16
       800      2 -0.2861106E-06  0.1000000E+01  0.3512805E-04
       800      3 -0.2139064E-06  0.1000000E+01  0.2636696E-04
       800      4 -0.1421568E-06  0.1000000E+01  0.1759131E-04
       800      5 -0.7085651E-07  0.1000000E+01  0.8802021E-05
       800      6 -0.4911337E-16  0.1000000E+01  0.3656880E-16
       800      7  0.7041830E-07  0.1000000E+01 -0.8813837E-05
       800      8  0.1404040E-06  0.1000000E+01 -0.1763857E-04
       800      9  0.2099629E-06  0.1000000E+01 -0.2647330E-04
       800     10  0.2791008E-06  0.1000000E+01 -0.3531710E-04
       800     11 -0.2398000E-05  0.1000000E+01 -0.1008338E-03
       800     12 -0.1801826E-05  0.1000000E+01 -0.7564262E-04
       800     13 -0.1203464E-05  0.1000000E+01 -0.5044185E-04
       800     14 -0.6028708E-06  0.1000000E+01 -0.2522860E-04
       800     15 -0.4911337E-16  0.1000000E+01  0.3656880E-16
       800     16  0.6051934E-06  0.1000000E+01  0.2524686E-04
       800     17  0.1212755E-05  0.1000000E+01  0.5051487E-04
       800     18  0.1822731E-05  0.1000000E+01  0.7580695E-04
       800     19  0.2435166E-05  0.1000000E+01  0.1011260E-03
       800     20 -0.1013416E-04  0.1000000E+01 -0.8361222E-05
       800     21 -0.7596991E-05  0.1000000E+01 -0.6271975E-05
       800     22 -0.5062334E-05  0.1000000E+01 -0.4182020E-05
       800     23 -0.2530052E-05  0.1000000E+01 -0.2091360E-05
       800     24 -0.4911337E-16  0.1000000E+01  0.3656880E-16
       800     25  0.2527965E-05  0.1000000E+01  0.2092058E-05
       800     26  0.5053986E-05  0.1000000E+01  0.4184809E-05
       800     27  0.7578207E-05  0.1000000E+01  0.6278250E-05
       800     28  0.1010077E-04  0.1000000E+01  0.8372377E-05

       900      0  0.0000000E+00  0.0000000E+00  0.0000000E+00
       900      1  0.5914712E-16  0.1000000E+01  0.1584352E-16
       900      2  0.7331672E-06  0.1000000E+01  0.3950357E-04
       900      3  0.5500333E-06  0.1000000E+01  0.2962307E-04
       900      4  0.3667930E-06  0.1000000E+01  0.1974617E-04
       900      5  0.1834479E-06  0.1000000E+01  0.9872073E-05
       900      6  0.5914712E-16  0.1000000E+01  0.1584352E-16
       900      7 -0.1835487E-06  0.1000000E+01 -0.9870839E-05
       900      8 -0.3671961E-06  0.1000000E+01 -0.1974123E-04
       900      9 -0.5509402E-06  0.1000000E+01 -0.2961196E-04
       900     10 -0.7347787E-06  0.1000000E+01 -0.3948382E-04
       900     11  0.3829601E-05  0.1000000E+01  0.7250959E-04
       900     12  0.2867998E-05  0.1000000E+01  0.5435936E-04
       900     13  0.1909183E-05  0.1000000E+01  0.3622290E-04
       900     14  0.9531771E-06  0.1000000E+01  0.1810238E-04
       900     15  0.5914712E-16  0.1000000E+01  0.1584352E-16
       900     16 -0.9503286E-06  0.1000000E+01 -0.1808208E-04
       900     17 -0.1897789E-05  0.1000000E+01 -0.3614168E-04
       900     18 -0.2842363E-05  0.1000000E+01 -0.5417665E-04
       900     19 -0.3784031E-05  0.1000000E+01 -0.7218480E-04
       900     20 -0.2243424E-05  0.1000000E+01  0.9151773E-05
       900     21 -0.1686046E-05  0.1000000E+01  0.6858793E-05
       900     22 -0.1126487E-05  0.1000000E+01  0.4569152E-05
       900     23 -0.5645412E-06  0.1000000E+01  0.2282879E-05
       900     24  0.5914712E-16  0.1000000E+01  0.1584352E-16
       900     25  0.5673435E-06  0.1000000E+01 -0.2279459E-05
       900     26  0.1137697E-05  0.1000000E+01 -0.4555469E-05
       900     27  0.1711267E-05  0.1000000E+01 -0.6828005E-05
       900     28  0.2288262E-05  0.1000000E+01 -0.9097039E-05

      1000      0  0.0000000E+00  0.0000000E+00  0.0000000E+00
      1000      1 -0.2425772E-16  0.1000000E+01 -0.5622244E-16
      1000      2 -0.6917915E-06  0.1000000E+01 -0.8789799E-04
      1000      3 -0.5197486E-06  0.1000000E+01 -0.6591740E-04
      1000      4 -0.3470947E-06  0.1000000E+01 -0.4394082E-04
      1000      5 -0.1738413E-06  0.1000000E+01 -0.2196833E-04
      1000      6 -0.2425772E-16  0.1000000E+01 -0.5622244E-16
      1000      7  0.1744179E-06  0.1000000E+01  0.2196409E-04
      1000      8  0.3494010E-06  0.1000000E+01  0.4392386E-04
      1000      9  0.5249381E-06  0.1000000E+01  0.6587924E-04
      1000     10  0.7010180E-06  0.1000000E+01  0.8783016E-04
      1000     11 -0.2510100E-05  0.1000000E+01 -0.3237320E-05
      1000     12 -0.1883442E-05  0.1000000E+01 -0.2462648E-05
      1000     13 -0.1256157E-05  0.1000000E+01 -0.1662007E-05
      1000     14 -0.6283182E-06  0.1000000E+01 -0.8396952E-06
      1000     15 -0.2425772E-16  0.1000000E+01 -0.5622244E-16
      1000     16  0.6287231E-06  0.1000000E+01  0.8527962E-06
      1000     17  0.1257775E-05  0.1000000E+01  0.1714417E-05
      1000     18  0.1887081E-05  0.1000000E+01  0.2580589E-05
      1000     19  0.2516562E-05  0.1000000E+01  0.3447044E-05
      1000     20  0.1333447E-04  0.1000000E+01 -0.3018878E-05
      1000     21  0.1000301E-04  0.1000000E+01 -0.2256922E-05
      1000     22  0.6669965E-05  0.1000000E+01 -0.1499806E-05
      1000     23  0.3335556E-05  0.1000000E+01 -0.7475069E-06
      1000     24 -0.2425772E-16  0.1000000E+01 -0.5622244E-16
      1000     25 -0.3336487E-05  0.1000000E+01  0.7427384E-06
      1000     26 -0.6673689E-05  0.1000000E+01  0.1480732E-05
      1000     27 -0.1001139E-04  0.1000000E+01  0.2214003E-05
      1000     28 -0.1334937E-04  0.1000000E+01  0.2942575E-05

      1100      0  0.0000000E+00  0.0000000E+00  0.0000000E+00
      1100      1 -0.2905580E-16  0.1000000E+01  0.5389954E-16
      1100      2  0.1494924E-06  0.1000000E+01  0.6298636E-04
      1100      3  0.1138149E-06  0.1000000E+01  0.4725557E-04
      1100      4  0.7699768E-07  0.1000000E+01  0.3151349E-04
      1100      5  0.3905466E-07  0.1000000E+01  0.1576126E-04
      1100      6 -0.2905580E-16  0.1000000E+01  0.5389954E-16
      1100      7 -0.4015210E-07  0.1000000E+01 -0.1576915E-04
      1100      8 -0.8138740E-07  0.1000000E+01 -0.3154505E-04
      1100      9 -0.1236916E-06  0.1000000E+01 -0.4732659E-04
      1100     10 -0.1670503E-06  0.1000000E+01 -0.6311263E-04
      1100     11 -0.5303208E-06  0.1000000E+01 -0.2969195E-04
      1100     12 -0.4049233E-06  0.1000000E+01 -0.2227651E-04
      1100     13 -0.2748071E-06  0.1000000E+01 -0.1485782E-04
      1100     14 -0.1398676E-06  0.1000000E+01 -0.7433204E-05
      1100     15 -0.2905580E-16  0.1000000E+01  0.5389954E-16
      1100     16  0.1449003E-06  0.1000000E+01  0.7444478E-05
      1100     17  0.2949380E-06  0.1000000E+01  0.1490292E-04
      1100     18  0.4502179E-06  0.1000000E+01  0.2237804E-04
      1100     19  0.6108448E-06  0.1000000E+01  0.2987253E-04
      1100     20 -0.5302691E-07  0.1000000E+01 -0.3940704E-05
      1100     21 -0.3830033E-07  0.1000000E+01 -0.2957398E-05
      1100     22 -0.2464182E-07  0.1000000E+01 -0.1972840E-05
      1100     23 -0.1191901E-07  0.1000000E+01 -0.9870379E-06
      1100     24 -0.2905580E-16  0.1000000E+01  0.5389954E-16
      1100     25  0.1124676E-07  0.1000000E+01  0.9882665E-06
      1100     26  0.2195250E-07  0.1000000E+01  0.1977755E-05
      1100     27  0.3224822E-07  0.1000000E+01  0.2968459E-05
      1100     28  0.4226476E-07  0.1000000E+01  0.3960372E-05

      1200      0  0.0000000E+00  0.0000000E+00  0.0000000E+00
      1200      1  0.6030099E-16  0.1000000E+01 -0.1063910E-16
      1200      2  0.5235979E-06  0.1000000E+01  0.1736228E-04
      1200      3  0.3928724E-06  0.1000000E+01  0.1300803E-04
      1200      4  0.2620363E-06  0.1000000E+01  0.8663918E-05
      1200      5  0.1310816E-06  0.1000000E+01  0.4328413E-05
      1200      6  0.6030099E-16  0.1000000E+01 -0.1063910E-16
      1200      7 -0.1312165E-06  0.1000000E+01 -0.4322843E-05
      1200      8 -0.2625760E-06  0.1000000E+01 -0.8641637E-05
      1200      9 -0.3940864E-06  0.1000000E+01 -0.1295791E-04
      1200     10 -0.5257558E-06  0.1000000E+01 -0.1727317E-04
      1200     11  0.3301952E-05  0.1000000E+01  0.1157908E-04
      1200     12  0.2471313E-05  0.1000000E+01  0.8675703E-05
      1200     13  0.1644147E-05  0.1000000E+01  0.5778618E-05
      1200     14  0.8203959E-06  0.1000000E+01  0.2886998E-05
      1200     15  0.6030099E-16  0.1000000E+01 -0.1063910E-16
      1200     16 -0.8171000E-06  0.1000000E+01 -0.2883239E-05
      1200     17 -0.1630964E-05  0.1000000E+01 -0.5763599E-05
      1200     18 -0.2441651E-05  0.1000000E+01 -0.8641972E-05
      1200     19 -0.3249220E-05  0.1000000E+01 -0.1151927E-04
      1200     20  0.1094009E-04  0.1000000E+01  0.9939266E-05
      1200     21  0.8204967E-05  0.1000000E+01  0.7450639E-05
      1200     22  0.5469915E-05  0.1000000E+01  0.4964545E-05
      1200     23  0.2734928E-05  0.1000000E+01  0.2480995E-05
      1200     24  0.6030099E-16  0.1000000E+01 -0.1063910E-16
      1200     25 -0.2734876E-05  0.1000000E+01 -0.2478430E-05
      1200     26 -0.5469706E-05  0.1000000E+01 -0.4954283E-05
      1200     27 -0.8204495E-05  0.1000000E+01 -0.7427550E-05
      1200     28 -0.1093925E-04  0.1000000E+01 -0.9898218E-05

      1300      0  0.0000000E+00  0.0000000E+00  0.0000000E+00
      1300      1 -0.4574664E-16  0.1000000E+01 -0.4070190E-16
      1300      2 -0.8710083E-06  0.1000000E+01 -0.8441947E-04
      1300      3 -0.6533006E-06  0.1000000E+01 -0.6330693E-04
      1300      4 -0.4355600E-06  0.1000000E+01 -0.4220001E-04
      1300      5 -0.2177914E-06  0.1000000E+01 -0.2109796E-04
      1300      6 -0.4574664E-16  0.1000000E+01 -0.4070190E-16
      1300      7  0.2178094E-06  0.1000000E+01  0.2109462E-04
      1300      8  0.4356317E-06  0.1000000E+01  0.4218667E-04
      1300      9  0.6534623E-06  0.1000000E+01  0.6327690E-04
      1300     10  0.8712963E-06  0.1000000E+01  0.8436607E-04
      1300     11 -0.3666722E-05  0.1000000E+01  0.8118392E-05
      1300     12 -0.2753876E-05  0.1000000E+01  0.6108807E-05
      1300     13 -0.1838453E-05  0.1000000E+01  0.4084841E-05
      1300     14 -0.9204848E-06  0.1000000E+01  0.2048048E-05
      1300     15 -0.4574664E-16  0.1000000E+01 -0.4070190E-16
      1300     16  0.9229713E-06  0.1000000E+01 -0.2057712E-05
      1300     17  0.1848399E-05  0.1000000E+01 -0.4123482E-05
      1300     18  0.2776254E-05  0.1000000E+01 -0.6195686E-05
      1300     19  0.3706504E-05  0.1000000E+01 -0.8272690E-05
      1300     20  0.1416106E-04  0.1000000E+01 -0.6277746E-05
      1300     21  0.1061848E-04  0.1000000E+01 -0.4705107E-05
      1300     22  0.7077544E-05  0.1000000E+01 -0.3134599E-05
      1300     23  0.3538097E-05  0.1000000E+01 -0.1566227E-05
      1300     24 -0.4574664E-16  0.1000000E+01 -0.4070190E-16
      1300     25 -0.3536892E-05  0.1000000E+01  0.1564076E-05
      1300     26 -0.7072724E-05  0.1000000E+01  0.3125993E-05
      1300     27 -0.1060764E-04  0.1000000E+01  0.4685743E-05
      1300     28 -0.1414179E-04  0.1000000E+01  0.6243317E-05

      1400      0  0.0000000E+00  0.0000000E+00  0.0000000E+00
      1400      1 -0.3552988E-17  0.1000000E+01  0.6112917E-16
      1400      2  0.6111253E-06  0.1000000E+01  0.8018524E-04
      1400      3  0.4603192E-06  0.1000000E+01  0.6014456E-04
      1400      4  0.3081848E-06  0.1000000E+01  0.4009966E-04
      1400      5  0.1547393E-06  0.1000000E+01  0.2005123E-04
      1400      6 -0.3552988E-17  0.1000000E+01  0.6112917E-16
      1400      7 -0.1560161E-06  0.1000000E+01 -0.2005334E-04
      1400      8 -0.3132918E-06  0.1000000E+01 -0.4010807E-04
      1400      9 -0.4718099E-06  0.1000000E+01 -0.6016350E-04
      1400     10 -0.6315535E-06  0.1000000E+01 -0.8021891E-04
      1400     11  0.1554472E-05  0.1000000E+01  0.1563089E-04
      1400     12  0.1156605E-05  0.1000000E+01  0.1172210E-04
      1400     13  0.7648230E-06  0.1000000E+01  0.7815887E-05
      1400     14  0.3792476E-06  0.1000000E+01  0.3909449E-05
      1400     15 -0.3552988E-17  0.1000000E+01  0.6112917E-16
      1400     16 -0.3727984E-06  0.1000000E+01 -0.3915235E-05
      1400     17 -0.7390261E-06  0.1000000E+01 -0.7839015E-05
      1400     18 -0.1098561E-05  0.1000000E+01 -0.1177408E-04
      1400     19 -0.1451283E-05  0.1000000E+01 -0.1572316E-04
      1400     20 -0.4825526E-05  0.1000000E+01 -0.5970276E-07
      1400     21 -0.3620245E-05  0.1000000E+01 -0.4267222E-07
      1400     22 -0.2414051E-05  0.1000000E+01 -0.2701447E-07
      1400     23 -0.1207213E-05  0.1000000E+01 -0.1277522E-07
      1400     24 -0.3552988E-17  0.1000000E+01  0.6112917E-16
      1400     25  0.1207318E-05  0.1000000E+01  0.1126583E-07
      1400     26  0.2414470E-05  0.1000000E+01  0.2097706E-07
      1400     27  0.3621190E-05  0.1000000E+01  0.2908867E-07
      1400     28  0.4827205E-05  0.1000000E+01  0.3555579E-07

      1500      0  0.0000000E+00  0.0000000E+00  0.0000000E+00
      1500      1  0.5015407E-16  0.1000000E+01 -0.3512789E-16
      1500      2  0.6872804E-07  0.1000000E+01 -0.1021317E-04
      1500      3  0.5125413E-07  0.1000000E+01 -0.7680570E-05
      1500      4  0.3398712E-07  0.1000000E+01 -0.5132974E-05
      1500      5  0.1690858E-07  0.1000000E+01 -0.2572184E-05
      1500      6  0.5015407E-16  0.1000000E+01 -0.3512789E-16
      1500      7 -0.1675718E-07  0.1000000E+01  0.2581778E-05
      1500      8 -0.3338158E-07  0.1000000E+01  0.5171351E-05
      1500      9 -0.4989191E-07  0.1000000E+01  0.7766916E-05
      1500     10 -0.6630692E-07  0.1000000E+01  0.1036667E-04
      1500     11  0.1759845E-05  0.1000000E+01 -0.6223287E-04
      1500     12  0.1315621E-05  0.1000000E+01 -0.4666028E-04
      1500     13  0.8743375E-06  0.1000000E+01 -0.3109711E-04
      1500     14  0.4358461E-06  0.1000000E+01 -0.1554360E-04
      1500     15  0.5015407E-16  0.1000000E+01 -0.3512789E-16
      1500     16 -0.4333483E-06  0.1000000E+01  0.1553341E-04
      1500     17 -0.8643467E-06  0.1000000E+01  0.3105634E-04
      1500     18 -0.1293143E-05  0.1000000E+01  0.4656846E-04
      1500     19 -0.1719887E-05  0.1000000E+01  0.6206943E-04
      1500     20  0.5095346E-05  0.1000000E+01  0.7260388E-05
      1500     21  0.3823839E-05  0.1000000E+01  0.5440272E-05
      1500     22  0.2551010E-05  0.1000000E+01  0.3623508E-05
      1500     23  0.1276512E-05  0.1000000E+01  0.1810087E-05
      1500     24  0.5015407E-16  0.1000000E+01 -0.3512789E-16
      1500     25 -0.1278870E-05  0.1000000E+01 -0.1806761E-05
      1500     26 -0.2560445E-05  0.1000000E+01 -0.3610206E-05
      1500     27 -0.3845070E-05  0.1000000E+01 -0.5410343E-05
      1500     28 -0.5133090E-05  0.1000000E+01 -0.7207180E-05

      1600      0  0.0000000E+00  0.0000000E+00  0.0000000E+00
      1600      1 -0.5866235E-16  0.1000000E+01 -0.1755357E-16
      1600      2 -0.7272915E-06  0.1000000E+01 -0.6273348E-04
      1600      3 -0.5449295E-06  0.1000000E+01 -0.4704240E-04
      1600      4 -0.3629327E-06  0.1000000E+01 -0.3135755E-04
      1600      5 -0.1812923E-06  0.1000000E+01 -0.1567729E-04
      1600      6 -0.5866235E-16  0.1000000E+01 -0.1755357E-16
      1600      7  0.1809527E-06  0.1000000E+01  0.1567596E-04
      1600      8  0.3615743E-06  0.1000000E+01  0.3135222E-04
      1600      9  0.5418731E-06  0.1000000E+01  0.4703040E-04
      1600     10  0.7218575E-06  0.1000000E+01  0.6271215E-04
      1600     11 -0.3732758E-05  0.1000000E+01  0.6315369E-04
      1600     12 -0.2803465E-05  0.1000000E+01  0.4743316E-04
      1600     13 -0.1871627E-05  0.1000000E+01  0.3166212E-04
      1600     14 -0.9371651E-06  0.1000000E+01  0.1584844E-04
      1600     15 -0.5866235E-16  0.1000000E+01 -0.1755357E-16
      1600     16  0.9399489E-06  0.1000000E+01 -0.1587533E-04
      1600     17  0.1882763E-05  0.1000000E+01 -0.3176963E-04
      1600     18  0.2828523E-05  0.1000000E+01 -0.4767499E-04
      1600     19  0.3777312E-05  0.1000000E+01 -0.6358347E-04
      1600     20 -0.2190437E-05  0.1000000E+01 -0.9269143E-05
      1600     21 -0.1647561E-05  0.1000000E+01 -0.6948874E-05
      1600     22 -0.1101308E-05  0.1000000E+01 -0.4630575E-05
      1600     23 -0.5520106E-06  0.1000000E+01 -0.2314274E-05
      1600     24 -0.5866235E-16  0.1000000E+01 -0.1755357E-16
      1600     25  0.5543927E-06  0.1000000E+01  0.2312220E-05
      1600     26  0.1110837E-05  0.1000000E+01  0.4622359E-05
      1600     27  0.1669003E-05  0.1000000E+01  0.6930390E-05
      1600     28  0.2228562E-05  0.1000000E+01  0.9236286E-05

      1700      0  0.0000000E+00  0.0000000E+00  0.0000000E+00
      1700      1  0.2261567E-16  0.1000000E+01  0.5690282E-16
      1700      2  0.8877255E-06  0.1000000E+01  0.7763282E-04
      1700      3  0.6672797E-06  0.1000000E+01  0.5822002E-04
      1700      4  0.4458369E-06  0.1000000E+01  0.3881047E-04
      1700      5  0.2234071E-06  0.1000000E+01  0.1940389E-04
      1700      6  0.2261567E-16  0.1000000E+01  0.5690282E-16
      1700      7 -0.2243746E-06  0.1000000E+01 -0.1940148E-04
      1700      8 -0.4497071E-06  0.1000000E+01 -0.3880082E-04
      1700      9 -0.6759879E-06  0.1000000E+01 -0.5819832E-04
      1700     10 -0.9032076E-06  0.1000000E+01 -0.7759424E-04
      1700     11  0.3163895E-05  0.1000000E+01  0.1344607E-04
      1700     12  0.2364830E-05  0.1000000E+01  0.1007712E-04
      1700     13  0.1571123E-05  0.1000000E+01  0.6721694E-05
      1700     14  0.7828280E-06  0.1000000E+01  0.3366932E-05
      1700     15  0.2261567E-16  0.1000000E+01  0.5690282E-16
      1700     16 -0.7773061E-06  0.1000000E+01 -0.3391936E-05
      1700     17 -0.1549034E-05  0.1000000E+01 -0.6821700E-05
      1700     18 -0.2315127E-05  0.1000000E+01 -0.1030210E-04
      1700     19 -0.3075527E-05  0.1000000E+01 -0.1384593E-04
      1700     20 -0.1684980E-04  0.1000000E+01  0.3160139E-05
      1700     21 -0.1263727E-04  0.1000000E+01  0.2369641E-05
      1700     22 -0.8424664E-05  0.1000000E+01  0.1579470E-05
      1700     23 -0.4212176E-05  0.1000000E+01  0.7896001E-06
      1700     24  0.2261567E-16  0.1000000E+01  0.5690282E-16
      1700     25  0.4211667E-05  0.1000000E+01 -0.7893609E-06
      1700     26  0.8422628E-05  0.1000000E+01 -0.1578515E-05
      1700     27  0.1263269E-04  0.1000000E+01 -0.2367494E-05
      1700     28  0.1684165E-04  0.1000000E+01 -0.3156334E-05

      1800      0  0.0000000E+00  0.0000000E+00  0.0000000E+00
      1800      1  0.3060797E-16  0.1000000E+01 -0.5303350E-16
      1800      2 -0.4540613E-06  0.1000000E+01 -0.2871374E-04
      1800      3 -0.3417169E-06  0.1000000E+01 -0.2155501E-04
      1800      4 -0.2285774E-06  0.1000000E+01 -0.1438230E-04
      1800      5 -0.1146644E-06  0.1000000E+01 -0.7196870E-05
      1800      6  0.3060797E-16  0.1000000E+01 -0.5303350E-16
      1800      7  0.1153938E-06  0.1000000E+01  0.7207041E-05
      1800      8  0.2314946E-06  0.1000000E+01  0.1442298E-04
      1800      9  0.3482801E-06  0.1000000E+01  0.2164656E-04
      1800     10  0.4657276E-06  0.1000000E+01  0.2887649E-04
      1800     11 -0.2880278E-06  0.1000000E+01 -0.1139622E-03
      1800     12 -0.2175644E-06  0.1000000E+01 -0.8541958E-04
      1800     13 -0.1459586E-06  0.1000000E+01 -0.5691618E-04
      1800     14 -0.7338045E-07  0.1000000E+01 -0.2844524E-04
      1800     15  0.3060797E-16  0.1000000E+01 -0.5303350E-16
      1800     16  0.7401215E-07  0.1000000E+01  0.2842630E-04
      1800     17  0.1484850E-06  0.1000000E+01  0.5684042E-04
      1800     18  0.2232470E-06  0.1000000E+01  0.8524908E-04
      1800     19  0.2981259E-06  0.1000000E+01  0.1136590E-03
      1800     20 -0.1246754E-05  0.1000000E+01  0.3177721E-05
      1800     21 -0.9352620E-06  0.1000000E+01  0.2382656E-05
      1800     22 -0.6236478E-06  0.1000000E+01  0.1588002E-05
      1800     23 -0.3118983E-06  0.1000000E+01  0.7937769E-06
      1800     24  0.3060797E-16  0.1000000E+01 -0.5303350E-16
      1800     25  0.3120601E-06  0.1000000E+01 -0.7933086E-06
      1800     26  0.6242945E-06  0.1000000E+01 -0.1586128E-05
      1800     27  0.9367151E-06  0.1000000E+01 -0.2378436E-05
      1800     28  0.1249333E-05  0.1000000E+01 -0.3170211E-05

      1900      0  0.0000000E+00  0.0000000E+00  0.0000000E+00
      1900      1 -0.6058438E-16  0.1000000E+01  0.8884411E-17
      1900      2 -0.2899006E-06  0.1000000E+01 -0.3389428E-04
      1900      3 -0.2168095E-06  0.1000000E+01 -0.2541532E-04
      1900      4 -0.1441440E-06  0.1000000E+01 -0.1694122E-04
      1900      5 -0.7188159E-07  0.1000000E+01 -0.8470086E-05
      1900      6 -0.6058438E-16  0.1000000E+01  0.8884411E-17
      1900      7  0.7152300E-07  0.1000000E+01  0.8470944E-05
      1900      8  0.1427094E-06  0.1000000E+01  0.1694465E-04
      1900      9  0.2135811E-06  0.1000000E+01  0.2542304E-04
      1900     10  0.2841597E-06  0.1000000E+01  0.3390800E-04
      1900     11 -0.2698166E-05  0.1000000E+01  0.1353779E-03
      1900     12 -0.2025667E-05  0.1000000E+01  0.1016088E-03
      1900     13 -0.1351937E-05  0.1000000E+01  0.6778301E-04
      1900     14 -0.6767807E-06  0.1000000E+01  0.3391023E-04
      1900     15 -0.6058438E-16  0.1000000E+01  0.8884411E-17
      1900     16  0.6786028E-06  0.1000000E+01 -0.3393811E-04
      1900     17  0.1359226E-05  0.1000000E+01 -0.6789451E-04
      1900     18  0.2042070E-05  0.1000000E+01 -0.1018596E-03
      1900     19  0.2727335E-05  0.1000000E+01 -0.1358237E-03
      1900     20 -0.9287162E-05  0.1000000E+01 -0.9474858E-05
      1900     21 -0.6962349E-05  0.1000000E+01 -0.7103444E-05
      1900     22 -0.4639696E-05  0.1000000E+01 -0.4733841E-05
      1900     23 -0.2318986E-05  0.1000000E+01 -0.2366032E-05
      1900     24 -0.6058438E-16  0.1000000E+01  0.8884411E-17
      1900     25  0.2317483E-05  0.1000000E+01  0.2364273E-05
      1900     26  0.4633685E-05  0.1000000E+01  0.4726804E-05
      1900     27  0.6948826E-05  0.1000000E+01  0.7087613E-05
      1900     28  0.9263130E-05  0.1000000E+01  0.9446717E-05

      2000      0  0.0000000E+00  0.0000000E+00  0.0000000E+00
      2000      1  0.4454601E-16  0.1000000E+01  0.4201252E-16
      2000      2  0.8388080E-06  0.1000000E+01  0.5606814E-04
      2000      3  0.6295617E-06  0.1000000E+01  0.4204018E-04
      2000      4  0.4200161E-06  0.1000000E+01  0.2802036E-04
      2000      5  0.2101644E-06  0.1000000E+01  0.1400739E-04
      2000      6  0.4454601E-16  0.1000000E+01  0.4201252E-16
      2000      7 -0.2104842E-06  0.1000000E+01 -0.1400311E-04
      2000      8 -0.4212953E-06  0.1000000E+01 -0.2800322E-04
      2000      9 -0.6324404E-06  0.1000000E+01 -0.4200161E-04
      2000     10 -0.8439271E-06  0.1000000E+01 -0.5599958E-04
      2000     11  0.3788161E-05  0.1000000E+01 -0.3432598E-04
      2000     12  0.2836939E-05  0.1000000E+01 -0.2577838E-04
      2000     13  0.1888564E-05  0.1000000E+01 -0.1719278E-04
      2000     14  0.9429465E-06  0.1000000E+01 -0.8592279E-05
      2000     15  0.4454601E-16  0.1000000E+01  0.4201252E-16
      2000     16 -0.9403626E-06  0.1000000E+01  0.8560935E-05
      2000     17 -0.1878226E-05  0.1000000E+01  0.1706739E-04
      2000     18 -0.2813675E-05  0.1000000E+01  0.2549623E-04
      2000     19 -0.3746792E-05  0.1000000E+01  0.3382429E-04
      2000     20 -0.1075330E-04  0.1000000E+01  0.6891853E-05
      2000     21 -0.8066393E-05  0.1000000E+01  0.5164026E-05
      2000     22 -0.5378799E-05  0.1000000E+01  0.3439428E-05
      2000     23 -0.2690131E-05  0.1000000E+01  0.1718078E-05
      2000     24  0.4454601E-16  0.1000000E+01  0.4201252E-16
      2000     25  0.2691983E-05  0.1000000E+01 -0.1714788E-05
      2000     26  0.5386208E-05  0.1000000E+01 -0.3426265E-05
      2000     27  0.8083064E-05  0.1000000E+01 -0.5134415E-05
      2000     28  0.1078294E-04  0.1000000E+01 -0.6839220E-05
