# number of spin vectors:      29
# iteration vector   S_X            S_Y            S_Z
         0      0  0.0000000E+00  0.0000000E+00  0.0000000E+00
         0      1  0.0000000E+00  0.1000000E+01  0.6123234E-16
         0      2  0.0000000E+00  0.1000000E+01  0.6123234E-16
         0      3  0.0000000E+00  0.1000000E+01  0.6123234E-16
         0      4  0.0000000E+00  0.1000000E+01  0.6123234E-16
         0      5  0.0000000E+00  0.1000000E+01  0.6123234E-16
         0      6  0.0000000E+00  0.1000000E+01  0.6123234E-16
         0      7  0.0000000E+00  0.1000000E+01  0.6123234E-16
         0      8  0.0000000E+00  0.1000000E+01  0.6123234E-16
         0      9  0.0000000E+00  0.1000000E+01  0.6123234E-16
         0     10  0.0000000E+00  0.1000000E+01  0.6123234E-16
         0     11  0.0000000E+00  0.1000000E+01  0.6123234E-16
         0     12  0.0000000E+00  0.1000000E+01  0.6123234E-16
         0     13  0.0000000E+00  0.1000000E+01  0.6123234E-16
         0     14  0.0000000E+00  0.1000000E+01  0.6123234E-16
         0     15  0.0000000E+00  0.1000000E+01  0.6123234E-16
         0     16  0.0000000E+00  0.1000000E+01  0.6123234E-16
         0     17  0.0000000E+00  0.1000000E+01  0.6123234E-16
         0     18  0.0000000E+00  0.1000000E+01  0.6123234E-16
         0     19  0.0000000E+00  0.1000000E+01  0.6123234E-16
         0     20  0.0000000E+00  0.1000000E+01  0.6123234E-16
         0     21  0.0000000E+00  0.1000000E+01  0.6123234E-16
         0     22  0.0000000E+00  0.1000000E+01  0.6123234E-16
         0     23  0.0000000E+00  0.1000000E+01  0.6123234E-16
         0     24  0.0000000E+00  0.1000000E+01  0.6123234E-16
         0     25  0.0000000E+00  0.1000000E+01  0.6123234E-16
         0     26  0.0000000E+00  0.1000000E+01  0.6123234E-16
         0     27  0.0000000E+00  0.1000000E+01  0.6123234E-16
         0     28  0.0000000E+00  0.1000000E+01  0.6123234E-16

       100      0  0.0000000E+00  0.0000000E+00  0.0000000E+00
       100      1  0.4803128E-16  0.1000000E+01 -0.3797888E-16
       100      2  0.3300745E-06  0.1000000E+01 -0.1545143E-04
       100      3  0.2449049E-06  0.1000000E+01 -0.1158786E-04
       100      4  0.1615026E-06  0.1000000E+01 -0.7724759E-05
       100      5  0.7986765E-07  0.1000000E+01 -0.3862137E-05
       100      6  0.4803128E-16  0.1000000E+01 -0.3797888E-16
       100      7 -0.7810030E-07  0.1000000E+01  0.3861646E-05
       100      8 -0.1544332E-06  0.1000000E+01  0.7722794E-05
       100      9 -0.2289988E-06  0.1000000E+01  0.1158344E-04
       100     10 -0.3017970E-06  0.1000000E+01  0.1544357E-04
       100     11  0.2569342E-05  0.1000000E+01  0.1614664E-03
       100     12  0.1938176E-05  0.1000000E+01  0.1210933E-03
       100     13  0.1299564E-05  0.1000000E+01  0.8072483E-04
       100     14  0.6535052E-06  0.1000000E+01  0.4036055E-04
       100     15  0.4803128E-16  0.1000000E+01 -0.3797888E-16
       100     16 -0.6609521E-06  0.1000000E+01 -0.4035730E-04
       100     17 -0.1329351E-05  0.1000000E+01 -0.8071181E-04
       100     18 -0.2005198E-05  0.1000000E+01 -0.1210640E-03
       100     19 -0.2688493E-05  0.1000000E+01 -0.1614144E-03
       100     20  0.1383278E-04  0.1000000E+01  0.9072858E-05
       100     21  0.1037610E-04  0.1000000E+01  0.6805125E-05
       100     22  0.6918417E-05  0.1000000E+01  0.4536946E-05
       100     23  0.3459716E-05  0.1000000E+01  0.2268508E-05
       100     24  0.4803128E-16  0.1000000E+01 -0.3797888E-16
       100     25 -0.3460730E-05  0.1000000E+01 -0.2268391E-05
       100     26 -0.6922476E-05  0.1000000E+01 -0.4536475E-05
       100     27 -0.1038524E-04  0.1000000E+01 -0.6804064E-05
       100     28 -0.1384901E-04  0.1000000E+01 -0.9070969E-05

       200      0  0.0000000E+00  0.0000000E+00  0.0000000E+00
       200      1 -0.5958206E-16  0.1000000E+01 -0.1412013E-16
       200      2 -0.4746887E-06  0.1000000E+01  0.3064601E-05
       200      3 -0.3578757E-06  0.1000000E+01  0.2304055E-05
       200      4 -0.2398229E-06  0.1000000E+01  0.1539749E-05
       200      5 -0.1205308E-06  0.1000000E+01  0.7717194E-06
       200      6 -0.5958206E-16  0.1000000E+01 -0.1412013E-16
       200      7  0.1217689E-06  0.1000000E+01 -0.7753743E-06
       200      8  0.2447752E-06  0.1000000E+01 -0.1554369E-05
       200      9  0.3690185E-06  0.1000000E+01 -0.2336949E-05
       200     10  0.4944982E-06  0.1000000E+01 -0.3123080E-05
       200     11 -0.3473845E-05  0.1000000E+01 -0.1870618E-03
       200     12 -0.2597456E-05  0.1000000E+01 -0.1403229E-03
       200     13 -0.1726346E-05  0.1000000E+01 -0.9356603E-04
       200     14 -0.8605245E-06  0.1000000E+01 -0.4679157E-04
       200     15 -0.5958206E-16  0.1000000E+01 -0.1412013E-16
       200     16  0.8552187E-06  0.1000000E+01  0.4680824E-04
       200     17  0.1705123E-05  0.1000000E+01  0.9363271E-04
       200     18  0.2549705E-05  0.1000000E+01  0.1404730E-03
       200     19  0.3388954E-05  0.1000000E+01  0.1873286E-03
       200     20  0.6799678E-05  0.1000000E+01 -0.9165180E-05
       200     21  0.5095823E-05  0.1000000E+01 -0.6894065E-05
       200     22  0.3394607E-05  0.1000000E+01 -0.4609334E-05
       200     23  0.1696007E-05  0.1000000E+01 -0.2311226E-05
       200     24 -0.5958206E-16  0.1000000E+01 -0.1412013E-16
       200     25 -0.1693437E-05  0.1000000E+01  0.2324071E-05
       200     26 -0.3384328E-05  0.1000000E+01  0.4660697E-05
       200     27 -0.5072696E-05  0.1000000E+01  0.7009571E-05
       200     28 -0.6758564E-05  0.1000000E+01  0.9370370E-05

       300      0  0.0000000E+00  0.0000000E+00  0.0000000E+00
       300      1  0.2587934E-16  0.1000000E+01  0.5549468E-16
       300      2  0.3381736E-06  0.1000000E+01  0.2890810E-04
       300      3  0.2537273E-06  0.1000000E+01  0.2168577E-04
       300      4  0.1692155E-06  0.1000000E+01  0.1446033E-04
       300      5  0.8463933E-07  0.1000000E+01  0.7231747E-05
       300      6  0.2587934E-16  0.1000000E+01  0.5549468E-16
       300      7 -0.8470132E-07  0.1000000E+01 -0.7234936E-05
       300      8 -0.1694634E-06  0.1000000E+01 -0.1447308E-04
       300      9 -0.2542851E-06  0.1000000E+01 -0.2171447E-04
       300     10 -0.3391653E-06  0.1000000E+01 -0.2895911E-04
       300     11  0.1743704E-05  0.1000000E+01  0.6230622E-04
       300     12  0.1308106E-05  0.1000000E+01  0.4671220E-04
       300     13  0.8722804E-06  0.1000000E+01  0.3112868E-04
       300     14  0.4362407E-06  0.1000000E+01  0.1555738E-04
       300     15  0.2587934E-16  0.1000000E+01  0.5549468E-16
       300     16 -0.4364286E-06  0.1000000E+01 -0.1554173E-04
       300     17 -0.8730318E-06  0.1000000E+01 -0.3106611E-04
       300     18 -0.1309797E-05  0.1000000E+01 -0.4657142E-04
       300     19 -0.1746710E-05  0.1000000E+01 -0.6205593E-04
       300     20 -0.8501925E-05  0.1000000E+01  0.3322323E-05
       300     21 -0.6374436E-05  0.1000000E+01  0.2516272E-05
       300     22 -0.4248235E-05  0.1000000E+01  0.1694101E-05
       300     23 -0.2123398E-05  0.1000000E+01  0.8554542E-06
       300     24  0.2587934E-16  0.1000000E+01  0.5549468E-16
       300     25  0.2121881E-05  0.1000000E+01 -0.8725679E-06
       300     26  0.4242171E-05  0.1000000E+01 -0.1762531E-05
       300     27  0.6360793E-05  0.1000000E+01 -0.2670143E-05
       300     28  0.8477671E-05  0.1000000E+01 -0.3595635E-05

       400      0  0.0000000E+00  0.0000000E+00  0.0000000E+00
       400      1  0.2747914E-16  0.1000000E+01 -0.5472016E-16
       400      2  0.9689311E-07  0.1000000E+01 -0.4235717E-04
       400      3  0.7028094E-07  0.1000000E+01 -0.3176202E-04
       400      4  0.4526204E-07  0.1000000E+01 -0.2117073E-04
       400      5  0.2183540E-07  0.1000000E+01 -0.1058337E-04
       400      6  0.2747914E-16  0.1000000E+01 -0.5472016E-16
       400      7 -0.2024516E-07  0.1000000E+01  0.1057933E-04
       400      8 -0.3890111E-07  0.1000000E+01  0.2115455E-04
       400      9 -0.5596884E-07  0.1000000E+01  0.3172562E-04
       400     10 -0.7144936E-07  0.1000000E+01  0.4229247E-04
       400     11  0.1204967E-05  0.1000000E+01  0.9989260E-04
       400     12  0.9159656E-06  0.1000000E+01  0.7488425E-04
       400     13  0.6188100E-06  0.1000000E+01  0.4990039E-04
       400     14  0.3134910E-06  0.1000000E+01  0.2493948E-04
       400     15  0.2747914E-16  0.1000000E+01 -0.5472016E-16
       400     16 -0.3216719E-06  0.1000000E+01 -0.2491959E-04
       400     17 -0.6515336E-06  0.1000000E+01 -0.4982082E-04
       400     18 -0.9895939E-06  0.1000000E+01 -0.7470523E-04
       400     19 -0.1335862E-05  0.1000000E+01 -0.9957434E-04
       400     20  0.3606022E-05  0.1000000E+01  0.4771624E-05
       400     21  0.2705854E-05  0.1000000E+01  0.3572932E-05
       400     22  0.1804854E-05  0.1000000E+01  0.2377768E-05
       400     23  0.9029335E-06  0.1000000E+01  0.1186627E-05
       400     24  0.2747914E-16  0.1000000E+01 -0.5472016E-16
       400     25 -0.9040372E-06  0.1000000E+01 -0.1181622E-05
       400     26 -0.1809269E-05  0.1000000E+01 -0.2357755E-05
       400     27 -0.2715787E-05  0.1000000E+01 -0.3527915E-05
       400     28 -0.3623681E-05  0.1000000E+01 -0.4691624E-05

       500      0  0.0000000E+00  0.0000000E+00  0.0000000E+00
       500      1 -0.5996679E-16  0.1000000E+01  0.1238483E-16
       500      2 -0.5186212E-06  0.1000000E+01  0.1103032E-04
       500      3 -0.3891876E-06  0.1000000E+01  0.8282390E-05
       500      4 -0.2596061E-06  0.1000000E+01  0.5527946E-05
       500      5 -0.1298769E-06  0.1000000E+01  0.2767110E-05
       500      6 -0.5996679E-16  0.1000000E+01  0.1238483E-16
       500      7  0.1300244E-06  0.1000000E+01 -0.2773264E-05
       500      8  0.2601963E-06  0.1000000E+01 -0.5552563E-05
       500      9  0.3905157E-06  0.1000000E+01 -0.8337779E-05
       500     10  0.5209824E-06  0.1000000E+01 -0.1112879E-04
       500     11 -0.3471758E-05  0.1000000E+01 -0.1632226E-03
       500     12 -0.2600529E-05  0.1000000E+01 -0.1224597E-03
       500     13 -0.1731490E-05  0.1000000E+01 -0.8166826E-04
       500     14 -0.8646454E-06  0.1000000E+01 -0.4084838E-04
       500     15 -0.5996679E-16  0.1000000E+01  0.1238483E-16
       500     16  0.8624423E-06  0.1000000E+01  0.4087692E-04
       500     17  0.1722678E-05  0.1000000E+01  0.8178242E-04
       500     18  0.2580702E-05  0.1000000E+01  0.1227165E-03
       500     19  0.3436511E-05  0.1000000E+01  0.1636793E-03
       500     20 -0.9983317E-05  0.1000000E+01 -0.1046186E-04
       500     21 -0.7489873E-05  0.1000000E+01 -0.7853255E-05
       500     22 -0.4994795E-05  0.1000000E+01 -0.5239994E-05
       500     23 -0.2498148E-05  0.1000000E+01 -0.2622202E-05
       500     24 -0.5996679E-16  0.1000000E+01  0.1238483E-16
       500     25  0.2499583E-05  0.1000000E+01  0.2626487E-05
       500     26  0.5000535E-05  0.1000000E+01  0.5257135E-05
       500     27  0.7502791E-05  0.1000000E+01  0.7891816E-05
       500     28  0.1000628E-04  0.1000000E+01  0.1053040E-04

       600      0  0.0000000E+00  0.0000000E+00  0.0000000E+00
       600      1  0.4690872E-16  0.1000000E+01  0.3935697E-16
       600      2  0.6392916E-06  0.1000000E+01  0.4439417E-04
       600      3  0.4800830E-06  0.1000000E+01  0.3330212E-04
       600      4  0.3204641E-06  0.1000000E+01  0.2220579E-04
       600      5  0.1604361E-06  0.1000000E+01  0.1110510E-04
       600      6  0.4690872E-16  0.1000000E+01  0.3935697E-16
       600      7 -0.1608431E-06  0.1000000E+01 -0.1110960E-04
       600      8 -0.3220922E-06  0.1000000E+01 -0.2222375E-04
       600      9 -0.4837462E-06  0.1000000E+01 -0.3334254E-04
       600     10 -0.6458039E-06  0.1000000E+01 -0.4446602E-04
       600     11  0.3211252E-05  0.1000000E+01  0.9203337E-04
       600     12  0.2406738E-05  0.1000000E+01  0.6899583E-04
       600     13  0.1603351E-05  0.1000000E+01  0.4597699E-04
       600     14  0.8011006E-06  0.1000000E+01  0.2297801E-04
       600     15  0.4690872E-16  0.1000000E+01  0.3935697E-16
       600     16 -0.7999397E-06  0.1000000E+01 -0.2295588E-04
       600     17 -0.1598707E-05  0.1000000E+01 -0.4588850E-04
       600     18 -0.2396290E-05  0.1000000E+01 -0.6879671E-04
       600     19 -0.3192678E-05  0.1000000E+01 -0.9167938E-04
       600     20 -0.1530239E-04  0.1000000E+01  0.6273127E-05
       600     21 -0.1147678E-04  0.1000000E+01  0.4704956E-05
       600     22 -0.7651179E-05  0.1000000E+01  0.3136709E-05
       600     23 -0.3825586E-05  0.1000000E+01  0.1568389E-05
       600     24  0.4690872E-16  0.1000000E+01  0.3935697E-16
       600     25  0.3825580E-05  0.1000000E+01 -0.1568456E-05
       600     26  0.7651155E-05  0.1000000E+01 -0.3136979E-05
       600     27  0.1147673E-04  0.1000000E+01 -0.4705571E-05
       600     28  0.1530229E-04  0.1000000E+01 -0.6274235E-05

       700      0  0.0000000E+00  0.0000000E+00  0.0000000E+00
       700      1  0.1777243E-17  0.1000000E+01 -0.6120654E-16
       700      2 -0.3049711E-06  0.1000000E+01 -0.7119979E-04
       700      3 -0.2302553E-06  0.1000000E+01 -0.5339214E-04
       700      4 -0.1545205E-06  0.1000000E+01 -0.3558959E-04
       700      5 -0.7776821E-07  0.1000000E+01 -0.1779219E-04
       700      6  0.1777243E-17  0.1000000E+01 -0.6120654E-16
       700      7  0.7878265E-07  0.1000000E+01  0.1778694E-04
       700      8  0.1585782E-06  0.1000000E+01  0.3556858E-04
       700      9  0.2393853E-06  0.1000000E+01  0.5334486E-04
       700     10  0.3212022E-06  0.1000000E+01  0.7111575E-04
       700     11 -0.6899804E-06  0.1000000E+01  0.3374311E-04
       700     12 -0.5094654E-06  0.1000000E+01  0.2526563E-04
       700     13 -0.3342890E-06  0.1000000E+01  0.1681668E-04
       700     14 -0.1644632E-06  0.1000000E+01  0.8395176E-05
       700     15  0.1777243E-17  0.1000000E+01 -0.6120654E-16
       700     16  0.1590887E-06  0.1000000E+01 -0.8369950E-05
       700     17  0.3127907E-06  0.1000000E+01 -0.1671578E-04
       700     18  0.4610939E-06  0.1000000E+01 -0.2503859E-04
       700     19  0.6039863E-06  0.1000000E+01 -0.3333950E-04
       700     20  0.1298677E-05  0.1000000E+01  0.2432962E-06
       700     21  0.9740534E-06  0.1000000E+01  0.1888359E-06
       700     22  0.6493499E-06  0.1000000E+01  0.1300662E-06
       700     23  0.3246407E-06  0.1000000E+01  0.6708689E-07
       700     24  0.1777243E-17  0.1000000E+01 -0.6120654E-16
       700     25 -0.3244979E-06  0.1000000E+01 -0.7109051E-07
       700     26 -0.6487787E-06  0.1000000E+01 -0.1460787E-06
       700     27 -0.9727681E-06  0.1000000E+01 -0.2248569E-06
       700     28 -0.1296392E-05  0.1000000E+01 -0.3073157E-06

       800      0  0.0000000E+00  0.0000000E+00  0.0000000E+00
       800      1 -0.4911337E-16  0.1000000E+01  0.3656880E-16
       800      2 -0.2905681E-06  0.1000000E+01  0.3518527E-04
       800      3 -0.2164207E-06  0.1000000E+01  0.2639798E-04
       800      4 -0.1432774E-06  0.1000000E+01  0.1760458E-04
       800      5 -0.7113746E-07  0.1000000E+01  0.8805209E-05
       800      6 -0.4911337E-16  0.1000000E+01  0.3656880E-16
       800      7  0.7013575E-07  0.1000000E+01 -0.8810907E-05
       800      8  0.1392706E-06  0.1000000E+01 -0.1762737E-04
       800      9  0.2074054E-06  0.1000000E+01 -0.2644926E-04
       800     10  0.2745409E-06  0.1000000E+01 -0.3527643E-04
       800     11 -0.2393040E-05  0.1000000E+01 -0.1007392E-03
       800     12 -0.1799095E-05  0.1000000E+01 -0.7559329E-04
       800     13 -0.1202277E-05  0.1000000E+01 -0.5042164E-04
       800     14 -0.6025806E-06  0.1000000E+01 -0.2522398E-04
       800     15 -0.4911337E-16  0.1000000E+01  0.3656880E-16
       800     16  0.6054703E-06  0.1000000E+01  0.2525062E-04
       800     17  0.1213836E-05  0.1000000E+01  0.5052818E-04
       800     18  0.1825103E-05  0.1000000E+01  0.7583302E-04
       800     19  0.2439277E-05  0.1000000E+01  0.1011654E-03
       800     20 -0.1013512E-04  0.1000000E+01 -0.8379633E-05
       800     21 -0.7597536E-05  0.1000000E+01 -0.6282697E-05
       800     22 -0.5062579E-05  0.1000000E+01 -0.4186947E-05
       800     23 -0.2530113E-05  0.1000000E+01 -0.2092632E-05
       800     24 -0.4911337E-16  0.1000000E+01  0.3656880E-16
       800     25  0.2527902E-05  0.1000000E+01  0.2090707E-05
       800     26  0.5053734E-05  0.1000000E+01  0.4179250E-05
       800     27  0.7577636E-05  0.1000000E+01  0.6265396E-05
       800     28  0.1009975E-04  0.1000000E+01  0.8348916E-05

       900      0  0.0000000E+00  0.0000000E+00  0.0000000E+00
       900      1  0.5914712E-16  0.1000000E+01  0.1584352E-16
       900      2  0.7288595E-06  0.1000000E+01  0.3946230E-04
       900      3  0.5476078E-06  0.1000000E+01  0.2960083E-04
       900      4  0.3657138E-06  0.1000000E+01  0.1973672E-04
       900      5  0.1831778E-06  0.1000000E+01  0.9869819E-05
       900      6  0.5914712E-16  0.1000000E+01  0.1584352E-16
       900      7 -0.1838193E-06  0.1000000E+01 -0.9872876E-05
       900      8 -0.3682798E-06  0.1000000E+01 -0.1974894E-04
       900      9 -0.5533813E-06  0.1000000E+01 -0.2962834E-04
       900     10 -0.7391233E-06  0.1000000E+01 -0.3951120E-04
       900     11  0.3833722E-05  0.1000000E+01  0.7248912E-04
       900     12  0.2870292E-05  0.1000000E+01  0.5434533E-04
       900     13  0.1910193E-05  0.1000000E+01  0.3621554E-04
       900     14  0.9534270E-06  0.1000000E+01  0.1810026E-04
       900     15  0.5914712E-16  0.1000000E+01  0.1584352E-16
       900     16 -0.9500837E-06  0.1000000E+01 -0.1808475E-04
       900     17 -0.1896820E-05  0.1000000E+01 -0.3615350E-04
       900     18 -0.2840203E-05  0.1000000E+01 -0.5420573E-04
       900     19 -0.3780229E-05  0.1000000E+01 -0.7224094E-04
       900     20 -0.2243673E-05  0.1000000E+01  0.9185494E-05
       900     21 -0.1686183E-05  0.1000000E+01  0.6877832E-05
       900     22 -0.1126547E-05  0.1000000E+01  0.4577643E-05
       900     23 -0.5645558E-06  0.1000000E+01  0.2285008E-05
       900     24  0.5914712E-16  0.1000000E+01  0.1584352E-16
       900     25  0.5673295E-06  0.1000000E+01 -0.2277320E-05
       900     26  0.1137642E-05  0.1000000E+01 -0.4546900E-05
       900     27  0.1711146E-05  0.1000000E+01 -0.6808699E-05
       900     28  0.2288052E-05  0.1000000E+01 -0.9062687E-05

      1000      0  0.0000000E+00  0.0000000E+00  0.0000000E+00
      1000      1 -0.2425772E-16  0.1000000E+01 -0.5622244E-16
      1000      2 -0.6933177E-06  0.1000000E+01 -0.8789393E-04
      1000      3 -0.5205924E-06  0.1000000E+01 -0.6591499E-04
      1000      4 -0.3474632E-06  0.1000000E+01 -0.4393969E-04
      1000      5 -0.1739318E-06  0.1000000E+01 -0.2196803E-04
      1000      6 -0.2425772E-16  0.1000000E+01 -0.5622244E-16
      1000      7  0.1743306E-06  0.1000000E+01  0.2196441E-04
      1000      8  0.3490582E-06  0.1000000E+01  0.4392521E-04
      1000      9  0.5241813E-06  0.1000000E+01  0.6588240E-04
      1000     10  0.6996980E-06  0.1000000E+01  0.8783600E-04
      1000     11 -0.2519274E-05  0.1000000E+01 -0.3242889E-05
      1000     12 -0.1888513E-05  0.1000000E+01 -0.2460514E-05
      1000     13 -0.1258371E-05  0.1000000E+01 -0.1658721E-05
      1000     14 -0.6288617E-06  0.1000000E+01 -0.8382895E-06
      1000     15 -0.2425772E-16  0.1000000E+01 -0.5622244E-16
      1000     16  0.6281999E-06  0.1000000E+01  0.8553684E-06
      1000     17  0.1255724E-05  0.1000000E+01  0.1727036E-05
      1000     18  0.1882557E-05  0.1000000E+01  0.2614223E-05
      1000     19  0.2508685E-05  0.1000000E+01  0.3516150E-05
      1000     20  0.1333415E-04  0.1000000E+01 -0.3021878E-05
      1000     21  0.1000283E-04  0.1000000E+01 -0.2258458E-05
      1000     22  0.6669885E-05  0.1000000E+01 -0.1500421E-05
      1000     23  0.3335536E-05  0.1000000E+01 -0.7476435E-06
      1000     24 -0.2425772E-16  0.1000000E+01 -0.5622244E-16
      1000     25 -0.3336507E-05  0.1000000E+01  0.7426365E-06
      1000     26 -0.6673767E-05  0.1000000E+01  0.1480395E-05
      1000     27 -0.1001156E-04  0.1000000E+01  0.2213405E-05
      1000     28 -0.1334968E-04  0.1000000E+01  0.2941800E-05

      1100      0  0.0000000E+00  0.0000000E+00  0.0000000E+00
      1100      1 -0.2905580E-16  0.1000000E+01  0.5389954E-16
      1100      2  0.1444445E-06  0.1000000E+01  0.6303938E-04
      1100      3  0.1109579E-06  0.1000000E+01  0.4728403E-04
      1100      4  0.7571999E-07  0.1000000E+01  0.3152553E-04
      1100      5  0.3873326E-07  0.1000000E+01  0.1576411E-04
      1100      6 -0.2905580E-16  0.1000000E+01  0.5389954E-16
      1100      7 -0.4047746E-07  0.1000000E+01 -0.1576659E-04
      1100      8 -0.8269679E-07  0.1000000E+01 -0.3153543E-04
      1100      9 -0.1266556E-06  0.1000000E+01 -0.4730630E-04
      1100     10 -0.1723517E-06  0.1000000E+01 -0.6307898E-04
      1100     11 -0.5068102E-06  0.1000000E+01 -0.2966442E-04
      1100     12 -0.3918266E-06  0.1000000E+01 -0.2226453E-04
      1100     13 -0.2690432E-06  0.1000000E+01 -0.1485405E-04
      1100     14 -0.1384408E-06  0.1000000E+01 -0.7432654E-05
      1100     15 -0.2905580E-16  0.1000000E+01  0.5389954E-16
      1100     16  0.1462985E-06  0.1000000E+01  0.7444242E-05
      1100     17  0.3004742E-06  0.1000000E+01  0.1490040E-04
      1100     18  0.4625462E-06  0.1000000E+01  0.2236882E-04
      1100     19  0.6325340E-06  0.1000000E+01  0.2984982E-04
      1100     20 -0.5298824E-07  0.1000000E+01 -0.3945717E-05
      1100     21 -0.3827910E-07  0.1000000E+01 -0.2960213E-05
      1100     22 -0.2463262E-07  0.1000000E+01 -0.1974089E-05
      1100     23 -0.1191678E-07  0.1000000E+01 -0.9873496E-06
      1100     24 -0.2905580E-16  0.1000000E+01  0.5389954E-16
      1100     25  0.1124885E-07  0.1000000E+01  0.9879559E-06
      1100     26  0.2196059E-07  0.1000000E+01  0.1976514E-05
      1100     27  0.3226575E-07  0.1000000E+01  0.2965673E-05
      1100     28  0.4229464E-07  0.1000000E+01  0.3955428E-05

      1200      0  0.0000000E+00  0.0000000E+00  0.0000000E+00
      1200      1  0.6030099E-16  0.1000000E+01 -0.1063910E-16
      1200      2  0.5197170E-06  0.1000000E+01  0.1730861E-04
      1200      3  0.3906994E-06  0.1000000E+01  0.1297958E-04
      1200      4  0.2610750E-06  0.1000000E+01  0.8652038E-05
      1200      5  0.1308424E-06  0.1000000E+01  0.4325636E-05
      1200      6  0.6030099E-16  0.1000000E+01 -0.1063910E-16
      1200      7 -0.1314535E-06  0.1000000E+01 -0.4325236E-05
      1200      8 -0.2635196E-06  0.1000000E+01 -0.8650439E-05
      1200      9 -0.3961996E-06  0.1000000E+01 -0.1297598E-04
      1200     10 -0.5294950E-06  0.1000000E+01 -0.1730222E-04
      1200     11  0.3307482E-05  0.1000000E+01  0.1153079E-04
      1200     12  0.2474496E-05  0.1000000E+01  0.8650068E-05
      1200     13  0.1645594E-05  0.1000000E+01  0.5767910E-05
      1200     14  0.8207657E-06  0.1000000E+01  0.2884494E-05
      1200     15  0.6030099E-16  0.1000000E+01 -0.1063910E-16
      1200     16 -0.8167140E-06  0.1000000E+01 -0.2885394E-05
      1200     17 -0.1629387E-05  0.1000000E+01 -0.5771509E-05
      1200     18 -0.2438030E-05  0.1000000E+01 -0.8658166E-05
      1200     19 -0.3242654E-05  0.1000000E+01 -0.1154519E-04
      1200     20  0.1094049E-04  0.1000000E+01  0.9915633E-05
      1200     21  0.8205191E-05  0.1000000E+01  0.7437332E-05
      1200     22  0.5470014E-05  0.1000000E+01  0.4958625E-05
      1200     23  0.2734953E-05  0.1000000E+01  0.2479514E-05
      1200     24  0.6030099E-16  0.1000000E+01 -0.1063910E-16
      1200     25 -0.2734852E-05  0.1000000E+01 -0.2479914E-05
      1200     26 -0.5469608E-05  0.1000000E+01 -0.4960226E-05
      1200     27 -0.8204275E-05  0.1000000E+01 -0.7440932E-05
      1200     28 -0.1093886E-04  0.1000000E+01 -0.9922029E-05

      1300      0  0.0000000E+00  0.0000000E+00  0.0000000E+00
      1300      1 -0.4574664E-16  0.1000000E+01 -0.4070190E-16
      1300      2 -0.8730540E-06  0.1000000E+01 -0.8438830E-04
      1300      3 -0.6544455E-06  0.1000000E+01 -0.6329025E-04
      1300      4 -0.4360662E-06  0.1000000E+01 -0.4219298E-04
      1300      5 -0.2179174E-06  0.1000000E+01 -0.2109629E-04
      1300      6 -0.4574664E-16  0.1000000E+01 -0.4070190E-16
      1300      7  0.2176847E-06  0.1000000E+01  0.2109610E-04
      1300      8  0.4351356E-06  0.1000000E+01  0.4219219E-04
      1300      9  0.6523517E-06  0.1000000E+01  0.6328848E-04
      1300     10  0.8693317E-06  0.1000000E+01  0.8438515E-04
      1300     11 -0.3669038E-05  0.1000000E+01  0.8213461E-05
      1300     12 -0.2755148E-05  0.1000000E+01  0.6160191E-05
      1300     13 -0.1839005E-05  0.1000000E+01  0.4106742E-05
      1300     14 -0.9206194E-06  0.1000000E+01  0.2053288E-05
      1300     15 -0.4574664E-16  0.1000000E+01 -0.4070190E-16
      1300     16  0.9228434E-06  0.1000000E+01 -0.2052948E-05
      1300     17  0.1847901E-05  0.1000000E+01 -0.4105383E-05
      1300     18  0.2775164E-05  0.1000000E+01 -0.6157132E-05
      1300     19  0.3704622E-05  0.1000000E+01 -0.8208023E-05
      1300     20  0.1416222E-04  0.1000000E+01 -0.6253673E-05
      1300     21  0.1061913E-04  0.1000000E+01 -0.4691541E-05
      1300     22  0.7077833E-05  0.1000000E+01 -0.3128558E-05
      1300     23  0.3538169E-05  0.1000000E+01 -0.1564714E-05
      1300     24 -0.4574664E-16  0.1000000E+01 -0.4070190E-16
      1300     25 -0.3536820E-05  0.1000000E+01  0.1565594E-05
      1300     26 -0.7072435E-05  0.1000000E+01  0.3132075E-05
      1300     27 -0.1060699E-04  0.1000000E+01  0.4699449E-05
      1300     28 -0.1414063E-04  0.1000000E+01  0.6267722E-05

      1400      0  0.0000000E+00  0.0000000E+00  0.0000000E+00
      1400      1 -0.3552988E-17  0.1000000E+01  0.6112917E-16
      1400      2  0.6052727E-06  0.1000000E+01  0.8022219E-04
      1400      3  0.4570068E-06  0.1000000E+01  0.6016464E-04
      1400      4  0.3067037E-06  0.1000000E+01  0.4010827E-04
      1400      5  0.1543668E-06  0.1000000E+01  0.2005331E-04
      1400      6 -0.3552988E-17  0.1000000E+01  0.6112917E-16
      1400      7 -0.1563931E-06  0.1000000E+01 -0.2005142E-04
      1400      8 -0.3148088E-06  0.1000000E+01 -0.4010071E-04
      1400      9 -0.4752434E-06  0.1000000E+01 -0.6014765E-04
      1400     10 -0.6376931E-06  0.1000000E+01 -0.8019199E-04
      1400     11  0.1578095E-05  0.1000000E+01  0.1558526E-04
      1400     12  0.1169756E-05  0.1000000E+01  0.1169921E-04
      1400     13  0.7706070E-06  0.1000000E+01  0.7806947E-05
      1400     14  0.3806784E-06  0.1000000E+01  0.3907521E-05
      1400     15 -0.3552988E-17  0.1000000E+01  0.6112917E-16
      1400     16 -0.3713982E-06  0.1000000E+01 -0.3916552E-05
      1400     17 -0.7334862E-06  0.1000000E+01 -0.7843072E-05
      1400     18 -0.1086234E-05  0.1000000E+01 -0.1178050E-04
      1400     19 -0.1429612E-05  0.1000000E+01 -0.1572976E-04
      1400     20 -0.4827097E-05  0.1000000E+01 -0.5510601E-07
      1400     21 -0.3621131E-05  0.1000000E+01 -0.4000189E-07
      1400     22 -0.2414445E-05  0.1000000E+01 -0.2579061E-07
      1400     23 -0.1207311E-05  0.1000000E+01 -0.1246014E-07
      1400     24 -0.3552988E-17  0.1000000E+01  0.6112917E-16
      1400     25  0.1207218E-05  0.1000000E+01  0.1159873E-07
      1400     26  0.2414073E-05  0.1000000E+01  0.2234347E-07
      1400     27  0.3620294E-05  0.1000000E+01  0.3224015E-07
      1400     28  0.4825611E-05  0.1000000E+01  0.4129321E-07

      1500      0  0.0000000E+00  0.0000000E+00  0.0000000E+00
      1500      1  0.5015407E-16  0.1000000E+01 -0.3512789E-16
      1500      2  0.6528980E-07  0.1000000E+01 -0.1027148E-04
      1500      3  0.4934200E-07  0.1000000E+01 -0.7711458E-05
      1500      4  0.3314703E-07  0.1000000E+01 -0.5145854E-05
      1500      5  0.1670100E-07  0.1000000E+01 -0.2575192E-05
      1500      6  0.5015407E-16  0.1000000E+01 -0.3512789E-16
      1500      7 -0.1695987E-07  0.1000000E+01  0.2579195E-05
      1500      8 -0.3418253E-07  0.1000000E+01  0.5161864E-05
      1500      9 -0.5167192E-07  0.1000000E+01  0.7747480E-05
      1500     10 -0.6943200E-07  0.1000000E+01  0.1033552E-04
      1500     11  0.1753542E-05  0.1000000E+01 -0.6230630E-04
      1500     12  0.1312244E-05  0.1000000E+01 -0.4670056E-04
      1500     13  0.8729111E-06  0.1000000E+01 -0.3111455E-04
      1500     14  0.4355082E-06  0.1000000E+01 -0.1554784E-04
      1500     15  0.5015407E-16  0.1000000E+01 -0.3512789E-16
      1500     16 -0.4336488E-06  0.1000000E+01  0.1552940E-04
      1500     17 -0.8654736E-06  0.1000000E+01  0.3104080E-04
      1500     18 -0.1295510E-05  0.1000000E+01  0.4653462E-04
      1500     19 -0.1723793E-05  0.1000000E+01  0.6201129E-04
      1500     20  0.5095277E-05  0.1000000E+01  0.7261798E-05
      1500     21  0.3823805E-05  0.1000000E+01  0.5440784E-05
      1500     22  0.2550997E-05  0.1000000E+01  0.3623610E-05
      1500     23  0.1276509E-05  0.1000000E+01  0.1810081E-05
      1500     24  0.5015407E-16  0.1000000E+01 -0.3512789E-16
      1500     25 -0.1278872E-05  0.1000000E+01 -0.1806830E-05
      1500     26 -0.2560449E-05  0.1000000E+01 -0.3610608E-05
      1500     27 -0.3845074E-05  0.1000000E+01 -0.5411533E-05
      1500     28 -0.5133089E-05  0.1000000E+01 -0.7209804E-05

      1600      0  0.0000000E+00  0.0000000E+00  0.0000000E+00
      1600      1 -0.5866235E-16  0.1000000E+01 -0.1755357E-16
      1600      2 -0.7298552E-06  0.1000000E+01 -0.6268521E-04
      1600      3 -0.5463821E-06  0.1000000E+01 -0.4701712E-04
      1600      4 -0.3635829E-06  0.1000000E+01 -0.3134714E-04
      1600      5 -0.1814560E-06  0.1000000E+01 -0.1567490E-04
      1600      6 -0.5866235E-16  0.1000000E+01 -0.1755357E-16
      1600      7  0.1807867E-06  0.1000000E+01  0.1567794E-04
      1600      8  0.3609056E-06  0.1000000E+01  0.3135929E-04
      1600      9  0.5403582E-06  0.1000000E+01  0.4704445E-04
      1600     10  0.7191460E-06  0.1000000E+01  0.6273379E-04
      1600     11 -0.3738170E-05  0.1000000E+01  0.6331185E-04
      1600     12 -0.2806602E-05  0.1000000E+01  0.4751283E-04
      1600     13 -0.1873063E-05  0.1000000E+01  0.3169340E-04
      1600     14 -0.9375347E-06  0.1000000E+01  0.1585523E-04
      1600     15 -0.5866235E-16  0.1000000E+01 -0.1755357E-16
      1600     16  0.9395582E-06  0.1000000E+01 -0.1587062E-04
      1600     17  0.1881157E-05  0.1000000E+01 -0.3175494E-04
      1600     18  0.2824814E-05  0.1000000E+01 -0.4765131E-04
      1600     19  0.3770545E-05  0.1000000E+01 -0.6355805E-04
      1600     20 -0.2190422E-05  0.1000000E+01 -0.9292139E-05
      1600     21 -0.1647556E-05  0.1000000E+01 -0.6961747E-05
      1600     22 -0.1101307E-05  0.1000000E+01 -0.4636268E-05
      1600     23 -0.5520108E-06  0.1000000E+01 -0.2315690E-05
      1600     24 -0.5866235E-16  0.1000000E+01 -0.1755357E-16
      1600     25  0.5543917E-06  0.1000000E+01  0.2310820E-05
      1600     26  0.1110831E-05  0.1000000E+01  0.4616793E-05
      1600     27  0.1668986E-05  0.1000000E+01  0.6917944E-05
      1600     28  0.2228524E-05  0.1000000E+01  0.9214303E-05

      1700      0  0.0000000E+00  0.0000000E+00  0.0000000E+00
      1700      1  0.2261567E-16  0.1000000E+01  0.5690282E-16
      1700      2  0.8816578E-06  0.1000000E+01  0.7765182E-04
      1700      3  0.6638550E-06  0.1000000E+01  0.5823119E-04
      1700      4  0.4443097E-06  0.1000000E+01  0.3881565E-04
      1700      5  0.2230240E-06  0.1000000E+01  0.1940524E-04
      1700      6  0.2261567E-16  0.1000000E+01  0.5690282E-16
      1700      7 -0.2247602E-06  0.1000000E+01 -0.1940002E-04
      1700      8 -0.4512545E-06  0.1000000E+01 -0.3879477E-04
      1700      9 -0.6794809E-06  0.1000000E+01 -0.5818420E-04
      1700     10 -0.9094373E-06  0.1000000E+01 -0.7756827E-04
      1700     11  0.3172183E-05  0.1000000E+01  0.1334506E-04
      1700     12  0.2369430E-05  0.1000000E+01  0.1003481E-04
      1700     13  0.1573139E-05  0.1000000E+01  0.6709327E-05
      1700     14  0.7833251E-06  0.1000000E+01  0.3365450E-05
      1700     15  0.2261567E-16  0.1000000E+01  0.5690282E-16
      1700     16 -0.7768232E-06  0.1000000E+01 -0.3390200E-05
      1700     17 -0.1547131E-05  0.1000000E+01 -0.6808326E-05
      1700     18 -0.2310911E-05  0.1000000E+01 -0.1025755E-04
      1700     19 -0.3068150E-05  0.1000000E+01 -0.1374106E-04
      1700     20 -0.1685113E-04  0.1000000E+01  0.3170312E-05
      1700     21 -0.1263802E-04  0.1000000E+01  0.2375448E-05
      1700     22 -0.8424997E-05  0.1000000E+01  0.1582090E-05
      1700     23 -0.4212259E-05  0.1000000E+01  0.7902648E-06
      1700     24  0.2261567E-16  0.1000000E+01  0.5690282E-16
      1700     25  0.4211583E-05  0.1000000E+01 -0.7886765E-06
      1700     26  0.8422296E-05  0.1000000E+01 -0.1575736E-05
      1700     27  0.1263194E-04  0.1000000E+01 -0.2361151E-05
      1700     28  0.1684032E-04  0.1000000E+01 -0.3144890E-05

      1800      0  0.0000000E+00  0.0000000E+00  0.0000000E+00
      1800      1  0.3060797E-16  0.1000000E+01 -0.5303350E-16
      1800      2 -0.4559619E-06  0.1000000E+01 -0.2875873E-04
      1800      3 -0.3427593E-06  0.1000000E+01 -0.2157896E-04
      1800      4 -0.2290287E-06  0.1000000E+01 -0.1439234E-04
      1800      5 -0.1147743E-06  0.1000000E+01 -0.7199228E-05
      1800      6  0.3060797E-16  0.1000000E+01 -0.5303350E-16
      1800      7  0.1152900E-06  0.1000000E+01  0.7204983E-05
      1800      8  0.2310916E-06  0.1000000E+01  0.1441536E-04
      1800      9  0.3474007E-06  0.1000000E+01  0.2163075E-04
      1800     10  0.4642132E-06  0.1000000E+01  0.2885081E-04
      1800     11 -0.3107534E-06  0.1000000E+01 -0.1139771E-03
      1800     12 -0.2301452E-06  0.1000000E+01 -0.8543526E-04
      1800     13 -0.1514601E-06  0.1000000E+01 -0.5692640E-04
      1800     14 -0.7473327E-07  0.1000000E+01 -0.2844861E-04
      1800     15  0.3060797E-16  0.1000000E+01 -0.5303350E-16
      1800     16  0.7270448E-07  0.1000000E+01  0.2842130E-04
      1800     17  0.1433448E-06  0.1000000E+01  0.5681719E-04
      1800     18  0.2118857E-06  0.1000000E+01  0.8518953E-04
      1800     19  0.2782914E-06  0.1000000E+01  0.1135402E-03
      1800     20 -0.1246381E-05  0.1000000E+01  0.3173115E-05
      1800     21 -0.9350531E-06  0.1000000E+01  0.2380046E-05
      1800     22 -0.6235556E-06  0.1000000E+01  0.1586833E-05
      1800     23 -0.3118754E-06  0.1000000E+01  0.7934827E-06
      1800     24  0.3060797E-16  0.1000000E+01 -0.5303350E-16
      1800     25  0.3120827E-06  0.1000000E+01 -0.7936068E-06
      1800     26  0.6243845E-06  0.1000000E+01 -0.1587329E-05
      1800     27  0.9369163E-06  0.1000000E+01 -0.2381155E-05
      1800     28  0.1249688E-05  0.1000000E+01 -0.3175073E-05

      1900      0  0.0000000E+00  0.0000000E+00  0.0000000E+00
      1900      1 -0.6058438E-16  0.1000000E+01  0.8884411E-17
      1900      2 -0.2912213E-06  0.1000000E+01 -0.3385045E-04
      1900      3 -0.2175803E-06  0.1000000E+01 -0.2539299E-04
      1900      4 -0.1444990E-06  0.1000000E+01 -0.1693233E-04
      1900      5 -0.7197344E-07  0.1000000E+01 -0.8468121E-05
      1900      6 -0.6058438E-16  0.1000000E+01  0.8884411E-17
      1900      7  0.7142502E-07  0.1000000E+01  0.8472393E-05
      1900      8  0.1423053E-06  0.1000000E+01  0.1694942E-04
      1900      9  0.2126444E-06  0.1000000E+01  0.2543143E-04
      1900     10  0.2824460E-06  0.1000000E+01  0.3391879E-04
      1900     11 -0.2704680E-05  0.1000000E+01  0.1355149E-03
      1900     12 -0.2029571E-05  0.1000000E+01  0.1016739E-03
      1900     13 -0.1353779E-05  0.1000000E+01  0.6780667E-04
      1900     14 -0.6772680E-06  0.1000000E+01  0.3391482E-04
      1900     15 -0.6058438E-16  0.1000000E+01  0.8884411E-17
      1900     16  0.6780615E-06  0.1000000E+01 -0.3393616E-04
      1900     17  0.1356953E-05  0.1000000E+01 -0.6789200E-04
      1900     18  0.2036711E-05  0.1000000E+01 -0.1018659E-03
      1900     19  0.2717373E-05  0.1000000E+01 -0.1358562E-03
      1900     20 -0.9287216E-05  0.1000000E+01 -0.9413208E-05
      1900     21 -0.6962378E-05  0.1000000E+01 -0.7068635E-05
      1900     22 -0.4639709E-05  0.1000000E+01 -0.4718315E-05
      1900     23 -0.2318989E-05  0.1000000E+01 -0.2362137E-05
      1900     24 -0.6058438E-16  0.1000000E+01  0.8884411E-17
      1900     25  0.2317481E-05  0.1000000E+01  0.2368193E-05
      1900     26  0.4633674E-05  0.1000000E+01  0.4742533E-05
      1900     27  0.6948804E-05  0.1000000E+01  0.7123103E-05
      1900     28  0.9263093E-05  0.1000000E+01  0.9509981E-05

      2000      0  0.0000000E+00  0.0000000E+00  0.0000000E+00
      2000      1  0.4454601E-16  0.1000000E+01  0.4201252E-16
      2000      2  0.8351250E-06  0.1000000E+01  0.5606872E-04
      2000      3  0.6274987E-06  0.1000000E+01  0.4204226E-04
      2000      4  0.4191031E-06  0.1000000E+01  0.2802206E-04
      2000      5  0.2099372E-06  0.1000000E+01  0.1400801E-04
      2000      6  0.4454601E-16  0.1000000E+01  0.4201252E-16
      2000      7 -0.2107094E-06  0.1000000E+01 -0.1400210E-04
      2000      8 -0.4221921E-06  0.1000000E+01 -0.2799841E-04
      2000      9 -0.6344491E-06  0.1000000E+01 -0.4198904E-04
      2000     10 -0.8474813E-06  0.1000000E+01 -0.5597412E-04
      2000     11  0.3782608E-05  0.1000000E+01 -0.3449484E-04
      2000     12  0.2833926E-05  0.1000000E+01 -0.2584540E-04
      2000     13  0.1887273E-05  0.1000000E+01 -0.1721013E-04
      2000     14  0.9426361E-06  0.1000000E+01 -0.8593510E-05
      2000     15  0.4454601E-16  0.1000000E+01  0.4201252E-16
      2000     16 -0.9406490E-06  0.1000000E+01  0.8565922E-05
      2000     17 -0.1879325E-05  0.1000000E+01  0.1709978E-04
      2000     18 -0.2816042E-05  0.1000000E+01  0.2559711E-04
      2000     19 -0.3750813E-05  0.1000000E+01  0.3405343E-04
      2000     20 -0.1075430E-04  0.1000000E+01  0.6790917E-05
      2000     21 -0.8066951E-05  0.1000000E+01  0.5107547E-05
      2000     22 -0.5379045E-05  0.1000000E+01  0.3414464E-05
      2000     23 -0.2690192E-05  0.1000000E+01  0.1711874E-05
      2000     24  0.4454601E-16  0.1000000E+01  0.4201252E-16
      2000     25  0.2691923E-05  0.1000000E+01 -0.1720916E-05
      2000     26  0.5385970E-05  0.1000000E+01 -0.3450617E-05
      2000     27  0.8082531E-05  0.1000000E+01 -0.5188830E-05
      2000     28  0.1078200E-04  0.1000000E+01 -0.6935264E-05
