# number of rays:      29
# iteration   ray    X              A              Y              B              T              D
         0      0  0.0000000E+00  0.0000000E+00  0.0000000E+00  0.0000000E+00  0.0000000E+00  0.0000000E+00
         0      1  0.0000000E+00  0.0000000E+00  0.0000000E+00  0.0000000E+00  0.0000000E+00  0.0000000E+00
         0      2 -0.1000000E-02  0.0000000E+00  0.0000000E+00  0.0000000E+00  0.0000000E+00  0.0000000E+00
         0      3 -0.7500000E-03  0.0000000E+00  0.0000000E+00  0.0000000E+00  0.0000000E+00  0.0000000E+00
         0      4 -0.5000000E-03  0.0000000E+00  0.0000000E+00  0.0000000E+00  0.0000000E+00  0.0000000E+00
         0      5 -0.2500000E-03  0.0000000E+00  0.0000000E+00  0.0000000E+00  0.0000000E+00  0.0000000E+00
         0      6  0.0000000E+00  0.0000000E+00  0.0000000E+00  0.0000000E+00  0.0000000E+00  0.0000000E+00
         0      7  0.2500000E-03  0.0000000E+00  0.0000000E+00  0.0000000E+00  0.0000000E+00  0.0000000E+00
         0      8  0.5000000E-03  0.0000000E+00  0.0000000E+00  0.0000000E+00  0.0000000E+00  0.0000000E+00
         0      9  0.7500000E-03  0.0000000E+00  0.0000000E+00  0.0000000E+00  0.0000000E+00  0.0000000E+00
         0     10  0.1000000E-02  0.0000000E+00  0.0000000E+00  0.0000000E+00  0.0000000E+00  0.0000000E+00
         0     11  0.0000000E+00  0.0000000E+00 -0.1000000E-02  0.0000000E+00  0.0000000E+00  0.0000000E+00
         0     12  0.0000000E+00  0.0000000E+00 -0.7500000E-03  0.0000000E+00  0.0000000E+00  0.0000000E+00
         0     13  0.0000000E+00  0.0000000E+00 -0.5000000E-03  0.0000000E+00  0.0000000E+00  0.0000000E+00
         0     14  0.0000000E+00  0.0000000E+00 -0.2500000E-03  0.0000000E+00  0.0000000E+00  0.0000000E+00
         0     15  0.0000000E+00  0.0000000E+00  0.0000000E+00  0.0000000E+00  0.0000000E+00  0.0000000E+00
         0     16  0.0000000E+00  0.0000000E+00  0.2500000E-03  0.0000000E+00  0.0000000E+00  0.0000000E+00
         0     17  0.0000000E+00  0.0000000E+00  0.5000000E-03  0.0000000E+00  0.0000000E+00  0.0000000E+00
         0     18  0.0000000E+00  0.0000000E+00  0.7500000E-03  0.0000000E+00  0.0000000E+00  0.0000000E+00
         0     19  0.0000000E+00  0.0000000E+00  0.1000000E-02  0.0000000E+00  0.0000000E+00  0.0000000E+00
         0     20  0.0000000E+00  0.0000000E+00  0.0000000E+00  0.0000000E+00  0.0000000E+00 -0.1000000E-03
         0     21  0.0000000E+00  0.0000000E+00  0.0000000E+00  0.0000000E+00  0.0000000E+00 -0.7500000E-04
         0     22  0.0000000E+00  0.0000000E+00  0.0000000E+00  0.0000000E+00  0.0000000E+00 -0.5000000E-04
         0     23  0.0000000E+00  0.0000000E+00  0.0000000E+00  0.0000000E+00  0.0000000E+00 -0.2500000E-04
         0     24  0.0000000E+00  0.0000000E+00  0.0000000E+00  0.0000000E+00  0.0000000E+00  0.0000000E+00
         0     25  0.0000000E+00  0.0000000E+00  0.0000000E+00  0.0000000E+00  0.0000000E+00  0.2500000E-04
         0     26  0.0000000E+00  0.0000000E+00  0.0000000E+00  0.0000000E+00  0.0000000E+00  0.5000000E-04
         0     27  0.0000000E+00  0.0000000E+00  0.0000000E+00  0.0000000E+00  0.0000000E+00  0.7500000E-04
         0     28  0.0000000E+00  0.0000000E+00  0.0000000E+00  0.0000000E+00  0.0000000E+00  0.1000000E-03

       100      0  0.0000000E+00  0.0000000E+00  0.0000000E+00  0.0000000E+00  0.0000000E+00  0.0000000E+00
       100      1  0.0000000E+00  0.0000000E+00  0.0000000E+00  0.0000000E+00  0.0000000E+00  0.0000000E+00
       100      2  0.5816498E-03 -0.4219446E-04  0.4718995E-04  0.1620548E-04 -0.1582730E-04  0.1124270E-08
       100      3  0.4362397E-03 -0.3164576E-04  0.3539244E-04  0.1215416E-04 -0.8993665E-05  0.6169244E-09
       100      4  0.2908276E-03 -0.2109713E-04  0.2359494E-04  0.8102800E-05 -0.4077904E-05  0.2604307E-09
       100      5  0.1454141E-03 -0.1054856E-04  0.1179747E-04  0.4051410E-05 -0.1080015E-05  0.5478919E-10
       100      6  0.0000000E+00  0.0000000E+00  0.0000000E+00  0.0000000E+00  0.0000000E+00  0.0000000E+00
       100      7 -0.1454141E-03  0.1054856E-04 -0.1179746E-04 -0.4051421E-05 -0.8378598E-06  0.9606323E-10
       100      8 -0.2908276E-03  0.2109714E-04 -0.2359492E-04 -0.8102844E-05 -0.3593595E-05  0.3429790E-09
       100      9 -0.4362397E-03  0.3164577E-04 -0.3539237E-04 -0.1215426E-04 -0.8267206E-05  0.7407474E-09
       100     10 -0.5816498E-03  0.4219448E-04 -0.4718983E-04 -0.1620566E-04 -0.1485869E-04  0.1289368E-08
       100     11  0.2263179E-03  0.1620500E-04  0.6000237E-03 -0.1960345E-03 -0.7789791E-04  0.7045229E-08
       100     12  0.1697358E-03  0.1215382E-04  0.4500288E-03 -0.1470236E-03 -0.4475479E-04  0.4215991E-08
       100     13  0.1131559E-03  0.8102577E-05  0.3000245E-03 -0.9801463E-04 -0.2072406E-04  0.2098707E-08
       100     14  0.5657757E-04  0.4051298E-05  0.1500138E-03 -0.4900695E-04 -0.5805781E-05  0.6933764E-09
       100     15  0.0000000E+00  0.0000000E+00  0.0000000E+00  0.0000000E+00  0.0000000E+00  0.0000000E+00
       100     16 -0.5657746E-04 -0.4051295E-05 -0.1500138E-03  0.4900679E-04 -0.3306775E-05  0.1857754E-10
       100     17 -0.1131555E-03 -0.8102566E-05 -0.3000245E-03  0.9801400E-04 -0.1572616E-04  0.7491091E-09
       100     18 -0.1697348E-03 -0.1215379E-04 -0.4500289E-03  0.1470222E-03 -0.3725822E-04  0.2191595E-08
       100     19 -0.2263161E-03 -0.1620496E-04 -0.6000239E-03  0.1960320E-03 -0.6790299E-04  0.4346034E-08
       100     20  0.1238847E-05  0.1244637E-06  0.2851940E-05 -0.2148802E-05 -0.1703357E+00 -0.8664829E-04
       100     21  0.9274226E-06  0.9378012E-07  0.2200695E-05 -0.1613837E-05 -0.1277482E+00 -0.6498643E-04
       100     22  0.6171110E-06  0.6279865E-07  0.1508375E-05 -0.1077230E-05 -0.8516309E-01 -0.4332445E-04
       100     23  0.3079564E-06  0.3153381E-07  0.7748480E-06 -0.5392092E-06 -0.4258036E-01 -0.2166231E-04
       100     24  0.0000000E+00  0.0000000E+00  0.0000000E+00  0.0000000E+00  0.0000000E+00  0.0000000E+00
       100     25 -0.3067191E-06 -0.3178845E-07 -0.8162644E-06  0.5401699E-06  0.4257799E-01  0.2166251E-04
       100     26 -0.6121641E-06 -0.6381729E-07 -0.1674022E-05  0.1081073E-05  0.8515362E-01  0.4332523E-04
       100     27 -0.9163006E-06 -0.9607237E-07 -0.2573332E-05  0.1622481E-05  0.1277269E+00  0.6498819E-04
       100     28 -0.1219096E-05 -0.1285396E-06 -0.3514235E-05  0.2164166E-05  0.1702979E+00  0.8665140E-04

       200      0  0.0000000E+00  0.0000000E+00  0.0000000E+00  0.0000000E+00  0.0000000E+00  0.0000000E+00
       200      1  0.0000000E+00  0.0000000E+00  0.0000000E+00  0.0000000E+00  0.0000000E+00  0.0000000E+00
       200      2  0.3014618E-03  0.4769858E-04 -0.1097247E-03 -0.1009549E-05 -0.2485729E-04  0.4383302E-08
       200      3  0.2260915E-03  0.3577402E-04 -0.8229398E-04 -0.7573017E-06 -0.1366388E-04  0.2439081E-08
       200      4  0.1507254E-03  0.2384938E-04 -0.5486289E-04 -0.5049338E-06 -0.5789865E-05  0.1060457E-08
       200      5  0.7536201E-04  0.1192470E-04 -0.2743152E-04 -0.2524862E-06 -0.1235238E-05  0.2474295E-09
       200      6  0.0000000E+00  0.0000000E+00  0.0000000E+00  0.0000000E+00  0.0000000E+00  0.0000000E+00
       200      7 -0.7536209E-04 -0.1192470E-04  0.2743157E-04  0.2524835E-06 -0.2084149E-05  0.3181684E-09
       200      8 -0.1507257E-03 -0.2384937E-04  0.5486307E-04  0.5049233E-06 -0.7487686E-05  0.1201935E-08
       200      9 -0.2260922E-03 -0.3577399E-04  0.8229439E-04  0.7572783E-06 -0.1621061E-04  0.2651300E-08
       200     10 -0.3014630E-03 -0.4769854E-04  0.1097254E-03  0.1009507E-05 -0.2825292E-04  0.4666263E-08
       200     11 -0.5262137E-03 -0.1006365E-05  0.2587047E-03  0.2283571E-03 -0.1428679E-03  0.2368098E-07
       200     12 -0.3946639E-03 -0.7555629E-06  0.1940031E-03  0.1712696E-03 -0.8350988E-04  0.1375653E-07
       200     13 -0.2631110E-03 -0.5040913E-06  0.1293229E-03  0.1141806E-03 -0.3991260E-04  0.6501557E-08
       200     14 -0.1315560E-03 -0.2521652E-06  0.6465751E-04  0.5709055E-04 -0.1207598E-04  0.1916046E-08
       200     15  0.0000000E+00  0.0000000E+00  0.0000000E+00  0.0000000E+00  0.0000000E+00  0.0000000E+00
       200     16  0.1315559E-03  0.2521892E-06 -0.6465641E-04 -0.5709057E-04 -0.3684610E-05  0.7534209E-09
       200     17  0.2631106E-03  0.5041870E-06 -0.1293186E-03 -0.1141806E-03 -0.2312978E-04  0.4176309E-08
       200     18  0.3946631E-03  0.7557783E-06 -0.1939932E-03 -0.1712697E-03 -0.5833546E-04  0.1026866E-07
       200     19  0.5262123E-03  0.1006748E-05 -0.2586872E-03 -0.2283573E-03 -0.1093016E-03  0.1903049E-07
       200     20 -0.2116049E-05  0.1315718E-06  0.6930057E-05  0.1148822E-06 -0.2947352E+00 -0.4993248E-04
       200     21 -0.1625890E-05  0.9596784E-07  0.5150345E-05  0.1095164E-06 -0.2210462E+00 -0.3744943E-04
       200     22 -0.1109306E-05  0.6215163E-07  0.3400502E-05  0.8837952E-07 -0.1473608E+00 -0.2496651E-04
       200     23 -0.5670754E-06  0.3015306E-07  0.1682933E-05  0.5176833E-07 -0.7367880E-01 -0.1248345E-04
       200     24  0.0000000E+00  0.0000000E+00  0.0000000E+00  0.0000000E+00  0.0000000E+00  0.0000000E+00
       200     25  0.5911001E-06 -0.2828169E-07 -0.1645984E-05 -0.6658825E-07  0.7367581E-01  0.1248408E-04
       200     26  0.1205385E-05 -0.5466818E-07 -0.3252754E-05 -0.1476395E-06  0.1473488E+00  0.2496905E-04
       200     27  0.1841996E-05 -0.7913766E-07 -0.4818096E-05 -0.2427777E-06  0.2210193E+00  0.3745516E-04
       200     28  0.2500056E-05 -0.1016703E-06 -0.6339849E-05 -0.3516077E-06  0.2946873E+00  0.4994266E-04

       300      0  0.0000000E+00  0.0000000E+00  0.0000000E+00  0.0000000E+00  0.0000000E+00  0.0000000E+00
       300      1  0.0000000E+00  0.0000000E+00  0.0000000E+00  0.0000000E+00  0.0000000E+00  0.0000000E+00
       300      2 -0.8850038E-03 -0.1330508E-04  0.5710579E-04 -0.3585574E-04 -0.3015194E-04  0.8895267E-08
       300      3 -0.6637506E-03 -0.9979130E-05  0.4283062E-04 -0.2689173E-04 -0.1688056E-04  0.4972846E-08
       300      4 -0.4424993E-03 -0.6652904E-05  0.2855436E-04 -0.1792778E-04 -0.7431443E-05  0.2182827E-08
       300      5 -0.2212493E-03 -0.3326497E-05  0.1427737E-04 -0.8963880E-05 -0.1804587E-05  0.5252118E-09
       300      6  0.0000000E+00  0.0000000E+00  0.0000000E+00  0.0000000E+00  0.0000000E+00  0.0000000E+00
       300      7  0.2212493E-03  0.3326495E-05 -0.1427740E-04  0.8963883E-05 -0.2017688E-05  0.6071924E-09
       300      8  0.4424993E-03  0.6652897E-05 -0.2855447E-04  0.1792779E-04 -0.7857656E-05  0.2346789E-08
       300      9  0.6637506E-03  0.9979113E-05 -0.4283086E-04  0.2689176E-04 -0.1751991E-04  0.5218791E-08
       300     10  0.8850038E-03  0.1330505E-04 -0.5710621E-04  0.3585580E-04 -0.3100445E-04  0.9223198E-08
       300     11  0.2738111E-03 -0.3585856E-04 -0.8627388E-03 -0.7779867E-04 -0.1341737E-03  0.4546115E-07
       300     12  0.2053835E-03 -0.2689313E-04 -0.6470421E-03 -0.5835618E-04 -0.7337146E-04  0.2607872E-07
       300     13  0.1369344E-03 -0.1792837E-04 -0.4313556E-03 -0.3890753E-04 -0.3074181E-04  0.1204106E-07
       300     14  0.6847079E-04 -0.8964067E-05 -0.2156760E-03 -0.1945479E-04 -0.6284673E-05  0.3348150E-08
       300     15  0.0000000E+00  0.0000000E+00  0.0000000E+00  0.0000000E+00  0.0000000E+00  0.0000000E+00
       300     16 -0.6847081E-04  0.8964053E-05  0.2156757E-03  0.1945477E-04 -0.1188773E-04  0.1996610E-08
       300     17 -0.1369345E-03  0.1792831E-04  0.4313543E-03  0.3890746E-04 -0.4194780E-04  0.9337981E-08
       300     18 -0.2053838E-03  0.2689300E-04  0.6470392E-03  0.5835601E-04 -0.9018016E-04  0.2202411E-07
       300     19 -0.2738115E-03  0.3585834E-04  0.8627336E-03  0.7779837E-04 -0.1565847E-03  0.4005501E-07
       300     20 -0.1624331E-05 -0.2439153E-06 -0.4628582E-05  0.6384394E-06 -0.3396606E+00  0.2445976E-06
       300     21 -0.1130688E-05 -0.1834837E-06 -0.3524315E-05  0.4536094E-06 -0.2547391E+00  0.1845205E-06
       300     22 -0.6949296E-06 -0.1225955E-06 -0.2382704E-05  0.2853200E-06 -0.1698226E+00  0.1232329E-06
       300     23 -0.3178102E-06 -0.6138842E-07 -0.1206871E-05  0.1339881E-06 -0.8490989E-01  0.6147842E-07
       300     24  0.0000000E+00  0.0000000E+00  0.0000000E+00  0.0000000E+00  0.0000000E+00  0.0000000E+00
       300     25  0.2579137E-06  0.6143246E-07  0.1234674E-05 -0.1162882E-06  0.8490817E-01 -0.6045940E-07
       300     26  0.4554273E-06  0.1227721E-06  0.2493864E-05 -0.2145517E-06  0.1698157E+00 -0.1191570E-06
       300     27  0.5921211E-06  0.1838825E-06  0.3774238E-05 -0.2944970E-06  0.2547237E+00 -0.1753502E-06
       300     28  0.6676599E-06  0.2446281E-06  0.5072425E-05 -0.3558627E-06  0.3396332E+00 -0.2282963E-06

       400      0  0.0000000E+00  0.0000000E+00  0.0000000E+00  0.0000000E+00  0.0000000E+00  0.0000000E+00
       400      1  0.0000000E+00  0.0000000E+00  0.0000000E+00  0.0000000E+00  0.0000000E+00  0.0000000E+00
       400      2  0.7050132E-03 -0.2892162E-04  0.1218474E-03  0.4989600E-04 -0.2954185E-04  0.1344324E-07
       400      3  0.5287635E-03 -0.2169092E-04  0.9138437E-04  0.3742225E-04 -0.1722087E-04  0.7534775E-08
       400      4  0.3525107E-03 -0.1446048E-04  0.6092234E-04  0.2494829E-04 -0.8190233E-05  0.3324744E-08
       400      5  0.1762559E-03 -0.7230198E-05  0.3046100E-04  0.1247418E-04 -0.2449944E-05  0.8131525E-09
       400      6  0.0000000E+00  0.0000000E+00  0.0000000E+00  0.0000000E+00  0.0000000E+00  0.0000000E+00
       400      7 -0.1762558E-03  0.7230196E-05 -0.3046102E-04 -0.1247417E-04 -0.8404011E-06  0.8852875E-09
       400      8 -0.3525106E-03  0.1446047E-04 -0.6092239E-04 -0.2494827E-04 -0.4971147E-05  0.3469016E-08
       400      9 -0.5287633E-03  0.2169091E-04 -0.9138447E-04 -0.3742221E-04 -0.1239224E-04  0.7751185E-08
       400     10 -0.7050129E-03  0.2892158E-04 -0.1218476E-03 -0.4989592E-04 -0.2310367E-04  0.1373179E-07
       400     11  0.5844434E-03  0.4989303E-04  0.7525488E-03 -0.1192293E-03 -0.1223932E-03  0.6645908E-07
       400     12  0.4382997E-03  0.3742058E-04  0.5644283E-03 -0.8941525E-04 -0.6823118E-04  0.3781970E-07
       400     13  0.2921840E-03  0.2494744E-04  0.3762936E-03 -0.5960695E-04 -0.2977823E-04  0.1719672E-07
       400     14  0.1460872E-03  0.1247384E-04  0.1881492E-03 -0.2980249E-04 -0.7034460E-05  0.4590156E-08
       400     15  0.0000000E+00  0.0000000E+00  0.0000000E+00  0.0000000E+00  0.0000000E+00  0.0000000E+00
       400     16 -0.1460869E-03 -0.1247384E-04 -0.1881493E-03  0.2980241E-04 -0.8674980E-05  0.3426255E-08
       400     17 -0.2921826E-03 -0.2494744E-04 -0.3762939E-03  0.5960664E-04 -0.3305953E-04  0.1486892E-07
       400     18 -0.4382965E-03 -0.3742058E-04 -0.5644292E-03  0.8941455E-04 -0.7315377E-04  0.3432800E-07
       400     19 -0.5844377E-03 -0.4989302E-04 -0.7525503E-03  0.1192280E-03 -0.1289578E-03  0.6180350E-07
       400     20  0.5953587E-05  0.9727360E-07 -0.1246916E-05 -0.7410974E-06 -0.2930110E+00  0.5035589E-04
       400     21  0.4437991E-05  0.7792904E-07 -0.8417242E-06 -0.5524644E-06 -0.2197487E+00  0.3776881E-04
       400     22  0.2938974E-05  0.5522766E-07 -0.4991320E-06 -0.3656745E-06 -0.1464946E+00  0.2517978E-04
       400     23  0.1458872E-05  0.2923006E-07 -0.2187226E-06 -0.1813227E-06 -0.7324593E-01  0.1258984E-04
       400     24  0.0000000E+00  0.0000000E+00  0.0000000E+00  0.0000000E+00  0.0000000E+00  0.0000000E+00
       400     25 -0.1435353E-05 -0.3239565E-07  0.1576103E-06  0.1777063E-06  0.7324594E-01 -0.1258869E-04
       400     26 -0.2844922E-05 -0.6788696E-07  0.2547607E-06  0.3512134E-06  0.1464946E+00 -0.2517520E-04
       400     27 -0.4226472E-05 -0.1064010E-06  0.2921807E-06  0.5199439E-06  0.2197488E+00 -0.3775851E-04
       400     28 -0.5577793E-05 -0.1478618E-06  0.2706765E-06  0.6833256E-06  0.2930113E+00 -0.5033757E-04

       500      0  0.0000000E+00  0.0000000E+00  0.0000000E+00  0.0000000E+00  0.0000000E+00  0.0000000E+00
       500      1  0.0000000E+00  0.0000000E+00  0.0000000E+00  0.0000000E+00  0.0000000E+00  0.0000000E+00
       500      2  0.1002819E-04  0.4246227E-04 -0.2677549E-03 -0.1142530E-04 -0.1232223E-04  0.1680913E-07
       500      3  0.7515155E-05  0.3184668E-04 -0.2008164E-03 -0.8569497E-05 -0.6437753E-05  0.9440254E-08
       500      4  0.5007278E-05  0.2123111E-04 -0.1338777E-03 -0.5713248E-05 -0.2422560E-05  0.4182437E-08
       500      5  0.2502809E-05  0.1061555E-04 -0.6693888E-04 -0.2856701E-05 -0.2766447E-06  0.1035686E-08
       500      6  0.0000000E+00  0.0000000E+00  0.0000000E+00  0.0000000E+00  0.0000000E+00  0.0000000E+00
       500      7 -0.2502897E-05 -0.1061555E-04  0.6693882E-04  0.2856710E-05 -0.1592620E-05  0.1075381E-08
       500      8 -0.5007629E-05 -0.2123110E-04  0.1338775E-03  0.5713285E-05 -0.5054500E-05  0.4261830E-08
       500      9 -0.7515944E-05 -0.3184665E-04  0.2008159E-03  0.8569578E-05 -0.1038563E-04  0.9559346E-08
       500     10 -0.1002959E-04 -0.4246221E-04  0.2677540E-03  0.1142545E-04 -0.1758601E-04  0.1696793E-07
       500     11 -0.1284123E-02 -0.1141682E-04 -0.9446002E-04  0.1991814E-03 -0.7242928E-04  0.8103829E-07
       500     12 -0.9630890E-03 -0.8565006E-05 -0.7087450E-04  0.1493856E-03 -0.4079417E-04  0.4583261E-07
       500     13 -0.6420576E-03 -0.5711149E-05 -0.4726376E-04  0.9959012E-04 -0.1817764E-04  0.2059100E-07
       500     14 -0.3210282E-03 -0.2855921E-05 -0.2363615E-04  0.4979496E-04 -0.4579604E-05  0.5313463E-08
       500     15  0.0000000E+00  0.0000000E+00  0.0000000E+00  0.0000000E+00  0.0000000E+00  0.0000000E+00
       500     16  0.3210278E-03  0.2855938E-05  0.2363637E-04 -0.4979486E-04 -0.4438750E-05  0.4650614E-08
       500     17  0.6420561E-03  0.5711217E-05  0.4726464E-04 -0.9958972E-04 -0.1789578E-04  0.1926531E-07
       500     18  0.9630858E-03  0.8565160E-05  0.7087646E-04 -0.1493847E-03 -0.4037100E-04  0.4384408E-07
       500     19  0.1284118E-02  0.1141709E-04  0.9446351E-04 -0.1991798E-03 -0.7186435E-04  0.7838692E-07
       500     20 -0.5370505E-05  0.1463886E-06 -0.7272518E-06  0.1606711E-05 -0.1673701E+00  0.8689356E-04
       500     21 -0.4065985E-05  0.1063464E-06 -0.5841043E-06  0.1213803E-05 -0.1255132E+00  0.6517105E-04
       500     22 -0.2735570E-05  0.6858795E-07 -0.4154914E-06  0.8149491E-06 -0.8366878E-01  0.4344748E-04
       500     23 -0.1379997E-05  0.3313277E-07 -0.2209439E-06  0.4102976E-06 -0.4183251E-01  0.2172356E-04
       500     24  0.0000000E+00  0.0000000E+00  0.0000000E+00  0.0000000E+00  0.0000000E+00  0.0000000E+00
       500     25  0.1403684E-05 -0.3079145E-07  0.2477953E-06 -0.4157915E-06  0.4183314E-01 -0.2172248E-04
       500     26  0.2830319E-05 -0.5922290E-07  0.5228901E-06 -0.8369232E-06  0.8367130E-01 -0.4344318E-04
       500     27  0.4279165E-05 -0.8527586E-07  0.8257256E-06 -0.1263240E-05  0.1255189E+00 -0.6516137E-04
       500     28  0.5749484E-05 -0.1089321E-06  0.1156736E-05 -0.1694584E-05  0.1673802E+00 -0.8687635E-04

       600      0  0.0000000E+00  0.0000000E+00  0.0000000E+00  0.0000000E+00  0.0000000E+00  0.0000000E+00
       600      1  0.0000000E+00  0.0000000E+00  0.0000000E+00  0.0000000E+00  0.0000000E+00  0.0000000E+00
       600      2 -0.5995903E-03 -0.1952577E-04  0.1988394E-03 -0.5474496E-04 -0.2497452E-07  0.1807360E-07
       600      3 -0.4496890E-03 -0.1464452E-04  0.1491317E-03 -0.4105844E-04 -0.1083285E-06  0.1016669E-07
       600      4 -0.2997909E-03 -0.9763106E-05  0.9942215E-04 -0.2737215E-04 -0.1319453E-06  0.4518783E-08
       600      5 -0.1498949E-03 -0.4881580E-05  0.4971140E-04 -0.1368604E-04 -0.9583309E-07  0.1129887E-08
       600      6  0.0000000E+00  0.0000000E+00  0.0000000E+00  0.0000000E+00  0.0000000E+00  0.0000000E+00
       600      7  0.1498949E-03  0.4881578E-05 -0.4971146E-04  0.1368604E-04  0.1555458E-06  0.1129124E-08
       600      8  0.2997909E-03  0.9763098E-05 -0.9942239E-04  0.2737216E-04  0.3707963E-06  0.4517258E-08
       600      9  0.4496889E-03  0.1464450E-04 -0.1491322E-03  0.4105846E-04  0.6457433E-06  0.1016440E-07
       600     10  0.5995901E-03  0.1952574E-04 -0.1988404E-03  0.5474500E-04  0.9803787E-06  0.1807056E-07
       600     11  0.9535193E-03 -0.5475186E-04 -0.5219764E-03 -0.1150165E-03  0.1974682E-04  0.8528808E-07
       600     12  0.7151775E-03 -0.4106203E-04 -0.3914649E-03 -0.8626713E-04  0.1467905E-04  0.4797204E-07
       600     13  0.4768031E-03 -0.2737380E-04 -0.2609682E-03 -0.5751369E-04  0.9698639E-05  0.2131868E-07
       600     14  0.2384069E-03 -0.1368663E-04 -0.1304815E-03 -0.2875753E-04  0.4805617E-05  0.5327996E-08
       600     15  0.0000000E+00  0.0000000E+00  0.0000000E+00  0.0000000E+00  0.0000000E+00  0.0000000E+00
       600     16 -0.2384067E-03  0.1368662E-04  0.1304812E-03  0.2875757E-04 -0.4718192E-05  0.5334691E-08
       600     17 -0.4768022E-03  0.2737376E-04  0.2609669E-03  0.5751383E-04 -0.9348940E-05  0.2133207E-07
       600     18 -0.7151755E-03  0.4106195E-04  0.3914620E-03  0.8626745E-04 -0.1389222E-04  0.4799214E-07
       600     19 -0.9535158E-03  0.5475171E-04  0.5219713E-03  0.1150171E-03 -0.1834802E-04  0.8531490E-07
       600     20  0.6161361E-06 -0.4899189E-06 -0.8272914E-05  0.9931318E-06  0.3390213E-02  0.1000058E-03
       600     21  0.4582491E-06 -0.3676683E-06 -0.6204762E-05  0.7444697E-06  0.2560297E-02  0.7500277E-04
       600     22  0.3029054E-06 -0.2452657E-06 -0.4136552E-05  0.4960633E-06  0.1715268E-02  0.5000081E-04
       600     23  0.1501466E-06 -0.1227100E-06 -0.2068295E-05  0.2479078E-06  0.8601579E-03  0.2499989E-04
       600     24  0.0000000E+00  0.0000000E+00  0.0000000E+00  0.0000000E+00  0.0000000E+00  0.0000000E+00
       600     25 -0.1475221E-06  0.1228651E-06  0.2068324E-05 -0.2476616E-06 -0.8601754E-03 -0.2499887E-04
       600     26 -0.2924218E-06  0.2458861E-06  0.4136669E-05 -0.4950766E-06 -0.1715338E-02 -0.4999674E-04
       600     27 -0.4347161E-06  0.3690638E-06  0.6205023E-05 -0.7422428E-06 -0.2560456E-02 -0.7499361E-04
       600     28 -0.5744366E-06  0.4923988E-06  0.8273378E-05 -0.9891564E-06 -0.3390497E-02 -0.9998950E-04

       700      0  0.0000000E+00  0.0000000E+00  0.0000000E+00  0.0000000E+00  0.0000000E+00  0.0000000E+00
       700      1  0.0000000E+00  0.0000000E+00  0.0000000E+00  0.0000000E+00  0.0000000E+00  0.0000000E+00
       700      2  0.6018163E-03 -0.1471238E-04  0.8360856E-04  0.8572102E-04  0.1126693E-04  0.1689914E-07
       700      3  0.4513623E-03 -0.1103407E-04  0.6270421E-04  0.6429096E-04  0.5481644E-05  0.9520791E-08
       700      4  0.3009082E-03 -0.7355942E-05  0.4180174E-04  0.4286073E-04  0.1675393E-05  0.4244819E-08
       700      5  0.1504541E-03 -0.3677939E-05  0.2090054E-04  0.2143039E-04 -0.1518227E-06  0.1071222E-08
       700      6  0.0000000E+00  0.0000000E+00  0.0000000E+00  0.0000000E+00  0.0000000E+00  0.0000000E+00
       700      7 -0.1504540E-03  0.3677936E-05 -0.2090049E-04 -0.2143037E-04  0.2130866E-05  0.1031154E-08
       700      8 -0.3009080E-03  0.7355929E-05 -0.4180154E-04 -0.4286067E-04  0.6240779E-05  0.4164685E-08
       700      9 -0.4513618E-03  0.1103404E-04 -0.6270375E-04 -0.6429083E-04  0.1232974E-04  0.9400593E-08
       700     10 -0.6018154E-03  0.1471233E-04 -0.8360774E-04 -0.8572079E-04  0.2039777E-04  0.1673888E-07
       700     11  0.4010990E-03  0.8571939E-04  0.6344569E-03 -0.3708421E-04  0.7729828E-04  0.7801879E-07
       700     12  0.3007729E-03  0.6428997E-04  0.4758459E-03 -0.2780839E-04  0.4426934E-04  0.4362833E-07
       700     13  0.2004906E-03  0.4286018E-04  0.3172322E-03 -0.1853665E-04  0.2037669E-04  0.1916171E-07
       700     14  0.1002378E-03  0.2143015E-04  0.1586167E-03 -0.9267633E-05  0.5620268E-05  0.4618932E-08
       700     15  0.0000000E+00  0.0000000E+00  0.0000000E+00  0.0000000E+00  0.0000000E+00  0.0000000E+00
       700     16 -0.1002373E-03 -0.2143016E-04 -0.1586169E-03  0.9267604E-05  0.3515819E-05  0.5304915E-08
       700     17 -0.2004886E-03 -0.4286020E-04 -0.3172333E-03  0.1853653E-04  0.1616765E-04  0.2053368E-07
       700     18 -0.3007683E-03 -0.6429001E-04 -0.4758482E-03  0.2780812E-04  0.3795544E-04  0.4568629E-07
       700     19 -0.4010908E-03 -0.8571945E-04 -0.6344609E-03  0.3708373E-04  0.6887909E-04  0.8076275E-07
       700     20  0.7504601E-05  0.2999057E-06 -0.1274450E-05  0.5815958E-07  0.1732365E+00  0.8615588E-04
       700     21  0.5705329E-05  0.2205337E-06 -0.9836364E-06  0.3828742E-07  0.1299435E+00  0.6461258E-04
       700     22  0.3853923E-05  0.1440490E-06 -0.6745568E-06  0.2204761E-07  0.8663681E-01  0.4307268E-04
       700     23  0.1951697E-05  0.7051667E-07 -0.3468082E-06  0.9324476E-08  0.4332088E-01  0.2153541E-04
       700     24  0.0000000E+00  0.0000000E+00  0.0000000E+00  0.0000000E+00  0.0000000E+00  0.0000000E+00
       700     25 -0.1999790E-05 -0.6743970E-07  0.3662465E-06 -0.6046067E-08 -0.4332152E-01 -0.2153434E-04
       700     26 -0.4046263E-05 -0.1317430E-06  0.7522975E-06 -0.8936079E-08 -0.8663935E-01 -0.4306837E-04
       700     27 -0.6137979E-05 -0.1928526E-06  0.1158507E-05 -0.8794375E-08 -0.1299492E+00 -0.6460287E-04
       700     28 -0.8273471E-05 -0.2507132E-06  0.1585214E-05 -0.5747147E-08 -0.1732467E+00 -0.8613862E-04

       800      0  0.0000000E+00  0.0000000E+00  0.0000000E+00  0.0000000E+00  0.0000000E+00  0.0000000E+00
       800      1  0.0000000E+00  0.0000000E+00  0.0000000E+00  0.0000000E+00  0.0000000E+00  0.0000000E+00
       800      2 -0.1383852E-03  0.2885516E-04 -0.3541486E-03 -0.4178093E-04  0.3171572E-04  0.1361397E-07
       800      3 -0.1037914E-03  0.2164126E-04 -0.2656109E-03 -0.3133629E-04  0.1873379E-04  0.7685389E-08
       800      4 -0.6919546E-04  0.1442746E-04 -0.1770736E-03 -0.2089114E-04  0.9120513E-05  0.3440199E-08
       800      5 -0.3459806E-04  0.7213713E-05 -0.8853670E-04 -0.1044565E-04  0.2875916E-05  0.8784026E-09
       800      6  0.0000000E+00  0.0000000E+00  0.0000000E+00  0.0000000E+00  0.0000000E+00  0.0000000E+00
       800      7  0.3459795E-04 -0.7213710E-05  0.8853665E-04  0.1044565E-04  0.4927714E-06  0.8049918E-09
       800      8  0.6919503E-04 -0.1442745E-04  0.1770734E-03  0.2089114E-04  0.4354237E-05  0.3293378E-08
       800      9  0.1037905E-03 -0.2164124E-04  0.2656104E-03  0.3133628E-04  0.1158440E-04  0.7465160E-08
       800     10  0.1383835E-03 -0.2885512E-04  0.3541478E-03  0.4178092E-04  0.2218327E-04  0.1332034E-07
       800     11 -0.1698506E-02 -0.4177082E-04 -0.2766688E-03  0.1220676E-03  0.1264002E-03  0.6122191E-07
       800     12 -0.1273856E-02 -0.3133079E-04 -0.2075162E-03  0.9154911E-04  0.7124179E-04  0.3399623E-07
       800     13 -0.8492263E-03 -0.2088847E-04 -0.1383512E-03  0.6103197E-04  0.3178893E-04  0.1471735E-07
       800     14 -0.4246097E-03 -0.1044463E-04 -0.6917772E-04  0.3051574E-04  0.8041645E-05  0.3385275E-08
       800     15  0.0000000E+00  0.0000000E+00  0.0000000E+00  0.0000000E+00  0.0000000E+00  0.0000000E+00
       800     16  0.4246092E-03  0.1044466E-04  0.6917789E-04 -0.3051569E-04  0.7664052E-05  0.4561528E-08
       800     17  0.8492244E-03  0.2088861E-04  0.1383519E-03 -0.6103177E-04  0.3103386E-04  0.1706986E-07
       800     18  0.1273852E-02  0.3133109E-04  0.2075178E-03 -0.9154866E-04  0.7010948E-04  0.3752500E-07
       800     19  0.1698498E-02  0.4177136E-04  0.2766716E-03 -0.1220668E-03  0.1248910E-03  0.6592694E-07
       800     20 -0.9953334E-05  0.4424056E-07 -0.1553423E-05  0.1163887E-05  0.2963821E+00  0.4907947E-04
       800     21 -0.7423151E-05  0.4362211E-07 -0.1110657E-05  0.8686000E-06  0.2222944E+00  0.3680246E-04
       800     22 -0.4917373E-05  0.3601269E-07 -0.7043598E-06  0.5759871E-06  0.1481999E+00  0.2453125E-04
       800     23 -0.2441252E-05  0.2145456E-07 -0.3342503E-06  0.2863534E-06  0.7410107E-01  0.1226428E-04
       800     24  0.0000000E+00  0.0000000E+00  0.0000000E+00  0.0000000E+00  0.0000000E+00  0.0000000E+00
       800     25  0.2401217E-05 -0.2828884E-07  0.2987647E-06 -0.2827765E-06 -0.7410104E-01 -0.1226313E-04
       800     26  0.4757288E-05 -0.6333997E-07  0.5624631E-06 -0.5616838E-06 -0.1481998E+00 -0.2452667E-04
       800     27  0.7063164E-05 -0.1050716E-06  0.7915594E-06 -0.8364348E-06 -0.2222940E+00 -0.3679215E-04
       800     28  0.9313861E-05 -0.1533925E-06  0.9865622E-06 -0.1106748E-05 -0.2963815E+00 -0.4906115E-04

       900      0  0.0000000E+00  0.0000000E+00  0.0000000E+00  0.0000000E+00  0.0000000E+00  0.0000000E+00
       900      1  0.0000000E+00  0.0000000E+00  0.0000000E+00  0.0000000E+00  0.0000000E+00  0.0000000E+00
       900      2 -0.2856347E-03 -0.1510763E-04  0.3543827E-03 -0.4815838E-04  0.2937456E-04  0.9083970E-08
       900      3 -0.2142227E-03 -0.1133076E-04  0.2657889E-03 -0.3611817E-04  0.1625285E-04  0.5140445E-08
       900      4 -0.1428136E-03 -0.7553858E-05  0.1771935E-03 -0.2407848E-04  0.6983186E-05  0.2311941E-08
       900      5 -0.7140630E-04 -0.3776934E-05  0.8859706E-04 -0.1203915E-04  0.1565575E-05  0.5984589E-09
       900      6  0.0000000E+00  0.0000000E+00  0.0000000E+00  0.0000000E+00  0.0000000E+00  0.0000000E+00
       900      7  0.7140630E-04  0.3776934E-05 -0.8859708E-04  0.1203912E-04  0.2286452E-05  0.5165641E-09
       900      8  0.1428135E-03  0.7553855E-05 -0.1771936E-03  0.2407839E-04  0.8424922E-05  0.2148151E-08
       900      9  0.2142227E-03  0.1133075E-04 -0.2657891E-03  0.3611797E-04  0.1841540E-04  0.4894762E-08
       900     10  0.2856346E-03  0.1510762E-04 -0.3543830E-03  0.4815802E-04  0.3225787E-04  0.8756395E-08
       900     11  0.1699488E-02 -0.4816981E-04 -0.1472469E-03 -0.9126066E-04  0.1500050E-03  0.3942854E-07
       900     12  0.1274651E-02 -0.3612421E-04 -0.1104211E-03 -0.6844750E-04  0.8546004E-04  0.2167426E-07
       900     13  0.8497839E-03 -0.2408130E-04 -0.7360726E-04 -0.4563264E-04  0.3894423E-04  0.9184742E-08
       900     14  0.4248970E-03 -0.1204019E-04 -0.3680154E-04 -0.2281663E-04  0.1045755E-04  0.1959989E-08
       900     15  0.0000000E+00  0.0000000E+00  0.0000000E+00  0.0000000E+00  0.0000000E+00  0.0000000E+00
       900     16 -0.4248975E-03  0.1204015E-04  0.3680128E-04  0.2281669E-04  0.7571583E-05  0.3304777E-08
       900     17 -0.8497856E-03  0.2408114E-04  0.7360621E-04  0.4563290E-04  0.3317229E-04  0.1187432E-07
       900     18 -0.1274655E-02  0.3612386E-04  0.1104187E-03  0.6844807E-04  0.7680213E-04  0.2570863E-07
       900     19 -0.1699495E-02  0.4816918E-04  0.1472427E-03  0.9126167E-04  0.1384611E-03  0.4480771E-07
       900     20  0.4876177E-05 -0.5047695E-06 -0.2030892E-05 -0.2058752E-06  0.3396274E+00 -0.1226453E-05
       900     21  0.3432880E-05 -0.3845477E-06 -0.1546498E-05 -0.1427153E-06  0.2547137E+00 -0.9291753E-06
       900     22  0.2137040E-05 -0.2601174E-06 -0.1045815E-05 -0.8727264E-07  0.1698054E+00 -0.6241845E-06
       900     23  0.9917904E-06 -0.1318191E-06 -0.5299425E-06 -0.3966551E-07  0.8490122E-01 -0.3137148E-06
       900     24  0.0000000E+00  0.0000000E+00  0.0000000E+00  0.0000000E+00  0.0000000E+00  0.0000000E+00
       900     25 -0.8357293E-06  0.1349870E-06  0.5428692E-06  0.3162994E-07 -0.8489944E-01  0.3147261E-06
       900     26 -0.1513068E-05  0.2727833E-06  0.1097502E-05  0.5514260E-07 -0.1697983E+00  0.6282300E-06
       900     27 -0.2029960E-05  0.4130252E-06  0.1662717E-05  0.7046859E-07 -0.2546977E+00  0.9382785E-06
       900     28 -0.2384630E-05  0.5553448E-06  0.2237316E-05  0.7755087E-07 -0.3395989E+00  0.1242638E-05

      1000      0  0.0000000E+00  0.0000000E+00  0.0000000E+00  0.0000000E+00  0.0000000E+00  0.0000000E+00
      1000      1  0.0000000E+00  0.0000000E+00  0.0000000E+00  0.0000000E+00  0.0000000E+00  0.0000000E+00
      1000      2  0.3162838E-03 -0.6855296E-05 -0.4545116E-04  0.1062322E-03  0.2281067E-04  0.4541949E-08
      1000      3  0.2372109E-03 -0.5141340E-05 -0.3409250E-04  0.7967412E-04  0.1215567E-04  0.2580699E-08
      1000      4  0.1581397E-03 -0.3427497E-05 -0.2273035E-04  0.5311606E-04  0.4802210E-05  0.1169957E-08
      1000      5  0.7906954E-04 -0.1713730E-05 -0.1136581E-04  0.2655802E-04  0.7503176E-06  0.3097243E-09
      1000      6  0.0000000E+00  0.0000000E+00  0.0000000E+00  0.0000000E+00  0.0000000E+00  0.0000000E+00
      1000      7 -0.7906950E-04  0.1713731E-05  0.1136597E-04 -0.2655801E-04  0.2551268E-05  0.2407845E-09
      1000      8 -0.1581395E-03  0.3427501E-05  0.2273098E-04 -0.5311603E-04  0.8404134E-05  0.1032078E-08
      1000      9 -0.2372105E-03  0.5141348E-05  0.3409392E-04 -0.7967407E-04  0.1755861E-04  0.2373880E-08
      1000     10 -0.3162831E-03  0.6855311E-05  0.4545369E-04 -0.1062321E-03  0.3001470E-04  0.4266191E-08
      1000     11 -0.2177617E-03  0.1062345E-03  0.2985332E-03  0.8612429E-05  0.1162395E-03  0.1849134E-07
      1000     12 -0.1634109E-03  0.7967525E-04  0.2238954E-03  0.6462701E-05  0.6398378E-04  0.9967120E-08
      1000     13 -0.1089837E-03  0.5311652E-04  0.1492614E-03  0.4310099E-05  0.2719196E-04  0.4043821E-08
      1000     14 -0.5450509E-04  0.2655817E-04  0.7463005E-04  0.2155555E-05  0.5864044E-05  0.7214475E-09
      1000     15  0.0000000E+00  0.0000000E+00  0.0000000E+00  0.0000000E+00  0.0000000E+00  0.0000000E+00
      1000     16  0.5450668E-04 -0.2655816E-04 -0.7463000E-04 -0.2155635E-05  0.9599782E-05  0.1879479E-08
      1000     17  0.1089900E-03 -0.5311649E-04 -0.1492612E-03 -0.4310420E-05  0.3466335E-04  0.6359885E-08
      1000     18  0.1634251E-03 -0.7967518E-04 -0.2238949E-03 -0.6463422E-05  0.7519065E-04  0.1344122E-07
      1000     19  0.2177870E-03 -0.1062344E-03 -0.2985324E-03 -0.8613712E-05  0.1311816E-03  0.2312348E-07
      1000     20  0.5356352E-05  0.5681556E-06  0.3763451E-05 -0.7438179E-06  0.2913061E+00 -0.5120164E-04
      1000     21  0.4213114E-05  0.4206615E-06  0.2811765E-05 -0.5635539E-06  0.2184563E+00 -0.3841023E-04
      1000     22  0.2937404E-05  0.2766315E-06  0.1866835E-05 -0.3794074E-06  0.1456256E+00 -0.2561129E-04
      1000     23  0.1532043E-05  0.1363257E-06  0.9293509E-06 -0.1915109E-06  0.7280859E-01 -0.1280711E-04
      1000     24  0.0000000E+00  0.0000000E+00  0.0000000E+00  0.0000000E+00  0.0000000E+00  0.0000000E+00
      1000     25 -0.1655614E-05 -0.1320946E-06 -0.9205392E-06  0.1949871E-06 -0.7280559E-01  0.1280773E-04
      1000     26 -0.3431545E-05 -0.2597118E-06 -0.1831594E-05  0.3933092E-06 -0.1456135E+00  0.2561378E-04
      1000     27 -0.5324399E-05 -0.3826106E-06 -0.2732501E-05  0.5948228E-06 -0.2184292E+00  0.3841584E-04
      1000     28 -0.7330644E-05 -0.5005548E-06 -0.3622600E-05  0.7993812E-06 -0.2912579E+00  0.5121162E-04

      1100      0  0.0000000E+00  0.0000000E+00  0.0000000E+00  0.0000000E+00  0.0000000E+00  0.0000000E+00
      1100      1  0.0000000E+00  0.0000000E+00  0.0000000E+00  0.0000000E+00  0.0000000E+00  0.0000000E+00
      1100      2 -0.6310297E-04  0.1340889E-04 -0.3286350E-03 -0.7643937E-04  0.2164229E-04  0.1221339E-08
      1100      3 -0.4732748E-04  0.1005656E-04 -0.2464731E-03 -0.5733045E-04  0.1343424E-04  0.7028952E-09
      1100      4 -0.3155175E-04  0.6704327E-05 -0.1643139E-03 -0.3822074E-04  0.7091176E-05  0.3265239E-09
      1100      5 -0.1577588E-04  0.3352149E-05 -0.8215648E-04 -0.1911050E-04  0.2613095E-05  0.9222546E-10
      1100      6  0.0000000E+00  0.0000000E+00  0.0000000E+00  0.0000000E+00  0.0000000E+00  0.0000000E+00
      1100      7  0.1577577E-04 -0.3352148E-05  0.8215653E-04  0.1911048E-04 -0.7481060E-06  0.4984746E-10
      1100      8  0.3155132E-04 -0.6704325E-05  0.1643141E-03  0.3822068E-04  0.3687796E-06  0.2417678E-09
      1100      9  0.4732653E-04 -0.1005656E-04  0.2464735E-03  0.5733033E-04  0.3350660E-05  0.5757611E-09
      1100     10  0.6310128E-04 -0.1340888E-04  0.3286358E-03  0.7643916E-04  0.8197537E-05  0.1051827E-08
      1100     11 -0.1576290E-02 -0.7642494E-04 -0.1914534E-03  0.3445006E-04  0.6081271E-04  0.4078289E-08
      1100     12 -0.1182137E-02 -0.5732315E-04 -0.1435952E-03  0.2583594E-04  0.3253631E-04  0.2048383E-08
      1100     13 -0.7880527E-03 -0.3821757E-04 -0.9573272E-04  0.1722320E-04  0.1297537E-04  0.6920325E-09
      1100     14 -0.3940145E-03 -0.1910944E-04 -0.4786720E-04  0.8611378E-05  0.2129915E-05  0.9238010E-11
      1100     15  0.0000000E+00  0.0000000E+00  0.0000000E+00  0.0000000E+00  0.0000000E+00  0.0000000E+00
      1100     16  0.3940132E-03  0.1910952E-04  0.4786754E-04 -0.8611411E-05  0.6585668E-05  0.6643186E-09
      1100     17  0.7880476E-03  0.3821787E-04  0.9573407E-04 -0.1722333E-04  0.2188696E-04  0.2002194E-08
      1100     18  0.1182126E-02  0.5732381E-04  0.1435982E-03 -0.2583623E-04  0.4590393E-04  0.4013626E-08
      1100     19  0.1576270E-02  0.7642611E-04  0.1914587E-03 -0.3445058E-04  0.7863662E-04  0.6698614E-08
      1100     20 -0.1238089E-04 -0.1601683E-07  0.3387086E-05 -0.5273326E-06  0.1644351E+00 -0.8737333E-04
      1100     21 -0.9292486E-05 -0.5478772E-08  0.2547481E-05 -0.3961678E-06  0.1232920E+00 -0.6553526E-04
      1100     22 -0.6198289E-05  0.7057753E-09  0.1703078E-05 -0.2645587E-06  0.8217769E-01 -0.4369272E-04
      1100     23 -0.3100171E-05  0.2533244E-08  0.8539082E-06 -0.1325033E-06  0.4108329E-01 -0.2184717E-04
      1100     24  0.0000000E+00  0.0000000E+00  0.0000000E+00  0.0000000E+00  0.0000000E+00  0.0000000E+00
      1100     25  0.3100355E-05 -0.6897670E-08 -0.8586199E-06  0.1329532E-06 -0.4108099E-01  0.2184735E-04
      1100     26  0.6199028E-05 -0.1816357E-07 -0.1721928E-05  0.2663579E-06 -0.8216849E-01  0.4369346E-04
      1100     27  0.9294148E-05 -0.3380157E-07 -0.2589903E-05  0.4002160E-06 -0.1232713E+00  0.6553692E-04
      1100     28  0.1238384E-04 -0.5381565E-07 -0.3462526E-05  0.5345293E-06 -0.1643983E+00  0.8737629E-04

      1200      0  0.0000000E+00  0.0000000E+00  0.0000000E+00  0.0000000E+00  0.0000000E+00  0.0000000E+00
      1200      1  0.0000000E+00  0.0000000E+00  0.0000000E+00  0.0000000E+00  0.0000000E+00  0.0000000E+00
      1200      2 -0.9900163E-04 -0.1801235E-05  0.4459309E-03 -0.2028625E-04 -0.3337932E-05 -0.6143492E-11
      1200      3 -0.7425011E-04 -0.1350913E-05  0.3344495E-03 -0.1521306E-04 -0.2390686E-05 -0.4363299E-11
      1200      4 -0.4949956E-04 -0.9006018E-06  0.2229670E-03 -0.1014126E-04 -0.1518600E-05 -0.2745975E-11
      1200      5 -0.2474964E-04 -0.4502990E-06  0.1114837E-03 -0.5070384E-05 -0.7216972E-06 -0.1291536E-11
      1200      6  0.0000000E+00  0.0000000E+00  0.0000000E+00  0.0000000E+00  0.0000000E+00  0.0000000E+00
      1200      7  0.2474969E-04  0.4502991E-06 -0.1114837E-03  0.5070342E-05  0.6464692E-06  0.1128618E-11
      1200      8  0.4949976E-04  0.9006023E-06 -0.2229669E-03  0.1014109E-04  0.1217688E-05  0.2094301E-11
      1200      9  0.7425056E-04  0.1350914E-05 -0.3344495E-03  0.1521269E-04  0.1713635E-05  0.2897037E-11
      1200     10  0.9900243E-04  0.1801237E-05 -0.4459309E-03  0.2028559E-04  0.2134287E-05  0.3536811E-11
      1200     11  0.2138554E-02 -0.2030945E-04  0.7518146E-04 -0.1656074E-04 -0.1107674E-04  0.6935743E-10
      1200     12  0.1603944E-02 -0.1522442E-04  0.5639131E-04 -0.1242088E-04 -0.7737805E-05  0.4835621E-10
      1200     13  0.1069309E-02 -0.1014593E-04  0.3759667E-04 -0.8280740E-05 -0.4778704E-05  0.2979625E-10
      1200     14  0.5346587E-03 -0.5071844E-05  0.1879906E-04 -0.4140416E-05 -0.2199436E-05  0.1367752E-10
      1200     15  0.0000000E+00  0.0000000E+00  0.0000000E+00  0.0000000E+00  0.0000000E+00  0.0000000E+00
      1200     16 -0.5346592E-03  0.5071752E-05 -0.1879899E-04  0.4140412E-05  0.1819602E-05 -0.1123633E-10
      1200     17 -0.1069311E-02  0.1014556E-04 -0.3759639E-04  0.8280725E-05  0.3259373E-05 -0.2003149E-10
      1200     18 -0.1603947E-02  0.1522359E-04 -0.5639068E-04  0.1242085E-04  0.4319312E-05 -0.2638548E-10
      1200     19 -0.2138561E-02  0.2030798E-04 -0.7518033E-04  0.1656068E-04  0.4999424E-05 -0.3029829E-10
      1200     20  0.7044419E-05 -0.4416490E-06  0.4018316E-05 -0.9185108E-06 -0.6781123E-02 -0.9998531E-04
      1200     21  0.5292911E-05 -0.3313126E-06  0.3017103E-05 -0.6898856E-06 -0.5120909E-02 -0.7498880E-04
      1200     22  0.3535047E-05 -0.2209238E-06  0.2013667E-05 -0.4605898E-06 -0.3430605E-02 -0.4999245E-04
      1200     23  0.1770756E-05 -0.1104857E-06  0.1007976E-05 -0.2306266E-06 -0.1720280E-02 -0.2499620E-04
      1200     24  0.0000000E+00  0.0000000E+00  0.0000000E+00  0.0000000E+00  0.0000000E+00  0.0000000E+00
      1200     25 -0.1777227E-05  0.1105328E-06 -0.1010290E-05  0.2312858E-06  0.1720175E-02  0.2499620E-04
      1200     26 -0.3560897E-05  0.2211138E-06 -0.2022922E-05  0.4632261E-06  0.3430187E-02  0.4999245E-04
      1200     27 -0.5350948E-05  0.3317454E-06 -0.3037921E-05  0.6958157E-06  0.5119977E-02  0.7498881E-04
      1200     28 -0.7147285E-05  0.4424313E-06 -0.4055311E-05  0.9290493E-06  0.6779484E-02  0.9998532E-04

      1300      0  0.0000000E+00  0.0000000E+00  0.0000000E+00  0.0000000E+00  0.0000000E+00  0.0000000E+00
      1300      1  0.0000000E+00  0.0000000E+00  0.0000000E+00  0.0000000E+00  0.0000000E+00  0.0000000E+00
      1300      2 -0.1655854E-04 -0.9459254E-05 -0.1979410E-03  0.1015925E-03 -0.1797601E-04  0.1209821E-08
      1300      3 -0.1241992E-04 -0.7094497E-05 -0.1484631E-03  0.7619353E-04 -0.1048985E-04  0.6641564E-09
      1300      4 -0.8280430E-05 -0.4729693E-05 -0.9897889E-04  0.5079529E-04 -0.4998474E-05  0.2806311E-09
      1300      5 -0.4140357E-05 -0.2364856E-05 -0.4949053E-04  0.2539752E-04 -0.1501868E-05  0.5924563E-10
      1300      6  0.0000000E+00  0.0000000E+00  0.0000000E+00  0.0000000E+00  0.0000000E+00  0.0000000E+00
      1300      7  0.4140346E-05  0.2364861E-05  0.4949069E-04 -0.2539753E-04 -0.4928434E-06  0.1028944E-09
      1300      8  0.8280383E-05  0.4729713E-05  0.9897951E-04 -0.5079530E-04 -0.2980370E-05  0.3679290E-09
      1300      9  0.1241982E-04  0.7094541E-05  0.1484645E-03 -0.7619356E-04 -0.7462553E-05  0.7951038E-09
      1300     10  0.1655835E-04  0.9459332E-05  0.1979435E-03 -0.1015926E-03 -0.1393936E-04  0.1384419E-08
      1300     11 -0.9489049E-03  0.1016044E-03 -0.9388295E-04 -0.5678157E-05 -0.8187194E-04  0.7541935E-08
      1300     12 -0.7118416E-03  0.7619929E-04 -0.7041600E-04 -0.4259581E-05 -0.4733147E-04  0.4503616E-08
      1300     13 -0.4746391E-03  0.5079759E-04 -0.4694581E-04 -0.2840179E-05 -0.2217265E-04  0.2233854E-08
      1300     14 -0.2373433E-03  0.2539821E-04 -0.2347345E-04 -0.1420226E-05 -0.6395486E-05  0.7326484E-09
      1300     15  0.0000000E+00  0.0000000E+00  0.0000000E+00  0.0000000E+00  0.0000000E+00  0.0000000E+00
      1300     16  0.2373448E-03 -0.2539817E-04  0.2347347E-04  0.1420223E-05 -0.2986199E-05  0.3590847E-10
      1300     17  0.4746453E-03 -0.5079744E-04  0.4694589E-04  0.2840167E-05 -0.1535410E-04  0.8403739E-09
      1300     18  0.7118556E-03 -0.7619894E-04  0.7041619E-04  0.4259554E-05 -0.3710371E-04  0.2413396E-08
      1300     19  0.9489297E-03 -0.1016038E-03  0.9388329E-04  0.5678109E-05 -0.6823505E-04  0.4754977E-08
      1300     20  0.3648470E-05  0.6479501E-06  0.3332728E-05 -0.8244235E-06 -0.1761685E+00 -0.8563440E-04
      1300     21  0.2607431E-05  0.4881530E-06  0.2497880E-05 -0.6183079E-06 -0.1321528E+00 -0.6422067E-04
      1300     22  0.1651831E-05  0.3268257E-06  0.1664107E-05 -0.4121940E-06 -0.8811378E-01 -0.4281140E-04
      1300     23  0.7824517E-06  0.1640727E-06  0.8314624E-06 -0.2060892E-06 -0.4405997E-01 -0.2140503E-04
      1300     24  0.0000000E+00  0.0000000E+00  0.0000000E+00  0.0000000E+00  0.0000000E+00  0.0000000E+00
      1300     25 -0.6948959E-06 -0.1652853E-06 -0.8302261E-06  0.2060678E-06  0.4405754E-01  0.2140523E-04
      1300     26 -0.1301686E-05 -0.3316750E-06 -0.1659162E-05  0.4121095E-06  0.8810406E-01  0.4281223E-04
      1300     27 -0.1819902E-05 -0.4990598E-06 -0.2486756E-05  0.6181209E-06  0.1321310E+00  0.6422255E-04
      1300     28 -0.2249153E-05 -0.6673299E-06 -0.3312953E-05  0.8240990E-06  0.1761297E+00  0.8563774E-04

      1400      0  0.0000000E+00  0.0000000E+00  0.0000000E+00  0.0000000E+00  0.0000000E+00  0.0000000E+00
      1400      1  0.0000000E+00  0.0000000E+00  0.0000000E+00  0.0000000E+00  0.0000000E+00  0.0000000E+00
      1400      2  0.2048806E-03  0.3560383E-05 -0.2066710E-03 -0.9759939E-04 -0.2061416E-04  0.4542704E-08
      1400      3  0.1536637E-03  0.2670450E-05 -0.1549954E-03 -0.7320051E-04 -0.1039930E-04  0.2529184E-08
      1400      4  0.1024441E-03  0.1780378E-05 -0.1033266E-03 -0.4880081E-04 -0.3558644E-05  0.1100893E-08
      1400      5  0.5122255E-04  0.8902123E-06 -0.5166218E-04 -0.2440054E-04 -0.9220799E-07  0.2578319E-09
      1400      6  0.0000000E+00  0.0000000E+00  0.0000000E+00  0.0000000E+00  0.0000000E+00  0.0000000E+00
      1400      7 -0.5122265E-04 -0.8902133E-06  0.5166226E-04  0.2440054E-04 -0.3282030E-05  0.3273979E-09
      1400      8 -0.1024445E-03 -0.1780382E-05  0.1033269E-03  0.4880081E-04 -0.9938307E-05  0.1240026E-08
      1400      9 -0.1536647E-03 -0.2670459E-05  0.1549962E-03  0.7320053E-04 -0.1996884E-04  0.2737884E-08
      1400     10 -0.2048822E-03 -0.3560399E-05  0.2066723E-03  0.9759941E-04 -0.3337364E-04  0.4820973E-08
      1400     11 -0.9916036E-03 -0.9758477E-04  0.1241192E-03 -0.2106107E-04 -0.1324776E-03  0.2448372E-07
      1400     12 -0.7435234E-03 -0.7319360E-04  0.9310395E-04 -0.1579194E-04 -0.7557093E-04  0.1421487E-07
      1400     13 -0.4955965E-03 -0.4879814E-04  0.6207621E-04 -0.1052610E-04 -0.3452243E-04  0.6711308E-08
      1400     14 -0.2477723E-03 -0.2439980E-04  0.3104017E-04 -0.5262478E-05 -0.9332095E-05  0.1973016E-08
      1400     15  0.0000000E+00  0.0000000E+00  0.0000000E+00  0.0000000E+00  0.0000000E+00  0.0000000E+00
      1400     16  0.2477709E-03  0.2439984E-04 -0.3104014E-04  0.5262407E-05 -0.6526201E-05  0.7922600E-09
      1400     17  0.4955912E-03  0.4879831E-04 -0.6207608E-04  0.1052582E-04 -0.2891076E-04  0.4349796E-08
      1400     18  0.7435114E-03  0.7319400E-04 -0.9310366E-04  0.1579130E-04 -0.6715373E-04  0.1067261E-07
      1400     19  0.9915822E-03  0.9758547E-04 -0.1241187E-03  0.2105993E-04 -0.1212552E-03  0.1976070E-07
      1400     20 -0.1187284E-04 -0.1210933E-06  0.2084022E-05 -0.6606930E-06 -0.2980467E+00 -0.4819293E-04
      1400     21 -0.8842014E-05 -0.1027134E-06  0.1578750E-05 -0.4930745E-06 -0.2235467E+00 -0.3613566E-04
      1400     22 -0.5849008E-05 -0.7634796E-07  0.1063081E-05 -0.3270712E-06 -0.1490358E+00 -0.2408632E-04
      1400     23 -0.2899723E-05 -0.4207895E-07  0.5368752E-06 -0.1627059E-06 -0.7451873E-01 -0.1204206E-04
      1400     24  0.0000000E+00  0.0000000E+00  0.0000000E+00  0.0000000E+00  0.0000000E+00  0.0000000E+00
      1400     25  0.2844392E-05  0.4978384E-07 -0.5476719E-06  0.1610269E-06  0.7451576E-01  0.1204271E-04
      1400     26  0.5627767E-05  0.1071563E-06 -0.1106262E-05  0.3203569E-06  0.1490239E+00  0.2408894E-04
      1400     27  0.8344529E-05  0.1719898E-06 -0.1675887E-05  0.4779736E-06  0.2235199E+00  0.3614154E-04
      1400     28  0.1098918E-04  0.2441462E-06 -0.2256656E-05  0.6338622E-06  0.2979992E+00  0.4820339E-04

      1500      0  0.0000000E+00  0.0000000E+00  0.0000000E+00  0.0000000E+00  0.0000000E+00  0.0000000E+00
      1500      1  0.0000000E+00  0.0000000E+00  0.0000000E+00  0.0000000E+00  0.0000000E+00  0.0000000E+00
      1500      2 -0.1318337E-03  0.1421074E-04  0.4274898E-03  0.1407685E-04 -0.3530570E-04  0.9072671E-08
      1500      3 -0.9888213E-04  0.1065801E-04  0.3206155E-03  0.1055991E-04 -0.2070873E-04  0.5071963E-08
      1500      4 -0.6592472E-04  0.7105312E-05  0.2137427E-03  0.7041032E-05 -0.9958777E-05  0.2226281E-08
      1500      5 -0.3296338E-04  0.3552649E-05  0.1068711E-03  0.3520850E-05 -0.3055858E-05  0.5356263E-09
      1500      6  0.0000000E+00  0.0000000E+00  0.0000000E+00  0.0000000E+00  0.0000000E+00  0.0000000E+00
      1500      7  0.3296351E-04 -0.3552650E-05 -0.1068712E-03 -0.3520879E-05 -0.7912266E-06  0.6194022E-09
      1500      8  0.6592524E-04 -0.7105316E-05 -0.2137429E-03 -0.7041150E-05 -0.5429561E-05  0.2393833E-08
      1500      9  0.9888330E-04 -0.1065801E-04 -0.3206159E-03 -0.1056017E-04 -0.1391503E-04  0.5323294E-08
      1500     10  0.1318358E-03 -0.1421076E-04 -0.4274906E-03 -0.1407732E-04 -0.2624765E-04  0.9407784E-08
      1500     11  0.2050258E-02  0.1404610E-04  0.3524691E-04  0.7365716E-04 -0.1463023E-03  0.4632622E-07
      1500     12  0.1537660E-02  0.1054545E-04  0.2640304E-04  0.5524149E-04 -0.8266388E-04  0.2656333E-07
      1500     13  0.1025091E-02  0.7035502E-05  0.1758667E-04  0.3682699E-04 -0.3706743E-04  0.1225467E-07
      1500     14  0.5125408E-03  0.3519322E-05  0.8788691E-05  0.1841329E-04 -0.9512832E-05  0.3400222E-08
      1500     15  0.0000000E+00  0.0000000E+00  0.0000000E+00  0.0000000E+00  0.0000000E+00  0.0000000E+00
      1500     16 -0.5125407E-03 -0.3519380E-05 -0.8788506E-05 -0.1841325E-04 -0.8528828E-05  0.2054002E-08
      1500     17 -0.1025091E-02 -0.7035734E-05 -0.1758593E-04 -0.3682685E-04 -0.3509921E-04  0.9562228E-08
      1500     18 -0.1537659E-02 -0.1054598E-04 -0.2640138E-04 -0.5524118E-04 -0.7971104E-04  0.2252468E-07
      1500     19 -0.2050255E-02 -0.1404702E-04 -0.3524396E-04 -0.7365661E-04 -0.1423642E-03  0.4094136E-07
      1500     20  0.8937618E-05 -0.4049612E-06  0.1120781E-05  0.3874505E-06 -0.3395586E+00  0.2240751E-05
      1500     21  0.6868487E-05 -0.2934488E-06  0.8161547E-06  0.2946043E-06 -0.2546616E+00  0.1692054E-05
      1500     22  0.4685104E-05 -0.1886115E-06  0.5275123E-06  0.1989290E-06 -0.1697705E+00  0.1133214E-05
      1500     23  0.2393528E-05 -0.9071179E-07  0.2553135E-06  0.1006512E-06 -0.8488372E-01  0.5679542E-06
      1500     24  0.0000000E+00  0.0000000E+00  0.0000000E+00  0.0000000E+00  0.0000000E+00  0.0000000E+00
      1500     25 -0.2489061E-05  0.8328642E-07 -0.2380051E-06 -0.1027938E-06  0.8488208E-01 -0.5669252E-06
      1500     26 -0.5067069E-05  0.1589231E-06 -0.4582978E-06 -0.2074972E-06  0.1697639E+00 -0.1129098E-05
      1500     27 -0.7727284E-05  0.2266992E-06 -0.6604935E-06 -0.3138758E-06  0.2546469E+00 -0.1682796E-05
      1500     28 -0.1046282E-04  0.2864174E-06 -0.8442278E-06 -0.4216935E-06  0.3395323E+00 -0.2224296E-05

      1600      0  0.0000000E+00  0.0000000E+00  0.0000000E+00  0.0000000E+00  0.0000000E+00  0.0000000E+00
      1600      1  0.0000000E+00  0.0000000E+00  0.0000000E+00  0.0000000E+00  0.0000000E+00  0.0000000E+00
      1600      2 -0.2382072E-03 -0.2140633E-04 -0.2947664E-03  0.7447565E-04 -0.2723471E-04  0.1360164E-07
      1600      3 -0.1786500E-03 -0.1605509E-04 -0.2210807E-03  0.5585507E-04 -0.1549567E-04  0.7624408E-08
      1600      4 -0.1190974E-03 -0.1070355E-04 -0.1473899E-03  0.3723592E-04 -0.7043564E-05  0.3365058E-08
      1600      5 -0.5954795E-04 -0.5351827E-05 -0.7369581E-04  0.1861772E-04 -0.1878352E-05  0.8235883E-09
      1600      6  0.0000000E+00  0.0000000E+00  0.0000000E+00  0.0000000E+00  0.0000000E+00  0.0000000E+00
      1600      7  0.5954792E-04  0.5351833E-05  0.7369585E-04 -0.1861772E-04 -0.1408475E-05  0.8942936E-09
      1600      8  0.1190973E-03  0.1070358E-04  0.1473901E-03 -0.3723592E-04 -0.6103741E-05  0.3506470E-08
      1600      9  0.1786497E-03  0.1605514E-04  0.2210810E-03 -0.5585507E-04 -0.1408576E-04  0.7836529E-08
      1600     10  0.2382067E-03  0.2140642E-04  0.2947670E-03 -0.7447564E-04 -0.2535450E-04  0.1388447E-07
      1600     11 -0.1413303E-02  0.7449600E-04 -0.3534397E-03 -0.7355209E-04 -0.1121263E-03  0.6718672E-07
      1600     12 -0.1060123E-02  0.5586467E-04 -0.2650530E-03 -0.5517161E-04 -0.6107603E-04  0.3822450E-07
      1600     13 -0.7068179E-03  0.3723962E-04 -0.1766892E-03 -0.3678468E-04 -0.2537155E-04  0.1737264E-07
      1600     14 -0.3534298E-03  0.1861876E-04 -0.8834067E-04 -0.1839344E-04 -0.5012865E-05  0.4631139E-08
      1600     15  0.0000000E+00  0.0000000E+00  0.0000000E+00  0.0000000E+00  0.0000000E+00  0.0000000E+00
      1600     16  0.3534301E-03 -0.1861875E-04  0.8834033E-04  0.1839351E-04 -0.1033297E-04  0.3479224E-08
      1600     17  0.7068193E-03 -0.3723959E-04  0.1766878E-03  0.3678497E-04 -0.3601178E-04  0.1506881E-07
      1600     18  0.1060126E-02 -0.5586461E-04  0.2650500E-03  0.5517226E-04 -0.7703645E-04  0.3476876E-07
      1600     19  0.1413309E-02 -0.7449590E-04  0.3534343E-03  0.7355325E-04 -0.1334070E-03  0.6257908E-07
      1600     20  0.7853115E-06  0.5484698E-06 -0.4544271E-05  0.4304607E-06 -0.2895232E+00  0.5207059E-04
      1600     21  0.3772907E-06  0.4121241E-06 -0.3412644E-05  0.3128638E-06 -0.2171143E+00  0.3906369E-04
      1600     22  0.1103320E-06  0.2750745E-06 -0.2277345E-05  0.2019231E-06 -0.1447294E+00  0.2604725E-04
      1600     23 -0.1542550E-07  0.1376052E-06 -0.1139441E-05  0.9763732E-07 -0.7236072E-01  0.1302483E-04
      1600     24  0.0000000E+00  0.0000000E+00  0.0000000E+00  0.0000000E+00  0.0000000E+00  0.0000000E+00
      1600     25  0.1564337E-06 -0.1374571E-06  0.1139909E-05 -0.9099976E-07  0.7236078E-01 -0.1302369E-04
      1600     26  0.4535440E-06 -0.2744826E-06  0.2279215E-05 -0.1753776E-06  0.1447297E+00 -0.2604267E-04
      1600     27  0.8908432E-06 -0.4107935E-06  0.3416848E-05 -0.2531537E-06  0.2171149E+00 -0.3905339E-04
      1600     28  0.1467687E-05 -0.5461071E-06  0.4551734E-05 -0.3243531E-06  0.2895243E+00 -0.5205227E-04

      1700      0  0.0000000E+00  0.0000000E+00  0.0000000E+00  0.0000000E+00  0.0000000E+00  0.0000000E+00
      1700      1  0.0000000E+00  0.0000000E+00  0.0000000E+00  0.0000000E+00  0.0000000E+00  0.0000000E+00
      1700      2  0.5383888E-03  0.3945739E-05 -0.5171674E-04 -0.9416743E-04 -0.1048204E-04  0.1690171E-07
      1700      3  0.4037952E-03  0.2959885E-05 -0.3877908E-04 -0.7062575E-04 -0.5100041E-05  0.9493232E-08
      1700      4  0.2691986E-03  0.1973534E-05 -0.2584869E-04 -0.4708392E-04 -0.1559020E-05  0.4206788E-08
      1700      5  0.1345998E-03  0.9868504E-06 -0.1292314E-04 -0.2354199E-04  0.1409999E-06  0.1042377E-08
      1700      6  0.0000000E+00  0.0000000E+00  0.0000000E+00  0.0000000E+00  0.0000000E+00  0.0000000E+00
      1700      7 -0.1346000E-03 -0.9868522E-06  0.1292316E-04  0.2354201E-04 -0.1982040E-05  0.1079658E-08
      1700      8 -0.2691991E-03 -0.1973541E-05  0.2584878E-04  0.4708400E-04 -0.5805139E-05  0.4281351E-08
      1700      9 -0.4037963E-03 -0.2959901E-05  0.3877929E-04  0.7062593E-04 -0.1146931E-04  0.9605081E-08
      1700     10 -0.5383908E-03 -0.3945767E-05  0.5171712E-04  0.9416776E-04 -0.1897459E-04  0.1705085E-07
      1700     11 -0.2484847E-03 -0.9416153E-04  0.5181584E-03 -0.1789463E-04 -0.6452686E-04  0.8142185E-07
      1700     12 -0.1861733E-03 -0.7062309E-04  0.3886337E-03 -0.1340751E-04 -0.3563690E-04  0.4604026E-07
      1700     13 -0.1240248E-03 -0.4708299E-04  0.2590963E-03 -0.8931932E-05 -0.1525232E-04  0.2067609E-07
      1700     14 -0.6198507E-04 -0.2354177E-04  0.1295504E-03 -0.4464039E-05 -0.3373300E-05  0.5329334E-08
      1700     15  0.0000000E+00  0.0000000E+00  0.0000000E+00  0.0000000E+00  0.0000000E+00  0.0000000E+00
      1700     16  0.6198463E-04  0.2354179E-04 -0.1295507E-03  0.4464023E-05 -0.5132597E-05  0.4688087E-08
      1700     17  0.1240230E-03  0.4708306E-04 -0.2590975E-03  0.8931867E-05 -0.1877126E-04  0.1939360E-07
      1700     18  0.1861693E-03  0.7062325E-04 -0.3886365E-03  0.1340737E-04 -0.4091618E-04  0.4411653E-07
      1700     19  0.2484776E-03  0.9416181E-04 -0.5181634E-03  0.1789437E-04 -0.7156750E-04  0.7885688E-07
      1700     20 -0.8076443E-05 -0.3414513E-06 -0.2015253E-05  0.2634292E-06 -0.1614369E+00  0.8786454E-04
      1700     21 -0.5985949E-05 -0.2612813E-06 -0.1487795E-05  0.2023946E-06 -0.1210321E+00  0.6590416E-04
      1700     22 -0.3942169E-05 -0.1776115E-06 -0.9761793E-06  0.1381665E-06 -0.8066656E-01  0.4393854E-04
      1700     23 -0.1946415E-05 -0.9049894E-07 -0.4802846E-06  0.7071285E-07 -0.4032695E-01  0.2196979E-04
      1700     24  0.0000000E+00  0.0000000E+00  0.0000000E+00  0.0000000E+00  0.0000000E+00  0.0000000E+00
      1700     25  0.1895756E-05  0.9382963E-07  0.4647785E-06 -0.7400704E-07  0.4032757E-01 -0.2196872E-04
      1700     26  0.3739528E-05  0.1909348E-06  0.9141476E-06 -0.1513449E-06  0.8066905E-01 -0.4393426E-04
      1700     27  0.5529982E-05  0.2912609E-06  0.1348197E-05 -0.2320518E-06  0.1210377E+00 -0.6589452E-04
      1700     28  0.7265771E-05  0.3947535E-06  0.1767011E-05 -0.3161679E-06  0.1614469E+00 -0.8784739E-04

      1800      0  0.0000000E+00  0.0000000E+00  0.0000000E+00  0.0000000E+00  0.0000000E+00  0.0000000E+00
      1800      1  0.0000000E+00  0.0000000E+00  0.0000000E+00  0.0000000E+00  0.0000000E+00  0.0000000E+00
      1800      2 -0.3666621E-03  0.2539569E-04  0.3077824E-03  0.3690432E-04 -0.4241984E-05  0.1806928E-07
      1800      3 -0.2750095E-03  0.1904646E-04  0.2308321E-03  0.2767976E-04 -0.3326926E-05  0.1016417E-07
      1800      4 -0.1833458E-03  0.1269750E-04  0.1538859E-03  0.1845390E-04 -0.2314904E-05  0.4517585E-08
      1800      5 -0.9167479E-04  0.6348707E-05  0.7694232E-04  0.9227169E-05 -0.1205926E-05  0.1129528E-08
      1800      6  0.0000000E+00  0.0000000E+00  0.0000000E+00  0.0000000E+00  0.0000000E+00  0.0000000E+00
      1800      7  0.9167495E-04 -0.6348708E-05 -0.7694240E-04 -0.9227171E-05  0.1302867E-05  0.1129000E-08
      1800      8  0.1833465E-03 -0.1269750E-04 -0.1538862E-03 -0.1845391E-04  0.2702666E-05  0.4516530E-08
      1800      9  0.2750109E-03 -0.1904647E-04 -0.2308329E-03 -0.2767978E-04  0.4199392E-05  0.1016259E-07
      1800     10  0.3666647E-03 -0.2539570E-04 -0.3077836E-03 -0.3690434E-04  0.5793035E-05  0.1806718E-07
      1800     11  0.1476267E-02  0.3688096E-04 -0.2462724E-03  0.1362311E-03  0.1186963E-04  0.8521061E-07
      1800     12  0.1107119E-02  0.2766885E-04 -0.1847636E-03  0.1021655E-03  0.7929279E-05  0.4791627E-07
      1800     13  0.7380407E-03  0.1844977E-04 -0.1232039E-03  0.6810662E-04  0.4637395E-05  0.2128306E-07
      1800     14  0.3690087E-03  0.9226051E-05 -0.6161042E-04  0.3405218E-04  0.1994222E-05  0.5310964E-08
      1800     15  0.0000000E+00  0.0000000E+00  0.0000000E+00  0.0000000E+00  0.0000000E+00  0.0000000E+00
      1800     16 -0.3690087E-03 -0.9226069E-05  0.6161043E-04 -0.3405212E-04 -0.1345025E-05  0.5350166E-08
      1800     17 -0.7380405E-03 -0.1844984E-04  0.1232040E-03 -0.6810638E-04 -0.2040607E-05  0.2136146E-07
      1800     18 -0.1107119E-02 -0.2766901E-04  0.1847637E-03 -0.1021650E-03 -0.2086498E-05  0.4803389E-07
      1800     19 -0.1476267E-02 -0.3688126E-04  0.2462727E-03 -0.1362302E-03 -0.1482448E-05  0.8536746E-07
      1800     20  0.9577879E-05 -0.2147216E-06 -0.3276910E-05  0.1776895E-05  0.1016915E-01  0.9997117E-04
      1800     21  0.7189162E-05 -0.1612568E-06 -0.2452414E-05  0.1332433E-05  0.7679754E-02  0.7497643E-04
      1800     22  0.4796556E-05 -0.1076522E-06 -0.1631402E-05  0.8881337E-06  0.5145034E-02  0.4998306E-04
      1800     23  0.2400145E-05 -0.5390135E-07 -0.8139213E-06  0.4439911E-06  0.2580086E-02  0.2499096E-04
      1800     24  0.0000000E+00  0.0000000E+00  0.0000000E+00  0.0000000E+00  0.0000000E+00  0.0000000E+00
      1800     25 -0.2403821E-05  0.5405342E-07  0.8103505E-06 -0.4438460E-06 -0.2580139E-02 -0.2498994E-04
      1800     26 -0.4811272E-05  0.1082580E-06  0.1617137E-05 -0.8875538E-06 -0.5145245E-02 -0.4997899E-04
      1800     27 -0.7222321E-05  0.1626105E-06  0.2420384E-05 -0.1331131E-05 -0.7680230E-02 -0.7496726E-04
      1800     28 -0.9636949E-05  0.2171050E-06  0.3220133E-05 -0.1774586E-05 -0.1017000E-01 -0.9995488E-04

      1900      0  0.0000000E+00  0.0000000E+00  0.0000000E+00  0.0000000E+00  0.0000000E+00  0.0000000E+00
      1900      1  0.0000000E+00  0.0000000E+00  0.0000000E+00  0.0000000E+00  0.0000000E+00  0.0000000E+00
      1900      2 -0.2456652E-03 -0.3690965E-04 -0.2845274E-03  0.3873377E-04  0.1622624E-04  0.1681085E-07
      1900      3 -0.1842362E-03 -0.2768259E-04 -0.2133968E-03  0.2904878E-04  0.9166827E-05  0.9472317E-08
      1900      4 -0.1228181E-03 -0.1845523E-04 -0.1422651E-03  0.1936512E-04  0.4109298E-05  0.4224328E-08
      1900      5 -0.6140722E-04 -0.9227668E-05 -0.7113273E-04  0.9682341E-05  0.1053681E-05  0.1066889E-08
      1900      6  0.0000000E+00  0.0000000E+00  0.0000000E+00  0.0000000E+00  0.0000000E+00  0.0000000E+00
      1900      7  0.6140720E-04  0.9227672E-05  0.7113269E-04 -0.9682343E-05  0.9482788E-06  0.1023662E-08
      1900      8  0.1228180E-03  0.1845525E-04  0.1422650E-03 -0.1936513E-04  0.3898542E-05  0.4137876E-08
      1900      9  0.1842361E-03  0.2768263E-04  0.2133965E-03 -0.2904881E-04  0.8850814E-05  0.9342642E-08
      1900     10  0.2456650E-03  0.3690972E-04  0.2845268E-03 -0.3873381E-04  0.1580512E-04  0.1663796E-07
      1900     11 -0.1364383E-02  0.3875224E-04 -0.3569948E-03 -0.1618667E-03  0.9450467E-04  0.7753414E-07
      1900     12 -0.1023351E-02  0.2905753E-04 -0.2676831E-03 -0.1214073E-03  0.5638914E-04  0.4334873E-07
      1900     13 -0.6822639E-03  0.1936852E-04 -0.1784254E-03 -0.8094172E-04  0.2793325E-04  0.1903124E-07
      1900     14 -0.3411410E-03  0.9683316E-05 -0.8920365E-04 -0.4047193E-04  0.9136903E-05  0.4581661E-08
      1900     15  0.0000000E+00  0.0000000E+00  0.0000000E+00  0.0000000E+00  0.0000000E+00  0.0000000E+00
      1900     16  0.3411413E-03 -0.9683333E-05  0.8920352E-04  0.4047202E-04  0.5224431E-06  0.5286258E-08
      1900     17  0.6822650E-03 -0.1936859E-04  0.1784249E-03  0.8094208E-04  0.1070414E-04  0.2044044E-07
      1900     18  0.1023353E-02 -0.2905767E-04  0.2676820E-03  0.1214081E-03  0.3054499E-04  0.4546254E-07
      1900     19  0.1364387E-02 -0.3875250E-04  0.3569928E-03  0.1618682E-03  0.6004491E-04  0.8035255E-07
      1900     20 -0.3148703E-05  0.3736705E-06 -0.7219297E-05  0.2730915E-06  0.1790340E+00  0.8512502E-04
      1900     21 -0.2274610E-05  0.2815821E-06 -0.5435184E-05  0.2152579E-06  0.1343213E+00  0.6383388E-04
      1900     22 -0.1458031E-05  0.1885620E-06 -0.3636878E-05  0.1505490E-06  0.8956953E-01  0.4255090E-04
      1900     23 -0.6996272E-06  0.9467812E-07 -0.1824953E-05  0.7883672E-07  0.4479149E-01  0.2127373E-04
      1900     24  0.0000000E+00  0.0000000E+00  0.0000000E+00  0.0000000E+00  0.0000000E+00  0.0000000E+00
      1900     25  0.6403078E-06 -0.9540174E-07  0.1837376E-05 -0.8607511E-07 -0.4479213E-01 -0.2127265E-04
      1900     26  0.1220815E-05 -0.1914554E-06  0.3686557E-05 -0.1794952E-06 -0.8957208E-01 -0.4254657E-04
      1900     27  0.1741102E-05 -0.2880884E-06  0.5546911E-05 -0.2803593E-06 -0.1343270E+00 -0.6382414E-04
      1900     28  0.2200812E-05 -0.3852275E-06  0.7417798E-05 -0.3887588E-06 -0.1790442E+00 -0.8510769E-04

      2000      0  0.0000000E+00  0.0000000E+00  0.0000000E+00  0.0000000E+00  0.0000000E+00  0.0000000E+00
      2000      1  0.0000000E+00  0.0000000E+00  0.0000000E+00  0.0000000E+00  0.0000000E+00  0.0000000E+00
      2000      2  0.7774316E-03  0.1408942E-04  0.5637272E-04 -0.6728422E-04  0.2945277E-04  0.1345457E-07
      2000      3  0.5830722E-03  0.1056789E-04  0.4228458E-04 -0.5046262E-04  0.1704252E-04  0.7595820E-08
      2000      4  0.3887141E-03  0.7045654E-05  0.2819211E-04 -0.3364149E-04  0.7996993E-05  0.3400475E-08
      2000      5  0.1943569E-03  0.3522946E-05  0.1409677E-04 -0.1682067E-04  0.2316157E-05  0.8685348E-09
      2000      6  0.0000000E+00  0.0000000E+00  0.0000000E+00  0.0000000E+00  0.0000000E+00  0.0000000E+00
      2000      7 -0.1943570E-03 -0.3522946E-05 -0.1409673E-04  0.1682068E-04  0.1048503E-05  0.7948712E-09
      2000      8 -0.3887145E-03 -0.7045656E-05 -0.2819197E-04  0.3364153E-04  0.5461649E-05  0.3253149E-08
      2000      9 -0.5830731E-03 -0.1056789E-04 -0.4228426E-04  0.5046272E-04  0.1323942E-04  0.7374832E-08
      2000     10 -0.7774332E-03 -0.1408942E-04 -0.5637215E-04  0.6728441E-04  0.2438179E-04  0.1315992E-07
      2000     11  0.2700458E-03 -0.6728471E-04  0.7994964E-03  0.4124108E-04  0.1237581E-03  0.6043159E-07
      2000     12  0.2026598E-03 -0.5046301E-04  0.5996106E-03  0.3094997E-04  0.6869806E-04  0.3354625E-07
      2000     13  0.1351665E-03 -0.3364176E-04  0.3997349E-03  0.2064247E-04  0.2971848E-04  0.1451254E-07
      2000     14  0.6760132E-04 -0.1682081E-04  0.1998659E-03  0.1032400E-04  0.6819182E-05  0.3330457E-08
      2000     15  0.0000000E+00  0.0000000E+00  0.0000000E+00  0.0000000E+00  0.0000000E+00  0.0000000E+00
      2000     16 -0.6760190E-04  0.1682083E-04 -0.1998662E-03 -0.1032411E-04  0.9260759E-05  0.4521173E-08
      2000     17 -0.1351688E-03  0.3364183E-04 -0.3997361E-03 -0.2064291E-04  0.3460128E-04  0.1689398E-07
      2000     18 -0.2026651E-03  0.5046317E-04 -0.5996132E-03 -0.3095097E-04  0.7602140E-04  0.3711841E-07
      2000     19 -0.2700552E-03  0.6728499E-04 -0.7995010E-03 -0.4124286E-04  0.1335209E-03  0.6519447E-07
      2000     20 -0.3168529E-05 -0.3465725E-06  0.2108512E-05  0.2934913E-07  0.2996350E+00  0.4733037E-04
      2000     21 -0.2493338E-05 -0.2558474E-06  0.1543732E-05  0.1323135E-08  0.2247502E+00  0.3548139E-04
      2000     22 -0.1739112E-05 -0.1677479E-06  0.1002511E-05 -0.1274093E-07  0.1498448E+00  0.2364613E-04
      2000     23 -0.9074331E-06 -0.8241855E-07  0.4871729E-06 -0.1309193E-07  0.7492581E-01  0.1182040E-04
      2000     24  0.0000000E+00  0.0000000E+00  0.0000000E+00  0.0000000E+00  0.0000000E+00  0.0000000E+00
      2000     25  0.9813719E-06  0.7937168E-07 -0.4567664E-06  0.2624378E-07 -0.7492572E-01 -0.1181925E-04
      2000     26  0.2034755E-05  0.1555650E-06 -0.8809316E-06  0.6532786E-07 -0.1498445E+00 -0.2364155E-04
      2000     27  0.3158111E-05  0.2284535E-06 -0.1270351E-05  0.1169207E-06 -0.2247494E+00 -0.3547109E-04
      2000     28  0.4349297E-05  0.2979156E-06 -0.1622931E-05  0.1806711E-06 -0.2996336E+00 -0.4731205E-04
