# number of rays:      29
# iteration   ray    X              A              Y              B              T              D
         0      0  0.0000000E+00  0.0000000E+00  0.0000000E+00  0.0000000E+00  0.0000000E+00  0.0000000E+00
         0      1  0.0000000E+00  0.0000000E+00  0.0000000E+00  0.0000000E+00  0.0000000E+00  0.0000000E+00
         0      2 -0.1000000E-02  0.0000000E+00  0.0000000E+00  0.0000000E+00  0.0000000E+00  0.0000000E+00
         0      3 -0.7500000E-03  0.0000000E+00  0.0000000E+00  0.0000000E+00  0.0000000E+00  0.0000000E+00
         0      4 -0.5000000E-03  0.0000000E+00  0.0000000E+00  0.0000000E+00  0.0000000E+00  0.0000000E+00
         0      5 -0.2500000E-03  0.0000000E+00  0.0000000E+00  0.0000000E+00  0.0000000E+00  0.0000000E+00
         0      6  0.0000000E+00  0.0000000E+00  0.0000000E+00  0.0000000E+00  0.0000000E+00  0.0000000E+00
         0      7  0.2500000E-03  0.0000000E+00  0.0000000E+00  0.0000000E+00  0.0000000E+00  0.0000000E+00
         0      8  0.5000000E-03  0.0000000E+00  0.0000000E+00  0.0000000E+00  0.0000000E+00  0.0000000E+00
         0      9  0.7500000E-03  0.0000000E+00  0.0000000E+00  0.0000000E+00  0.0000000E+00  0.0000000E+00
         0     10  0.1000000E-02  0.0000000E+00  0.0000000E+00  0.0000000E+00  0.0000000E+00  0.0000000E+00
         0     11  0.0000000E+00  0.0000000E+00 -0.1000000E-02  0.0000000E+00  0.0000000E+00  0.0000000E+00
         0     12  0.0000000E+00  0.0000000E+00 -0.7500000E-03  0.0000000E+00  0.0000000E+00  0.0000000E+00
         0     13  0.0000000E+00  0.0000000E+00 -0.5000000E-03  0.0000000E+00  0.0000000E+00  0.0000000E+00
         0     14  0.0000000E+00  0.0000000E+00 -0.2500000E-03  0.0000000E+00  0.0000000E+00  0.0000000E+00
         0     15  0.0000000E+00  0.0000000E+00  0.0000000E+00  0.0000000E+00  0.0000000E+00  0.0000000E+00
         0     16  0.0000000E+00  0.0000000E+00  0.2500000E-03  0.0000000E+00  0.0000000E+00  0.0000000E+00
         0     17  0.0000000E+00  0.0000000E+00  0.5000000E-03  0.0000000E+00  0.0000000E+00  0.0000000E+00
         0     18  0.0000000E+00  0.0000000E+00  0.7500000E-03  0.0000000E+00  0.0000000E+00  0.0000000E+00
         0     19  0.0000000E+00  0.0000000E+00  0.1000000E-02  0.0000000E+00  0.0000000E+00  0.0000000E+00
         0     20  0.0000000E+00  0.0000000E+00  0.0000000E+00  0.0000000E+00  0.0000000E+00 -0.1000000E-03
         0     21  0.0000000E+00  0.0000000E+00  0.0000000E+00  0.0000000E+00  0.0000000E+00 -0.7500000E-04
         0     22  0.0000000E+00  0.0000000E+00  0.0000000E+00  0.0000000E+00  0.0000000E+00 -0.5000000E-04
         0     23  0.0000000E+00  0.0000000E+00  0.0000000E+00  0.0000000E+00  0.0000000E+00 -0.2500000E-04
         0     24  0.0000000E+00  0.0000000E+00  0.0000000E+00  0.0000000E+00  0.0000000E+00  0.0000000E+00
         0     25  0.0000000E+00  0.0000000E+00  0.0000000E+00  0.0000000E+00  0.0000000E+00  0.2500000E-04
         0     26  0.0000000E+00  0.0000000E+00  0.0000000E+00  0.0000000E+00  0.0000000E+00  0.5000000E-04
         0     27  0.0000000E+00  0.0000000E+00  0.0000000E+00  0.0000000E+00  0.0000000E+00  0.7500000E-04
         0     28  0.0000000E+00  0.0000000E+00  0.0000000E+00  0.0000000E+00  0.0000000E+00  0.1000000E-03

        10      0  0.0000000E+00  0.0000000E+00  0.0000000E+00  0.0000000E+00  0.0000000E+00  0.0000000E+00
        10      1  0.0000000E+00  0.0000000E+00  0.0000000E+00  0.0000000E+00  0.0000000E+00  0.0000000E+00
        10      2  0.3827263E-03 -0.2545653E-04  0.2461549E-03  0.7289436E-04 -0.6090806E-05 -0.2476492E-11
        10      3  0.2870448E-03 -0.1909240E-04  0.1846160E-03  0.5467081E-04 -0.4297213E-05 -0.3646325E-11
        10      4  0.1913632E-03 -0.1272826E-04  0.1230772E-03  0.3644723E-04 -0.2684214E-05 -0.3623525E-11
        10      5  0.9568159E-04 -0.6364131E-05  0.6153858E-04  0.1822362E-04 -0.1251809E-05 -0.2408085E-11
        10      6  0.0000000E+00  0.0000000E+00  0.0000000E+00  0.0000000E+00  0.0000000E+00  0.0000000E+00
        10      7 -0.9568155E-04  0.6364132E-05 -0.6153852E-04 -0.1822364E-04  0.1071214E-05  0.3600737E-11
        10      8 -0.1913630E-03  0.1272827E-04 -0.1230770E-03 -0.3644728E-04  0.1961831E-05  0.8394133E-11
        10      9 -0.2870444E-03  0.1909241E-04 -0.1846154E-03 -0.5467093E-04  0.2671852E-05  0.1438019E-10
        10     10 -0.3827256E-03  0.2545655E-04 -0.2461539E-03 -0.7289457E-04  0.3201276E-05  0.2155892E-10
        10     11  0.1180533E-02  0.7289142E-04  0.4788658E-03 -0.9361286E-04 -0.1706154E-04  0.1978050E-09
        10     12  0.8853959E-03  0.5466871E-04  0.3591498E-03 -0.7020927E-04 -0.1121478E-04  0.1368618E-09
        10     13  0.5902619E-03  0.3644589E-04  0.2394334E-03 -0.4680596E-04 -0.6422262E-05  0.8357995E-10
        10     14  0.2951301E-03  0.1822297E-04  0.1197167E-03 -0.2340289E-04 -0.2684000E-05  0.3795933E-10
        10     15  0.0000000E+00  0.0000000E+00  0.0000000E+00  0.0000000E+00  0.0000000E+00  0.0000000E+00
        10     16 -0.2951290E-03 -0.1822301E-04 -0.1197167E-03  0.2340274E-04  0.1629731E-05 -0.3029806E-10
        10     17 -0.5902575E-03 -0.3644604E-04 -0.2394331E-03  0.4680539E-04  0.2205184E-05 -0.5293485E-10
        10     18 -0.8853859E-03 -0.5466905E-04 -0.3591492E-03  0.7020798E-04  0.1726351E-05 -0.6791038E-10
        10     19 -0.1180515E-02 -0.7289203E-04 -0.4788648E-03  0.9361056E-04  0.1932232E-06 -0.7522466E-10
        10     20  0.9445047E-05  0.1695631E-06  0.4727686E-05 -0.1716175E-05 -0.1783484E-01 -0.9987584E-04
        10     21  0.7088207E-05  0.1273058E-06  0.3553779E-05 -0.1287014E-05 -0.1337572E-01 -0.7490688E-04
        10     22  0.4728412E-05  0.8495940E-07  0.2374527E-05 -0.8579285E-06 -0.8916874E-02 -0.4993793E-04
        10     23  0.2365673E-05  0.4252405E-07  0.1189934E-05 -0.4289222E-06 -0.4458301E-02 -0.2496896E-04
        10     24  0.0000000E+00  0.0000000E+00  0.0000000E+00  0.0000000E+00  0.0000000E+00  0.0000000E+00
        10     25 -0.2368599E-05 -0.4261252E-07 -0.1195272E-05  0.4288338E-06  0.4458029E-02  0.2496897E-04
        10     26 -0.4740114E-05 -0.8531328E-07 -0.2395879E-05  0.8575746E-06  0.8915786E-02  0.4993793E-04
        10     27 -0.7114535E-05 -0.1281020E-06 -0.3601821E-05  0.1286218E-05  0.1337327E-01  0.7490690E-04
        10     28 -0.9491854E-05 -0.1709786E-06 -0.4813094E-05  0.1714760E-05  0.1783049E-01  0.9987587E-04

        20      0  0.0000000E+00  0.0000000E+00  0.0000000E+00  0.0000000E+00  0.0000000E+00  0.0000000E+00
        20      1  0.0000000E+00  0.0000000E+00  0.0000000E+00  0.0000000E+00  0.0000000E+00  0.0000000E+00
        20      2  0.1257039E-03 -0.1611133E-04 -0.4247961E-03 -0.1032921E-04  0.1552866E-05  0.3124807E-10
        20      3  0.9427818E-04 -0.1208350E-04 -0.3185970E-03 -0.7746907E-05  0.1787981E-05  0.1501492E-10
        20      4  0.6285224E-04 -0.8055668E-05 -0.2123980E-03 -0.5164591E-05  0.1607542E-05  0.4395847E-11
        20      5  0.3142616E-04 -0.4027836E-05 -0.1061990E-03 -0.2582283E-05  0.1011548E-05 -0.6091309E-12
        20      6  0.0000000E+00  0.0000000E+00  0.0000000E+00  0.0000000E+00  0.0000000E+00  0.0000000E+00
        20      7 -0.3142618E-04  0.4027841E-05  0.1061990E-03  0.2582239E-05 -0.1427103E-05  0.6223255E-11
        20      8 -0.6285231E-04  0.8055687E-05  0.2123980E-03  0.5164415E-05 -0.3269759E-05  0.1806065E-10
        20      9 -0.9427835E-04  0.1208354E-04  0.3185970E-03  0.7746510E-05 -0.5527970E-05  0.3551219E-10
        20     10 -0.1257042E-03  0.1611140E-04  0.4247961E-03  0.1032851E-04 -0.8201734E-05  0.5857790E-10
        20     11 -0.2037268E-02 -0.1032309E-04 -0.4025303E-04 -0.8130233E-04 -0.2119690E-04  0.5143435E-09
        20     12 -0.1527950E-02 -0.7742742E-05 -0.3018880E-04 -0.6097664E-04 -0.1314356E-04  0.3415473E-09
        20     13 -0.1018633E-02 -0.5162053E-05 -0.2012540E-04 -0.4065103E-04 -0.6926293E-05  0.1982246E-09
        20     14 -0.5093163E-03 -0.2581111E-05 -0.1006255E-04 -0.2032549E-04 -0.2545107E-05  0.8437552E-10
        20     15  0.0000000E+00  0.0000000E+00  0.0000000E+00  0.0000000E+00  0.0000000E+00  0.0000000E+00
        20     16  0.5093162E-03  0.2581192E-05  0.1006252E-04  0.2032544E-04  0.7090282E-06 -0.5490193E-10
        20     17  0.1018633E-02  0.5162378E-05  0.2012528E-04  0.4065083E-04 -0.4180212E-06 -0.8033028E-10
        20     18  0.1527949E-02  0.7743473E-05  0.3018854E-04  0.6097619E-04 -0.3381147E-05 -0.7628504E-10
        20     19  0.2037267E-02  0.1032439E-04  0.4025257E-04  0.8130153E-04 -0.8180349E-05 -0.4276621E-10
        20     20 -0.9806418E-05  0.4239269E-06  0.2940429E-05 -0.1323637E-05 -0.3562050E-01 -0.9947613E-04
        20     21 -0.7366972E-05  0.3164853E-06  0.2205325E-05 -0.9926069E-06 -0.2671457E-01 -0.7460711E-04
        20     22 -0.4919363E-05  0.2100149E-06  0.1470215E-05 -0.6616592E-06 -0.1780917E-01 -0.4973808E-04
        20     23 -0.2463678E-05  0.1045188E-06  0.7351040E-06 -0.3307912E-06 -0.8904314E-02 -0.2486904E-04
        20     24  0.0000000E+00  0.0000000E+00  0.0000000E+00  0.0000000E+00  0.0000000E+00  0.0000000E+00
        20     25  0.2471585E-05 -0.1035384E-06 -0.7350907E-06  0.3307171E-06  0.8903772E-02  0.2486905E-04
        20     26  0.4950993E-05 -0.2060934E-06 -0.1470162E-05  0.6613629E-06  0.1780700E-01  0.4973811E-04
        20     27  0.7438138E-05 -0.3076620E-06 -0.2205206E-05  0.9919403E-06  0.2670969E-01  0.7460718E-04
        20     28  0.9932933E-05 -0.4082412E-06 -0.2940219E-05  0.1322452E-05  0.3561184E-01  0.9947626E-04

        30      0  0.0000000E+00  0.0000000E+00  0.0000000E+00  0.0000000E+00  0.0000000E+00  0.0000000E+00
        30      1  0.0000000E+00  0.0000000E+00  0.0000000E+00  0.0000000E+00  0.0000000E+00  0.0000000E+00
        30      2  0.5195133E-03  0.4295226E-04  0.1013363E-03 -0.2504858E-04 -0.3768390E-05  0.8344203E-10
        30      3  0.3896344E-03  0.3221422E-04  0.7600213E-04 -0.1878640E-04 -0.1904389E-05  0.4231169E-10
        30      4  0.2597559E-03  0.2147616E-04  0.5066801E-04 -0.1252425E-04 -0.6549892E-06  0.1469455E-10
        30      5  0.1298779E-03  0.1073808E-04  0.2533396E-04 -0.6262117E-05 -0.2019245E-07  0.5906452E-12
        30      6  0.0000000E+00  0.0000000E+00  0.0000000E+00  0.0000000E+00  0.0000000E+00  0.0000000E+00
        30      7 -0.1298779E-03 -0.1073808E-04 -0.2533386E-04  0.6262110E-05 -0.5944134E-06  0.1292263E-10
        30      8 -0.2597561E-03 -0.2147616E-04 -0.5066762E-04  0.1252422E-04 -0.1803434E-05  0.3935857E-10
        30      9 -0.3896347E-03 -0.3221422E-04 -0.7600126E-04  0.1878633E-04 -0.3627064E-05  0.7930783E-10
        30     10 -0.5195140E-03 -0.4295225E-04 -0.1013348E-03  0.2504846E-04 -0.6065303E-05  0.1327704E-09
        30     11  0.4859909E-03 -0.2504992E-04  0.5591494E-03  0.1962055E-03 -0.4450068E-04  0.9192531E-09
        30     12  0.3644951E-03 -0.1878733E-04  0.4193571E-03  0.1471549E-03 -0.2919711E-04  0.5933270E-09
        30     13  0.2429978E-03 -0.1252483E-04  0.2795687E-03  0.9810368E-04 -0.1667914E-04  0.3314761E-09
        30     14  0.1214993E-03 -0.6262392E-05  0.1397834E-03  0.4905199E-04 -0.6946773E-05  0.1337005E-09
        30     15  0.0000000E+00  0.0000000E+00  0.0000000E+00  0.0000000E+00  0.0000000E+00  0.0000000E+00
        30     16 -0.1214996E-03  0.6262373E-05 -0.1397823E-03 -0.4905214E-04  0.4161176E-05 -0.6962522E-10
        30     17 -0.2429991E-03  0.1252475E-04 -0.2795644E-03 -0.9810426E-04  0.5536758E-05 -0.7517522E-10
        30     18 -0.3644982E-03  0.1878716E-04 -0.4193473E-03 -0.1471562E-03  0.4126748E-05 -0.1664997E-10
        30     19 -0.4859963E-03  0.2504963E-04 -0.5591320E-03 -0.1962078E-03 -0.6885332E-07  0.1059505E-09
        30     20 -0.2760468E-06 -0.1336166E-06  0.9383968E-05 -0.5752514E-06 -0.5330796E-01 -0.9880196E-04
        30     21 -0.1832556E-06 -0.1005100E-06  0.7034952E-05 -0.4272908E-06 -0.3997976E-01 -0.7410150E-04
        30     22 -0.1063298E-06 -0.6720064E-07  0.4687904E-05 -0.2820986E-06 -0.2665237E-01 -0.4940102E-04
        30     23 -0.4525113E-07 -0.3369515E-07  0.2342895E-05 -0.1396699E-06 -0.1332578E-01 -0.2470052E-04
        30     24  0.0000000E+00  0.0000000E+00  0.0000000E+00  0.0000000E+00  0.0000000E+00  0.0000000E+00
        30     25  0.2944402E-07  0.3387832E-07 -0.2340709E-05  0.1369159E-06  0.1332497E-01  0.2470054E-04
        30     26  0.4310236E-07  0.6793332E-07 -0.4679158E-05  0.2710828E-06  0.2664914E-01  0.4940109E-04
        30     27  0.4099745E-07  0.1021585E-06 -0.7015276E-05  0.4025059E-06  0.3997250E-01  0.7410166E-04
        30     28  0.2315269E-07  0.1365474E-06 -0.9348988E-05  0.5311902E-06  0.5329505E-01  0.9880226E-04

        40      0  0.0000000E+00  0.0000000E+00  0.0000000E+00  0.0000000E+00  0.0000000E+00  0.0000000E+00
        40      1  0.0000000E+00  0.0000000E+00  0.0000000E+00  0.0000000E+00  0.0000000E+00  0.0000000E+00
        40      2 -0.7649071E-03 -0.4742559E-05  0.7237784E-04 -0.6658170E-04 -0.4013417E-05  0.1607513E-09
        40      3 -0.5736801E-03 -0.3556959E-05  0.5428362E-04 -0.4993625E-04 -0.1840054E-05  0.8438035E-10
        40      4 -0.3824533E-03 -0.2371323E-05  0.3618918E-04 -0.3329082E-04 -0.4466953E-06  0.3213146E-10
        40      5 -0.1912266E-03 -0.1185666E-05  0.1809461E-04 -0.1664541E-04  0.1666564E-06  0.4004666E-11
        40      6  0.0000000E+00  0.0000000E+00  0.0000000E+00  0.0000000E+00  0.0000000E+00  0.0000000E+00
        40      7  0.1912266E-03  0.1185660E-05 -0.1809454E-04  0.1664541E-04 -0.9466661E-06  0.2011749E-10
        40      8  0.3824534E-03  0.2371302E-05 -0.3618891E-04  0.3329082E-04 -0.2673343E-05  0.6435718E-10
        40      9  0.5736802E-03  0.3556910E-05 -0.5428302E-04  0.4993624E-04 -0.5180033E-05  0.1327191E-09
        40     10  0.7649073E-03  0.4742473E-05 -0.7237677E-04  0.6658168E-04 -0.8466736E-05  0.2252032E-09
        40     11  0.3470857E-03 -0.6658303E-04 -0.7366466E-03 -0.4875101E-04 -0.3126467E-04  0.1482587E-08
        40     12  0.2603230E-03 -0.4993708E-04 -0.5524833E-03 -0.3656437E-04 -0.1763464E-04  0.9394238E-09
        40     13  0.1735531E-03 -0.3329129E-04 -0.3683214E-03 -0.2437678E-04 -0.7880527E-05  0.5112718E-09
        40     14  0.8677799E-04 -0.1664561E-04 -0.1841604E-03 -0.1218855E-04 -0.2002317E-05  0.1981305E-09
        40     15  0.0000000E+00  0.0000000E+00  0.0000000E+00  0.0000000E+00  0.0000000E+00  0.0000000E+00
        40     16 -0.8677874E-04  0.1664559E-04  0.1841603E-03  0.1218857E-04 -0.1873564E-05 -0.8311972E-10
        40     17 -0.1735560E-03  0.3329119E-04  0.3683209E-03  0.2437686E-04 -0.7622998E-05 -0.5122863E-10
        40     18 -0.2603297E-03  0.4993686E-04  0.5524822E-03  0.3656455E-04 -0.1724829E-04  0.9567328E-10
        40     19 -0.3470976E-03  0.6658263E-04  0.7366446E-03  0.4875134E-04 -0.3074943E-04  0.3575860E-09
        40     20 -0.3662128E-05 -0.3277034E-06  0.2089395E-06 -0.3462987E-06 -0.7084817E-01 -0.9785521E-04
        40     21 -0.2714034E-05 -0.2464502E-06  0.1464248E-06 -0.2646584E-06 -0.5313453E-01 -0.7339145E-04
        40     22 -0.1787609E-05 -0.1647433E-06  0.9085808E-07 -0.1797416E-06 -0.3542195E-01 -0.4892767E-04
        40     23 -0.8829119E-06 -0.8259057E-07  0.4209740E-07 -0.9152867E-07 -0.1771044E-01 -0.2446385E-04
        40     24  0.0000000E+00  0.0000000E+00  0.0000000E+00  0.0000000E+00  0.0000000E+00  0.0000000E+00
        40     25  0.8610703E-06  0.8302055E-07 -0.3557751E-07  0.9486357E-07  0.1770938E-01  0.2446388E-04
        40     26  0.1700243E-05  0.1664632E-06 -0.6477920E-07  0.1930809E-06  0.3541769E-01  0.4892780E-04
        40     27  0.2517465E-05  0.2503200E-06 -0.8774976E-07  0.2946705E-06  0.5312493E-01  0.7339175E-04
        40     28  0.3312680E-05  0.3345830E-06 -0.1046345E-06  0.3996505E-06  0.7083112E-01  0.9785573E-04

        50      0  0.0000000E+00  0.0000000E+00  0.0000000E+00  0.0000000E+00  0.0000000E+00  0.0000000E+00
        50      1  0.0000000E+00  0.0000000E+00  0.0000000E+00  0.0000000E+00  0.0000000E+00  0.0000000E+00
        50      2 -0.9961181E-04 -0.6636235E-05  0.2041249E-03  0.1003341E-03 -0.1360668E-04  0.2540642E-09
        50      3 -0.7470898E-04 -0.4977188E-05  0.1530929E-03  0.7525064E-04 -0.8707147E-05  0.1340854E-09
        50      4 -0.4980606E-04 -0.3318132E-05  0.1020615E-03  0.5016713E-04 -0.4806191E-05  0.5174844E-10
        50      5 -0.2490307E-04 -0.1659068E-05  0.5103063E-04  0.2508358E-04 -0.1903808E-05  0.7053290E-11
        50      6  0.0000000E+00  0.0000000E+00  0.0000000E+00  0.0000000E+00  0.0000000E+00  0.0000000E+00
        50      7  0.2490313E-04  0.1659071E-05 -0.5103053E-04 -0.2508358E-04  0.9052344E-06  0.3058862E-10
        50      8  0.4980630E-04  0.3318141E-05 -0.1020611E-03 -0.5016715E-04  0.8118946E-06  0.9881918E-10
        50      9  0.7470951E-04  0.4977210E-05 -0.1530920E-03 -0.7525067E-04 -0.2800192E-06  0.2046917E-09
        50     10  0.9961274E-04  0.6636273E-05 -0.2041232E-03 -0.1003341E-03 -0.2370507E-05  0.3482063E-09
        50     11  0.9789953E-03  0.1003308E-03 -0.1986933E-04  0.7367114E-05 -0.4553642E-04  0.2141955E-08
        50     12  0.7342306E-03  0.7524854E-04 -0.1490312E-04  0.5525300E-05 -0.2711185E-04  0.1335019E-08
        50     13  0.4894791E-03  0.5016590E-04 -0.9936029E-05  0.3683526E-05 -0.1338092E-04  0.7090480E-09
        50     14  0.2447368E-03  0.2508302E-04 -0.4968253E-05  0.1841768E-05 -0.4343638E-05  0.2640416E-09
        50     15  0.0000000E+00  0.0000000E+00  0.0000000E+00  0.0000000E+00  0.0000000E+00  0.0000000E+00
        50     16 -0.2447353E-03 -0.2508306E-04  0.4968525E-05 -0.1841801E-05 -0.3500139E-06 -0.8307687E-10
        50     17 -0.4894731E-03 -0.5016605E-04  0.9937118E-05 -0.3683660E-05 -0.5393684E-05  0.1481102E-10
        50     18 -0.7342172E-03 -0.7524887E-04  0.1490557E-04 -0.5525602E-05 -0.1513101E-04  0.2936637E-09
        50     19 -0.9789715E-03 -0.1003314E-03  0.1987368E-04 -0.7367651E-05 -0.2956201E-04  0.7534811E-09
        50     20  0.1105662E-04  0.2685473E-06  0.4108266E-05 -0.8296266E-06 -0.8819296E-01 -0.9663848E-04
        50     21  0.8273659E-05  0.2046294E-06  0.3083660E-05 -0.6223937E-06 -0.6614275E-01 -0.7247893E-04
        50     22  0.5502891E-05  0.1385588E-06  0.2057395E-05 -0.4150351E-06 -0.4409385E-01 -0.4831933E-04
        50     23  0.2744833E-05  0.7034545E-07  0.1029498E-05 -0.2075656E-06 -0.2204627E-01 -0.2415969E-04
        50     24  0.0000000E+00  0.0000000E+00  0.0000000E+00  0.0000000E+00  0.0000000E+00  0.0000000E+00
        50     25 -0.2731094E-05 -0.7246682E-07 -0.1031071E-05  0.2076472E-06  0.2204495E-01  0.2415974E-04
        50     26 -0.5447936E-05 -0.1470440E-06 -0.2063683E-05  0.4153614E-06  0.4408859E-01  0.4831954E-04
        50     27 -0.8150019E-05 -0.2237202E-06 -0.3097806E-05  0.6231280E-06  0.6613091E-01  0.7247939E-04
        50     28 -0.1083683E-04 -0.3024838E-06 -0.4133407E-05  0.8309326E-06  0.8817191E-01  0.9663929E-04

        60      0  0.0000000E+00  0.0000000E+00  0.0000000E+00  0.0000000E+00  0.0000000E+00  0.0000000E+00
        60      1  0.0000000E+00  0.0000000E+00  0.0000000E+00  0.0000000E+00  0.0000000E+00  0.0000000E+00
        60      2  0.3616313E-03 -0.3934823E-04 -0.2201202E-03 -0.1444470E-04 -0.6480211E-05  0.3887546E-09
        60      3  0.2712249E-03 -0.2951114E-04 -0.1650900E-03 -0.1083359E-04 -0.3048125E-05  0.2095993E-09
        60      4  0.1808173E-03 -0.1967408E-04 -0.1100599E-03 -0.7222418E-05 -0.8240611E-06  0.8508834E-10
        60      5  0.9040882E-04 -0.9837036E-05 -0.5502991E-04 -0.3611211E-05  0.1919805E-06  0.1522190E-10
        60      6  0.0000000E+00  0.0000000E+00  0.0000000E+00  0.0000000E+00  0.0000000E+00  0.0000000E+00
        60      7 -0.9040881E-04  0.9837038E-05  0.5502992E-04  0.3611187E-05 -0.1400002E-05  0.3942269E-10
        60      8 -0.1808172E-03  0.1967409E-04  0.1100599E-03  0.7222320E-05 -0.4008026E-05  0.1334900E-09
        60      9 -0.2712247E-03  0.2951116E-04  0.1650900E-03  0.1083337E-04 -0.7824070E-05  0.2822021E-09
        60     10 -0.3616310E-03  0.3934826E-04  0.2201203E-03  0.1444431E-04 -0.1284813E-04  0.4855588E-09
        60     11 -0.1055682E-02 -0.1444071E-04  0.2755943E-03 -0.1943532E-03 -0.4794336E-04  0.2905522E-08
        60     12 -0.7917574E-03 -0.1083109E-04  0.2067026E-03 -0.1457641E-03 -0.2766756E-04  0.1790779E-08
        60     13 -0.5278364E-03 -0.7220998E-05  0.1378050E-03 -0.9717564E-04 -0.1291838E-04  0.9349442E-09
        60     14 -0.2639176E-03 -0.3610589E-05  0.6890351E-04 -0.4858768E-04 -0.3695856E-05  0.3380179E-09
        60     15  0.0000000E+00  0.0000000E+00  0.0000000E+00  0.0000000E+00  0.0000000E+00  0.0000000E+00
        60     16  0.2639174E-03  0.3610627E-05 -0.6890355E-04  0.4858759E-04 -0.1830841E-05 -0.7910951E-10
        60     17  0.5278356E-03  0.7221149E-05 -0.1378052E-03  0.9717528E-04 -0.9188401E-05  0.1006894E-09
        60     18  0.7917558E-03  0.1083143E-04 -0.2067029E-03  0.1457633E-03 -0.2207271E-04  0.5393967E-09
        60     19  0.1055679E-02  0.1444131E-04 -0.2755949E-03  0.1943517E-03 -0.4048378E-04  0.1237012E-08
        60     20 -0.6198395E-05  0.2471772E-06  0.2129862E-05 -0.1976518E-05 -0.1052943E+00 -0.9515513E-04
        60     21 -0.4665998E-05  0.1829064E-06  0.1625490E-05 -0.1484896E-05 -0.7896842E-01 -0.7136645E-04
        60     22 -0.3121817E-05  0.1202773E-06  0.1102457E-05 -0.9915631E-06 -0.5264406E-01 -0.4757770E-04
        60     23 -0.1566325E-05  0.5930393E-07  0.5606605E-06 -0.4965782E-06 -0.2632125E-01 -0.2378888E-04
        60     24  0.0000000E+00  0.0000000E+00  0.0000000E+00  0.0000000E+00  0.0000000E+00  0.0000000E+00
        60     25  0.1576679E-05 -0.5762112E-07 -0.5796214E-06  0.4981124E-06  0.2631970E-01  0.2378896E-04
        60     26  0.3163229E-05 -0.1135464E-06 -0.1178298E-05  0.9976996E-06  0.5263784E-01  0.4757799E-04
        60     27  0.4759164E-05 -0.1677632E-06 -0.1796123E-05  0.1498702E-05  0.7895443E-01  0.7136710E-04
        60     28  0.6363997E-05 -0.2202591E-06 -0.2433185E-05  0.2001060E-05  0.1052695E+00  0.9515630E-04

        70      0  0.0000000E+00  0.0000000E+00  0.0000000E+00  0.0000000E+00  0.0000000E+00  0.0000000E+00
        70      1  0.0000000E+00  0.0000000E+00  0.0000000E+00  0.0000000E+00  0.0000000E+00  0.0000000E+00
        70      2  0.3383708E-03  0.4407958E-04 -0.1694788E-03  0.6134200E-05 -0.8722329E-05  0.5379170E-09
        70      3  0.2537765E-03  0.3305971E-04 -0.1271094E-03  0.4600581E-05 -0.4494991E-05  0.2917870E-09
        70      4  0.1691836E-03  0.2203982E-04 -0.8473972E-04  0.3067025E-05 -0.1632157E-05  0.1200907E-09
        70      5  0.8459158E-04  0.1101991E-04 -0.4236992E-04  0.1533506E-05 -0.1338266E-06  0.2282839E-10
        70      6  0.0000000E+00  0.0000000E+00  0.0000000E+00  0.0000000E+00  0.0000000E+00  0.0000000E+00
        70      7 -0.8459168E-04 -0.1101991E-04  0.4236998E-04 -0.1533518E-05 -0.1230677E-05  0.5160564E-10
        70      8 -0.1691840E-03 -0.2203981E-04  0.8473997E-04 -0.3067072E-05 -0.3825858E-05  0.1776454E-09
        70      9 -0.2537774E-03 -0.3305968E-04  0.1271099E-03 -0.4600687E-05 -0.7785542E-05  0.3781192E-09
        70     10 -0.3383724E-03 -0.4407951E-04  0.1694797E-03 -0.6134388E-05 -0.1310973E-04  0.6530273E-09
        70     11 -0.8127863E-03  0.6137480E-05  0.2722340E-03  0.2137936E-03 -0.7308183E-04  0.3766527E-08
        70     12 -0.6095925E-03  0.4602600E-05  0.2041650E-03  0.1603461E-03 -0.4493706E-04  0.2297402E-08
        70     13 -0.4063963E-03  0.3068143E-05  0.1361047E-03  0.1068978E-03 -0.2337517E-04  0.1179939E-08
        70     14 -0.2031985E-03  0.1533985E-05  0.6805049E-04  0.5344904E-04 -0.8396155E-05  0.4141382E-09
        70     15  0.0000000E+00  0.0000000E+00  0.0000000E+00  0.0000000E+00  0.0000000E+00  0.0000000E+00
        70     16  0.2031986E-03 -0.1533939E-05 -0.6804928E-04 -0.5344910E-04  0.1813306E-05 -0.6247587E-10
        70     17  0.4063964E-03 -0.3067957E-05 -0.1360998E-03 -0.1068980E-03 -0.2956225E-05  0.2267107E-09
        70     18  0.6095928E-03 -0.4602179E-05 -0.2041541E-03 -0.1603466E-03 -0.1430858E-04  0.8675596E-09
        70     19  0.8127869E-03 -0.6136733E-05 -0.2722147E-03 -0.2137946E-03 -0.3224375E-04  0.1860071E-08
        70     20 -0.3114184E-05  0.2380477E-06  0.8465183E-05 -0.3054127E-06 -0.1221054E+00 -0.9340926E-04
        70     21 -0.2356972E-05  0.1769991E-06  0.6329756E-05 -0.2195524E-06 -0.9157635E-01 -0.7005708E-04
        70     22 -0.1585428E-05  0.1169693E-06  0.4206804E-05 -0.1400646E-06 -0.6104912E-01 -0.4670481E-04
        70     23 -0.7997154E-06  0.5796685E-07  0.2096746E-05 -0.6689804E-07 -0.3052367E-01 -0.2335245E-04
        70     24  0.0000000E+00  0.0000000E+00  0.0000000E+00  0.0000000E+00  0.0000000E+00  0.0000000E+00
        70     25  0.8135506E-06 -0.5692304E-07 -0.2083019E-05  0.6068383E-07  0.3052189E-01  0.2335255E-04
        70     26  0.1640767E-05 -0.1127943E-06 -0.4151899E-05  0.1152092E-06  0.6104200E-01  0.4670520E-04
        70     27  0.2481478E-05 -0.1676058E-06 -0.6206234E-05  0.1636335E-06  0.9156033E-01  0.7005796E-04
        70     28  0.3335509E-05 -0.2213499E-06 -0.8245619E-05  0.2060155E-06  0.1220769E+00  0.9341084E-04

        80      0  0.0000000E+00  0.0000000E+00  0.0000000E+00  0.0000000E+00  0.0000000E+00  0.0000000E+00
        80      1  0.0000000E+00  0.0000000E+00  0.0000000E+00  0.0000000E+00  0.0000000E+00  0.0000000E+00
        80      2 -0.2240426E-03  0.2329451E-05  0.2173830E-03 -0.9515095E-04 -0.1006896E-04  0.7096603E-09
        80      3 -0.1680317E-03  0.1747068E-05  0.1630380E-03 -0.7136308E-04 -0.5215125E-05  0.3870712E-09
        80      4 -0.1120210E-03  0.1164704E-05  0.1086923E-03 -0.4757532E-04 -0.1919018E-05  0.1612647E-09
        80      5 -0.5601045E-04  0.5823505E-06  0.5434622E-04 -0.2378764E-04 -0.1806415E-06  0.3224096E-10
        80      6  0.0000000E+00  0.0000000E+00  0.0000000E+00  0.0000000E+00  0.0000000E+00  0.0000000E+00
        80      7  0.5601043E-04 -0.5823555E-06 -0.5434609E-04  0.2378764E-04 -0.1377098E-05  0.6454193E-10
        80      8  0.1120209E-03 -0.1164724E-05 -0.1086918E-03  0.4757530E-04 -0.4311941E-05  0.2258668E-09
        80      9  0.1680315E-03 -0.1747113E-05 -0.1630368E-03  0.7136304E-04 -0.8804533E-05  0.4839747E-09
        80     10  0.2240422E-03 -0.2329532E-05 -0.2173809E-03  0.9515088E-04 -0.1485488E-04  0.8388657E-09
        80     11  0.1042471E-02 -0.9515506E-04 -0.1391342E-03 -0.2599639E-04 -0.6523692E-04  0.4775146E-08
        80     12  0.7818764E-03 -0.7136560E-04 -0.1043486E-03 -0.1949785E-04 -0.3778681E-04  0.2891546E-08
        80     13  0.5212623E-03 -0.4757672E-04 -0.6956473E-04 -0.1299883E-04 -0.1776395E-04  0.1467822E-08
        80     14  0.2606349E-03 -0.2378825E-04 -0.3478206E-04 -0.6499500E-05 -0.5168353E-05  0.5039731E-09
        80     15  0.0000000E+00  0.0000000E+00  0.0000000E+00  0.0000000E+00  0.0000000E+00  0.0000000E+00
        80     16 -0.2606363E-03  0.2378820E-04  0.3478201E-04  0.6499515E-05 -0.2258889E-05 -0.4409741E-10
        80     17 -0.5212679E-03  0.4757654E-04  0.6956455E-04  0.1299889E-04 -0.1194501E-04  0.3716810E-09
        80     18 -0.7818889E-03  0.7136518E-04  0.1043482E-03  0.1949798E-04 -0.2905837E-04  0.1247335E-08
        80     19 -0.1042493E-02  0.9515433E-04  0.1391334E-03  0.2599664E-04 -0.5359894E-04  0.2582865E-08
        80     20 -0.3378177E-05 -0.5537139E-06  0.2638180E-05 -0.6926937E-06 -0.1385793E+00 -0.9140570E-04
        80     21 -0.2425896E-05 -0.4167012E-06  0.1976706E-05 -0.5230434E-06 -0.1039315E+00 -0.6855443E-04
        80     22 -0.1545239E-05 -0.2787018E-06  0.1316677E-05 -0.3510593E-06 -0.6928565E-01 -0.4570307E-04
        80     23 -0.7365121E-06 -0.1397799E-06  0.6578540E-06 -0.1767187E-06 -0.3464183E-01 -0.2285159E-04
        80     24  0.0000000E+00  0.0000000E+00  0.0000000E+00  0.0000000E+00  0.0000000E+00  0.0000000E+00
        80     25  0.6640314E-06  0.1405732E-06 -0.6571245E-06  0.1791173E-06  0.3463983E-01  0.2285172E-04
        80     26  0.1255336E-05  0.2818748E-06 -0.1313759E-05  0.3606525E-06  0.6927768E-01  0.4570358E-04
        80     27  0.1773688E-05  0.4238400E-06 -0.1970144E-05  0.5446239E-06  0.1039135E+00  0.6855558E-04
        80     28  0.2218880E-05  0.5664036E-06 -0.2626521E-05  0.7310483E-06  0.1385474E+00  0.9140774E-04

        90      0  0.0000000E+00  0.0000000E+00  0.0000000E+00  0.0000000E+00  0.0000000E+00  0.0000000E+00
        90      1  0.0000000E+00  0.0000000E+00  0.0000000E+00  0.0000000E+00  0.0000000E+00  0.0000000E+00
        90      2 -0.6768683E-03  0.7929760E-06  0.6999565E-04  0.8003119E-04 -0.1801818E-04  0.9010136E-09
        90      3 -0.5076516E-03  0.5946318E-06  0.5249576E-04  0.6002343E-04 -0.1086122E-04  0.4921862E-09
        90      4 -0.3384346E-03  0.3963722E-06  0.3499670E-04  0.4001564E-04 -0.5472531E-05  0.2057413E-09
        90      5 -0.1692173E-03  0.1981704E-06  0.1749819E-04  0.2000782E-04 -0.1852126E-05  0.4167922E-10
        90      6  0.0000000E+00  0.0000000E+00  0.0000000E+00  0.0000000E+00  0.0000000E+00  0.0000000E+00
        90      7  0.1692173E-03 -0.1981655E-06 -0.1749814E-04 -0.2000782E-04  0.8384848E-07  0.8070374E-10
        90      8  0.3384346E-03 -0.3963526E-06 -0.3499648E-04 -0.4001562E-04 -0.1600580E-05  0.2837905E-09
        90      9  0.5076516E-03 -0.5945878E-06 -0.5249527E-04 -0.6002339E-04 -0.5053285E-05  0.6092605E-09
        90     10  0.6768684E-03 -0.7928976E-06 -0.6999476E-04 -0.8003111E-04 -0.1027426E-04  0.1057114E-08
        90     11  0.3357423E-03  0.8002962E-04 -0.6495126E-03  0.3507079E-04 -0.6829940E-04  0.5861116E-08
        90     12  0.2517857E-03  0.6002252E-04 -0.4871373E-03  0.2630103E-04 -0.3900726E-04  0.3526491E-08
        90     13  0.1678469E-03  0.4001516E-04 -0.3247596E-03  0.1753303E-04 -0.1785999E-04  0.1771430E-08
        90     14  0.8392022E-04  0.2000763E-04 -0.1623803E-03  0.8766215E-05 -0.4857579E-05  0.5959330E-09
        90     15  0.0000000E+00  0.0000000E+00  0.0000000E+00  0.0000000E+00  0.0000000E+00  0.0000000E+00
        90     16 -0.8391933E-04 -0.2000763E-04  0.1623805E-03 -0.8766191E-05 -0.3287229E-05 -0.1636888E-10
        90     17 -0.1678434E-03 -0.4001518E-04  0.3247604E-03 -0.1753294E-04 -0.1471924E-04  0.5468264E-09
        90     18 -0.2517778E-03 -0.6002257E-04  0.4871391E-03 -0.2630082E-04 -0.3429601E-04  0.1689586E-08
        90     19 -0.3357281E-03 -0.8002970E-04  0.6495158E-03 -0.3507041E-04 -0.6201752E-04  0.3411910E-08
        90     20  0.7363197E-05  0.2605211E-06  0.1770017E-05 -0.6647498E-07 -0.1546709E+00 -0.8914996E-04
        90     21  0.5477437E-05  0.1996731E-06  0.1298080E-05 -0.5504327E-07 -0.1159999E+00 -0.6686266E-04
        90     22  0.3620875E-05  0.1359479E-06  0.8459075E-06 -0.4020722E-07 -0.7733107E-01 -0.4457524E-04
        90     23  0.1794678E-05  0.6937867E-07  0.4132867E-06 -0.2188606E-07 -0.3866444E-01 -0.2228769E-04
        90     24  0.0000000E+00  0.0000000E+00  0.0000000E+00  0.0000000E+00  0.0000000E+00  0.0000000E+00
        90     25 -0.1762021E-05 -0.7215245E-07 -0.3941760E-06  0.2552966E-07  0.3866225E-01  0.2228785E-04
        90     26 -0.3490262E-05 -0.1470418E-06 -0.7694702E-06  0.5478056E-07  0.7732231E-01  0.4457588E-04
        90     27 -0.5183612E-05 -0.2246302E-06 -0.1126117E-05  0.8782929E-07  0.1159802E+00  0.6686410E-04
        90     28 -0.6840978E-05 -0.3048785E-06 -0.1464355E-05  0.1247513E-06  0.1546359E+00  0.8915252E-04

       100      0  0.0000000E+00  0.0000000E+00  0.0000000E+00  0.0000000E+00  0.0000000E+00  0.0000000E+00
       100      1  0.0000000E+00  0.0000000E+00  0.0000000E+00  0.0000000E+00  0.0000000E+00  0.0000000E+00
       100      2  0.5816498E-03 -0.4219446E-04  0.4718995E-04  0.1620548E-04 -0.1582730E-04  0.1124270E-08
       100      3  0.4362397E-03 -0.3164576E-04  0.3539244E-04  0.1215416E-04 -0.8993665E-05  0.6169244E-09
       100      4  0.2908276E-03 -0.2109713E-04  0.2359494E-04  0.8102800E-05 -0.4077904E-05  0.2604307E-09
       100      5  0.1454141E-03 -0.1054856E-04  0.1179747E-04  0.4051410E-05 -0.1080015E-05  0.5478919E-10
       100      6  0.0000000E+00  0.0000000E+00  0.0000000E+00  0.0000000E+00  0.0000000E+00  0.0000000E+00
       100      7 -0.1454141E-03  0.1054856E-04 -0.1179746E-04 -0.4051421E-05 -0.8378598E-06  0.9606323E-10
       100      8 -0.2908276E-03  0.2109714E-04 -0.2359492E-04 -0.8102844E-05 -0.3593595E-05  0.3429790E-09
       100      9 -0.4362397E-03  0.3164577E-04 -0.3539237E-04 -0.1215426E-04 -0.8267206E-05  0.7407474E-09
       100     10 -0.5816498E-03  0.4219448E-04 -0.4718983E-04 -0.1620566E-04 -0.1485869E-04  0.1289368E-08
       100     11  0.2263179E-03  0.1620500E-04  0.6000237E-03 -0.1960345E-03 -0.7789791E-04  0.7045229E-08
       100     12  0.1697358E-03  0.1215382E-04  0.4500288E-03 -0.1470236E-03 -0.4475479E-04  0.4215991E-08
       100     13  0.1131559E-03  0.8102577E-05  0.3000245E-03 -0.9801463E-04 -0.2072406E-04  0.2098707E-08
       100     14  0.5657757E-04  0.4051298E-05  0.1500138E-03 -0.4900695E-04 -0.5805781E-05  0.6933764E-09
       100     15  0.0000000E+00  0.0000000E+00  0.0000000E+00  0.0000000E+00  0.0000000E+00  0.0000000E+00
       100     16 -0.5657746E-04 -0.4051295E-05 -0.1500138E-03  0.4900679E-04 -0.3306775E-05  0.1857754E-10
       100     17 -0.1131555E-03 -0.8102566E-05 -0.3000245E-03  0.9801400E-04 -0.1572616E-04  0.7491091E-09
       100     18 -0.1697348E-03 -0.1215379E-04 -0.4500289E-03  0.1470222E-03 -0.3725822E-04  0.2191595E-08
       100     19 -0.2263161E-03 -0.1620496E-04 -0.6000239E-03  0.1960320E-03 -0.6790299E-04  0.4346034E-08
       100     20  0.1238847E-05  0.1244637E-06  0.2851940E-05 -0.2148802E-05 -0.1703357E+00 -0.8664829E-04
       100     21  0.9274226E-06  0.9378012E-07  0.2200695E-05 -0.1613837E-05 -0.1277482E+00 -0.6498643E-04
       100     22  0.6171110E-06  0.6279865E-07  0.1508375E-05 -0.1077230E-05 -0.8516309E-01 -0.4332445E-04
       100     23  0.3079564E-06  0.3153381E-07  0.7748480E-06 -0.5392092E-06 -0.4258036E-01 -0.2166231E-04
       100     24  0.0000000E+00  0.0000000E+00  0.0000000E+00  0.0000000E+00  0.0000000E+00  0.0000000E+00
       100     25 -0.3067191E-06 -0.3178845E-07 -0.8162644E-06  0.5401699E-06  0.4257799E-01  0.2166251E-04
       100     26 -0.6121641E-06 -0.6381729E-07 -0.1674022E-05  0.1081073E-05  0.8515362E-01  0.4332523E-04
       100     27 -0.9163006E-06 -0.9607237E-07 -0.2573332E-05  0.1622481E-05  0.1277269E+00  0.6498819E-04
       100     28 -0.1219096E-05 -0.1285396E-06 -0.3514235E-05  0.2164166E-05  0.1702979E+00  0.8665140E-04

       110      0  0.0000000E+00  0.0000000E+00  0.0000000E+00  0.0000000E+00  0.0000000E+00  0.0000000E+00
       110      1  0.0000000E+00  0.0000000E+00  0.0000000E+00  0.0000000E+00  0.0000000E+00  0.0000000E+00
       110      2  0.1170955E-03  0.2381397E-04 -0.4007230E-03  0.3610905E-05 -0.1247001E-04  0.1365529E-08
       110      3  0.8782036E-04  0.1786048E-04 -0.3005424E-03  0.2707910E-05 -0.6235851E-05  0.7518102E-09
       110      4  0.5854633E-04  0.1190699E-04 -0.2003617E-03  0.1805155E-05 -0.2079466E-05  0.3196488E-09
       110      5  0.2927302E-04  0.5953495E-05 -0.1001809E-03  0.9025482E-06 -0.8495390E-09  0.6904540E-10
       110      6  0.0000000E+00  0.0000000E+00  0.0000000E+00  0.0000000E+00  0.0000000E+00  0.0000000E+00
       110      7 -0.2927314E-04 -0.5953488E-05  0.1001809E-03 -0.9025803E-06 -0.2076914E-05  0.1125128E-09
       110      8 -0.5854682E-04 -0.1190696E-04  0.2003617E-03 -0.1805283E-05 -0.6231589E-05  0.4065838E-09
       110      9 -0.8782148E-04 -0.1786042E-04  0.3005425E-03 -0.2708200E-05 -0.1246402E-04  0.8822132E-09
       110     10 -0.1170975E-03 -0.2381385E-04  0.4007231E-03 -0.3611419E-05 -0.2077421E-04  0.1539401E-08
       110     11 -0.1921805E-02  0.3619679E-05 -0.3939895E-04  0.1156189E-03 -0.9300999E-04  0.8336125E-08
       110     12 -0.1441356E-02  0.2713108E-05 -0.2955725E-04  0.8671439E-04 -0.5479450E-04  0.4963165E-08
       110     13 -0.9609047E-03  0.1807925E-05 -0.1970882E-04  0.5780969E-04 -0.2655435E-04  0.2449491E-08
       110     14 -0.4804526E-03  0.9037000E-06 -0.9855719E-05  0.2890488E-04 -0.8289522E-05  0.7951029E-09
       110     15  0.0000000E+00  0.0000000E+00  0.0000000E+00  0.0000000E+00  0.0000000E+00  0.0000000E+00
       110     16  0.4804525E-03 -0.9036070E-06  0.9856271E-05 -0.2890489E-04 -0.1685769E-05  0.6418284E-10
       110     17  0.9609041E-03 -0.1807553E-05  0.1971103E-04 -0.5780976E-04 -0.1334681E-04  0.9876515E-09
       110     18  0.1441354E-02 -0.2712271E-05  0.2956222E-04 -0.8671456E-04 -0.3498312E-04  0.2770406E-08
       110     19  0.1921803E-02 -0.3618192E-05  0.3940778E-04 -0.1156193E-03 -0.6659466E-04  0.5412447E-08
       110     20 -0.7578539E-05  0.4497705E-06  0.5400438E-05 -0.3928572E-06 -0.1855307E+00 -0.8390758E-04
       110     21 -0.5774552E-05  0.3324728E-06  0.4026036E-05 -0.2873957E-06 -0.1391442E+00 -0.6293093E-04
       110     22 -0.3909233E-05  0.2183640E-06  0.2667518E-05 -0.1868294E-06 -0.9276024E-01 -0.4195413E-04
       110     23 -0.1983926E-05  0.1075162E-06  0.1325353E-05 -0.9106355E-07 -0.4637885E-01 -0.2097717E-04
       110     24  0.0000000E+00  0.0000000E+00  0.0000000E+00  0.0000000E+00  0.0000000E+00  0.0000000E+00
       110     25  0.2041143E-05 -0.1041159E-06 -0.1308091E-05  0.8646217E-07  0.4637633E-01  0.2097740E-04
       110     26  0.4138074E-05 -0.2047641E-06 -0.2598484E-05  0.1684268E-06  0.9275014E-01  0.4195506E-04
       110     27  0.6289335E-05 -0.3018792E-06 -0.3870750E-05  0.2460007E-06  0.1391215E+00  0.6293302E-04
       110     28  0.8493441E-05 -0.3953973E-06 -0.5124476E-05  0.3192934E-06  0.1854903E+00  0.8391130E-04

       120      0  0.0000000E+00  0.0000000E+00  0.0000000E+00  0.0000000E+00  0.0000000E+00  0.0000000E+00
       120      1  0.0000000E+00  0.0000000E+00  0.0000000E+00  0.0000000E+00  0.0000000E+00  0.0000000E+00
       120      2  0.2706074E-03  0.2204861E-04  0.2813290E-03 -0.7570041E-04 -0.1694503E-04  0.1625476E-08
       120      3  0.2029545E-03  0.1653651E-04  0.2109976E-03 -0.5677505E-04 -0.9288832E-05  0.8964625E-09
       120      4  0.1353025E-03  0.1102437E-04  0.1406654E-03 -0.3784991E-04 -0.3912588E-05  0.3825450E-09
       120      5  0.6765112E-04  0.5512192E-05  0.7033278E-04 -0.1892492E-04 -0.8163085E-06  0.8372412E-10
       120      6  0.0000000E+00  0.0000000E+00  0.0000000E+00  0.0000000E+00  0.0000000E+00  0.0000000E+00
       120      7 -0.6765115E-04 -0.5512194E-05 -0.7033265E-04  0.1892491E-04 -0.1463670E-05  0.1313728E-09
       120      8 -0.1353026E-03 -0.1102438E-04 -0.1406649E-03  0.3784987E-04 -0.5207324E-05  0.4778426E-09
       120      9 -0.2029548E-03 -0.1653653E-04 -0.2109965E-03  0.5677497E-04 -0.1123097E-04  0.1039410E-08
       120     10 -0.2706079E-03 -0.2204865E-04 -0.2813271E-03  0.7570026E-04 -0.1953461E-04  0.1816074E-08
       120     11  0.1349146E-02 -0.7570627E-04  0.3805308E-03  0.7616684E-04 -0.9832938E-04  0.9722510E-08
       120     12  0.1011885E-02 -0.5677853E-04  0.2853934E-03  0.5712653E-04 -0.5786760E-04  0.5764995E-08
       120     13  0.6746022E-03 -0.3785178E-04  0.1902600E-03  0.3808504E-04 -0.2799210E-04  0.2825405E-08
       120     14  0.3373050E-03 -0.1892571E-04  0.9512923E-04  0.1904274E-04 -0.8702902E-05  0.9037396E-09
       120     15  0.0000000E+00  0.0000000E+00  0.0000000E+00  0.0000000E+00  0.0000000E+00  0.0000000E+00
       120     16 -0.3373062E-03  0.1892566E-04 -0.9512893E-04 -0.1904281E-04 -0.1883396E-05  0.1141859E-09
       120     17 -0.6746070E-03  0.3785157E-04 -0.1902588E-03 -0.3808531E-04 -0.1435309E-04  0.1246298E-08
       120     18 -0.1011896E-02  0.5677806E-04 -0.2853907E-03 -0.5712713E-04 -0.3740908E-04  0.3396335E-08
       120     19 -0.1349166E-02  0.7570544E-04 -0.3805259E-03 -0.7616791E-04 -0.7105137E-04  0.6564298E-08
       120     20 -0.9457485E-06 -0.5226609E-06  0.5893438E-05 -0.6924817E-06 -0.2002137E+00 -0.8093541E-04
       120     21 -0.5600037E-06 -0.3927932E-06  0.4423353E-05 -0.5123429E-06 -0.1501562E+00 -0.6070182E-04
       120     22 -0.2737321E-06 -0.2623036E-06  0.2950806E-05 -0.3368928E-06 -0.1001014E+00 -0.4046808E-04
       120     23 -0.8704699E-07 -0.1313274E-06  0.1476214E-05 -0.1661171E-06 -0.5004937E-01 -0.2023415E-04
       120     24  0.0000000E+00  0.0000000E+00  0.0000000E+00  0.0000000E+00  0.0000000E+00  0.0000000E+00
       120     25 -0.1258069E-07  0.1315430E-06 -0.1477416E-05  0.1614765E-06  0.5004670E-01  0.2023443E-04
       120     26 -0.1247168E-06  0.2631662E-06 -0.2955611E-05  0.3183323E-06  0.1000908E+00  0.4046917E-04
       120     27 -0.3362741E-06  0.3947341E-06 -0.4434162E-05  0.4705890E-06  0.1501322E+00  0.6070427E-04
       120     28 -0.6470569E-06  0.5261114E-06 -0.5912646E-05  0.6182702E-06  0.2001710E+00  0.8093977E-04

       130      0  0.0000000E+00  0.0000000E+00  0.0000000E+00  0.0000000E+00  0.0000000E+00  0.0000000E+00
       130      1  0.0000000E+00  0.0000000E+00  0.0000000E+00  0.0000000E+00  0.0000000E+00  0.0000000E+00
       130      2 -0.9876545E-03 -0.3695612E-05 -0.2968643E-05  0.1743481E-04 -0.2025660E-04  0.1907274E-08
       130      3 -0.7407407E-03 -0.2771902E-05 -0.2226711E-05  0.1307610E-04 -0.1155136E-04  0.1053253E-08
       130      4 -0.4938270E-03 -0.1848028E-05 -0.1484581E-05  0.8717399E-05 -0.5273515E-05  0.4507008E-09
       130      5 -0.2469135E-03 -0.9240421E-06 -0.7423205E-06  0.4358698E-05 -0.1423061E-05  0.9961631E-10
       130      6  0.0000000E+00  0.0000000E+00  0.0000000E+00  0.0000000E+00  0.0000000E+00  0.0000000E+00
       130      7  0.2469135E-03  0.9240440E-06  0.7423117E-06 -0.4358697E-05 -0.1004332E-05  0.1518520E-09
       130      8  0.4938270E-03  0.1848036E-05  0.1484545E-05 -0.8717392E-05 -0.4436058E-05  0.5551726E-09
       130      9  0.7407406E-03  0.2771920E-05  0.2226632E-05 -0.1307609E-04 -0.1029518E-04  0.1209962E-08
       130     10  0.9876543E-03  0.3695643E-05  0.2968502E-05 -0.1743478E-04 -0.1858169E-04  0.2116220E-08
       130     11 -0.1422207E-04  0.1743434E-04 -0.9888183E-03 -0.1090275E-04 -0.8867653E-04  0.1119798E-07
       130     12 -0.1067251E-04  0.1307592E-04 -0.7416130E-03 -0.8181361E-05 -0.4941612E-04  0.6618035E-08
       130     13 -0.7117885E-05  0.8717354E-05 -0.4944083E-03 -0.5456284E-05 -0.2154993E-04  0.3225056E-08
       130     14 -0.3559839E-05  0.4358699E-05 -0.2472040E-03 -0.2728754E-05 -0.5077905E-05  0.1019044E-08
       130     15  0.0000000E+00  0.0000000E+00  0.0000000E+00  0.0000000E+00  0.0000000E+00  0.0000000E+00
       130     16  0.3560001E-05 -0.4358696E-05  0.2472039E-03  0.2728748E-05 -0.6316167E-05  0.1679242E-09
       130     17  0.7118531E-05 -0.8717342E-05  0.4944079E-03  0.5456259E-05 -0.2402636E-04  0.1522817E-08
       130     18  0.1067396E-04 -0.1307589E-04  0.7416121E-03  0.8181305E-05 -0.5313053E-04  0.4064677E-08
       130     19  0.1422465E-04 -0.1743429E-04  0.9888167E-03  0.1090266E-04 -0.9362863E-04  0.7793507E-08
       130     20  0.1353067E-05  0.5565162E-07 -0.7642402E-06  0.2159137E-06 -0.2143442E+00 -0.7773997E-04
       130     21  0.1000067E-05  0.4367007E-07 -0.6253058E-06  0.1479493E-06 -0.1607539E+00 -0.5830525E-04
       130     22  0.6564632E-06  0.3039130E-07 -0.4509331E-06  0.8915486E-07 -0.1071664E+00 -0.3887039E-04
       130     23  0.3228977E-06  0.1582948E-07 -0.2421481E-06  0.3976300E-07 -0.5358181E-01 -0.1943532E-04
       130     24  0.0000000E+00  0.0000000E+00  0.0000000E+00  0.0000000E+00  0.0000000E+00  0.0000000E+00
       130     25 -0.3116153E-06 -0.1708053E-07  0.2744394E-06 -0.2991447E-07  0.5357902E-01  0.1943564E-04
       130     26 -0.6113491E-06 -0.3539431E-07  0.5800764E-06 -0.4976742E-07  0.1071553E+00  0.3887164E-04
       130     27 -0.8986177E-06 -0.5492239E-07  0.9157955E-06 -0.5935264E-07  0.1607288E+00  0.5830808E-04
       130     28 -0.1172854E-05 -0.7564464E-07  0.1280461E-05 -0.5847086E-07  0.2142997E+00  0.7774500E-04

       140      0  0.0000000E+00  0.0000000E+00  0.0000000E+00  0.0000000E+00  0.0000000E+00  0.0000000E+00
       140      1  0.0000000E+00  0.0000000E+00  0.0000000E+00  0.0000000E+00  0.0000000E+00  0.0000000E+00
       140      2  0.4984043E-03 -0.2774862E-04  0.2059531E-03  0.6760353E-04 -0.2455902E-04  0.2205384E-08
       140      3  0.3738049E-03 -0.2081137E-04  0.1544638E-03  0.5070286E-04 -0.1459162E-04  0.1219280E-08
       140      4  0.2492041E-03 -0.1387420E-04  0.1029754E-03  0.3380202E-04 -0.7175980E-05  0.5230149E-09
       140      5  0.1246023E-03 -0.6937083E-05  0.5148752E-04  0.1690104E-04 -0.2312106E-05  0.1165881E-09
       140      6  0.0000000E+00  0.0000000E+00  0.0000000E+00  0.0000000E+00  0.0000000E+00  0.0000000E+00
       140      7 -0.1246022E-03  0.6937084E-05 -0.5148747E-04 -0.1690105E-04 -0.2396615E-06  0.1732509E-09
       140      8 -0.2492039E-03  0.1387420E-04 -0.1029752E-03 -0.3380205E-04 -0.3031091E-05  0.6363410E-09
       140      9 -0.3738046E-03  0.2081137E-04 -0.1544633E-03 -0.5070294E-04 -0.8374290E-05  0.1389270E-08
       140     10 -0.4984037E-03  0.2774863E-04 -0.2059523E-03 -0.6760367E-04 -0.1626926E-04  0.2432039E-08
       140     11  0.9877816E-03  0.6759928E-04  0.5788200E-03 -0.1066777E-03 -0.1048211E-03  0.1276008E-07
       140     12  0.7408115E-03  0.5070036E-04  0.4341223E-03 -0.8000554E-04 -0.6023149E-04  0.7515853E-08
       140     13  0.4938623E-03  0.3380067E-04  0.2894184E-03 -0.5333567E-04 -0.2789806E-04  0.3641096E-08
       140     14  0.2469273E-03  0.1690047E-04  0.1447102E-03 -0.2666740E-04 -0.7820878E-05  0.1135812E-08
       140     15  0.0000000E+00  0.0000000E+00  0.0000000E+00  0.0000000E+00  0.0000000E+00  0.0000000E+00
       140     16 -0.2469264E-03 -0.1690050E-04 -0.1447102E-03  0.2666724E-04 -0.4435484E-05  0.2336610E-09
       140     17 -0.4938585E-03 -0.3380077E-04 -0.2894183E-03  0.5333506E-04 -0.2112739E-04  0.1836795E-08
       140     18 -0.7408030E-03 -0.5070058E-04 -0.4341222E-03  0.8000416E-04 -0.5007577E-04  0.4809401E-08
       140     19 -0.9877665E-03 -0.6759968E-04 -0.5788197E-03  0.1066753E-03 -0.9128068E-04  0.9151481E-08
       140     20  0.8427749E-05  0.1450829E-06  0.3603708E-05 -0.1641169E-05 -0.2278834E+00 -0.7433008E-04
       140     21  0.6304676E-05  0.1150570E-06  0.2763187E-05 -0.1230156E-05 -0.1709081E+00 -0.5574784E-04
       140     22  0.4190795E-05  0.8084594E-07  0.1882285E-05 -0.8194148E-06 -0.1139358E+00 -0.3716546E-04
       140     23  0.2088457E-05  0.4248194E-07  0.9611585E-06 -0.4092585E-06 -0.5696642E-01 -0.1858287E-04
       140     24  0.0000000E+00  0.0000000E+00  0.0000000E+00  0.0000000E+00  0.0000000E+00  0.0000000E+00
       140     25 -0.2072248E-05 -0.4656188E-07 -0.1000964E-05  0.4080489E-06  0.5696354E-01  0.1858323E-04
       140     26 -0.4125973E-05 -0.9716276E-07 -0.2041474E-05  0.8145774E-06  0.1139242E+00  0.3716690E-04
       140     27 -0.6158877E-05 -0.1517588E-06 -0.3121233E-05  0.1219276E-05  0.1708821E+00  0.5575107E-04
       140     28 -0.8168680E-05 -0.2103032E-06 -0.4239912E-05  0.1621837E-05  0.2278373E+00  0.7433582E-04

       150      0  0.0000000E+00  0.0000000E+00  0.0000000E+00  0.0000000E+00  0.0000000E+00  0.0000000E+00
       150      1  0.0000000E+00  0.0000000E+00  0.0000000E+00  0.0000000E+00  0.0000000E+00  0.0000000E+00
       150      2  0.1186703E-03 -0.8052291E-05 -0.4398443E-03 -0.1727684E-04 -0.1664140E-04  0.2531226E-08
       150      3  0.8900359E-04 -0.6039199E-05 -0.3298828E-03 -0.1295803E-04 -0.8390334E-05  0.1402668E-08
       150      4  0.5933616E-04 -0.4026125E-05 -0.2199217E-03 -0.8638869E-05 -0.2866414E-05  0.6046103E-09
       150      5  0.2966821E-04 -0.2013061E-05 -0.1099608E-03 -0.4319480E-05 -0.6963745E-07  0.1370544E-09
       150      6  0.0000000E+00  0.0000000E+00  0.0000000E+00  0.0000000E+00  0.0000000E+00  0.0000000E+00
       150      7 -0.2966826E-04  0.2013066E-05  0.1099608E-03  0.4319440E-05 -0.2657498E-05  0.1934474E-09
       150      8 -0.5933633E-04  0.4026144E-05  0.2199216E-03  0.8638706E-05 -0.8042129E-05  0.7173968E-09
       150      9 -0.8900399E-04  0.6039242E-05  0.3298827E-03  0.1295767E-04 -0.1615389E-04  0.1571848E-08
       150     10 -0.1186710E-03  0.8052367E-05  0.4398440E-03  0.1727619E-04 -0.2699277E-04  0.2756802E-08
       150     11 -0.2109452E-02 -0.1726604E-04 -0.5316578E-04 -0.4536677E-04 -0.1077127E-03  0.1441110E-07
       150     12 -0.1582081E-02 -0.1295185E-04 -0.3987028E-04 -0.3402485E-04 -0.6158548E-04  0.8463783E-08
       150     13 -0.1054717E-02 -0.8635697E-05 -0.2657826E-04 -0.2268311E-04 -0.2825761E-04  0.4079492E-08
       150     14 -0.5273573E-03 -0.4318202E-05 -0.1328855E-04 -0.1134151E-04 -0.7729109E-05  0.1258231E-08
       150     15  0.0000000E+00  0.0000000E+00  0.0000000E+00  0.0000000E+00  0.0000000E+00  0.0000000E+00
       150     16  0.5273571E-03  0.4318279E-05  0.1328855E-04  0.1134147E-04 -0.5070294E-05  0.3048000E-09
       150     17  0.1054716E-02  0.8636003E-05  0.2657825E-04  0.2268296E-04 -0.2294000E-04  0.2172631E-08
       150     18  0.1582079E-02  0.1295254E-04  0.3987026E-04  0.3402450E-04 -0.5360914E-04  0.5603493E-08
       150     19  0.2109449E-02  0.1726726E-04  0.5316574E-04  0.4536615E-04 -0.9707771E-04  0.1059739E-07
       150     20 -0.9935978E-05  0.4237564E-06  0.2168190E-05 -0.8925775E-06 -0.2407939E+00 -0.7071517E-04
       150     21 -0.7562234E-05  0.3098220E-06  0.1634397E-05 -0.6702430E-06 -0.1805908E+00 -0.5303665E-04
       150     22 -0.5112827E-05  0.2011358E-06  0.1095197E-05 -0.4473400E-06 -0.1203908E+00 -0.3535801E-04
       150     23 -0.2590985E-05  0.9782196E-07  0.5504457E-06 -0.2239115E-06 -0.6019390E-01 -0.1767916E-04
       150     24  0.0000000E+00  0.0000000E+00  0.0000000E+00  0.0000000E+00  0.0000000E+00  0.0000000E+00
       150     25  0.2656774E-05 -0.9221548E-07 -0.5562844E-06  0.2243525E-06  0.6019094E-01  0.1767956E-04
       150     26  0.5375921E-05 -0.1787148E-06 -0.1118551E-05  0.4491043E-06  0.1203790E+00  0.3535962E-04
       150     27  0.8153972E-05 -0.2593934E-06 -0.1686943E-05  0.6742140E-06  0.1805642E+00  0.5304028E-04
       150     28  0.1098740E-04 -0.3341516E-06 -0.2261604E-05  0.8996408E-06  0.2407466E+00  0.7072162E-04

       160      0  0.0000000E+00  0.0000000E+00  0.0000000E+00  0.0000000E+00  0.0000000E+00  0.0000000E+00
       160      1  0.0000000E+00  0.0000000E+00  0.0000000E+00  0.0000000E+00  0.0000000E+00  0.0000000E+00
       160      2  0.4446575E-03  0.4243400E-04  0.1594796E-03 -0.3202297E-04 -0.2231731E-04  0.2868791E-08
       160      3  0.3334897E-03  0.3182561E-04  0.1196099E-03 -0.2401704E-04 -0.1242491E-04  0.1590884E-08
       160      4  0.2223248E-03  0.2121712E-04  0.7973999E-04 -0.1601127E-04 -0.5407890E-05  0.6867833E-09
       160      5  0.1111619E-03  0.1060858E-04  0.3987000E-04 -0.8005607E-05 -0.1266251E-05  0.1564885E-09
       160      6  0.0000000E+00  0.0000000E+00  0.0000000E+00  0.0000000E+00  0.0000000E+00  0.0000000E+00
       160      7 -0.1111619E-03 -0.1060858E-04 -0.3986992E-04  0.8005601E-05 -0.1609142E-05  0.2173182E-09
       160      8 -0.2223249E-03 -0.2121713E-04 -0.7973966E-04  0.1601125E-04 -0.6093681E-05  0.8084432E-09
       160      9 -0.3334898E-03 -0.3182562E-04 -0.1196091E-03  0.2401699E-04 -0.1345362E-04  0.1773375E-08
       160     10 -0.4446577E-03 -0.4243402E-04 -0.1594783E-03  0.3202288E-04 -0.2368897E-04  0.3112114E-08
       160     11  0.7648153E-03 -0.3202657E-04  0.5070348E-03  0.1909914E-03 -0.1257270E-03  0.1611285E-07
       160     12  0.5736222E-03 -0.2401914E-04  0.3802586E-03  0.1432462E-03 -0.7418249E-04  0.9437336E-08
       160     13  0.3824201E-03 -0.1601237E-04  0.2534972E-03  0.9549873E-04 -0.3604652E-04  0.4526688E-08
       160     14  0.1912117E-03 -0.8006063E-05  0.1267458E-03  0.4774976E-04 -0.1131903E-04  0.1380910E-08
       160     15  0.0000000E+00  0.0000000E+00  0.0000000E+00  0.0000000E+00  0.0000000E+00  0.0000000E+00
       160     16 -0.1912121E-03  0.8006031E-05 -0.1267449E-03 -0.4774985E-04 -0.2089423E-05  0.3839597E-09
       160     17 -0.3824216E-03  0.1601225E-04 -0.2534935E-03 -0.9549908E-04 -0.1758728E-04  0.2532789E-08
       160     18 -0.5736257E-03  0.2401885E-04 -0.3802504E-03 -0.1432470E-03 -0.4649357E-04  0.6446488E-08
       160     19 -0.7648215E-03  0.3202607E-04 -0.5070202E-03 -0.1909929E-03 -0.8880827E-04  0.1212506E-07
       160     20  0.1884958E-06 -0.2384624E-06  0.7791124E-05 -0.3186992E-06 -0.2530401E+00 -0.6690520E-04
       160     21  0.2340664E-06 -0.1792083E-06  0.5827295E-05 -0.2194177E-06 -0.1897753E+00 -0.5017916E-04
       160     22  0.2176569E-06 -0.1196357E-06  0.3873023E-05 -0.1332817E-06 -0.1265137E+00 -0.3345302E-04
       160     23  0.1395259E-06 -0.5986093E-07  0.1930024E-05 -0.6018269E-07 -0.6325532E-01 -0.1672668E-04
       160     24  0.0000000E+00  0.0000000E+00  0.0000000E+00  0.0000000E+00  0.0000000E+00  0.0000000E+00
       160     25 -0.2005273E-06  0.5983106E-07 -0.1915357E-05  0.4739861E-07  0.6325232E-01  0.1672713E-04
       160     26 -0.4615955E-06  0.1195165E-06 -0.3814368E-05  0.8215706E-07  0.1265017E+00  0.3345482E-04
       160     27 -0.7826778E-06  0.1789411E-06 -0.5695369E-05  0.1044308E-06  0.1897482E+00  0.5018320E-04
       160     28 -0.1163181E-05  0.2379898E-06 -0.7556714E-05  0.1143866E-06  0.2529920E+00  0.6691239E-04

       170      0  0.0000000E+00  0.0000000E+00  0.0000000E+00  0.0000000E+00  0.0000000E+00  0.0000000E+00
       170      1  0.0000000E+00  0.0000000E+00  0.0000000E+00  0.0000000E+00  0.0000000E+00  0.0000000E+00
       170      2 -0.8368880E-03 -0.8980810E-05  0.6814010E-04 -0.5169739E-04 -0.2237611E-04  0.3224659E-08
       170      3 -0.6276648E-03 -0.6735807E-05  0.5110613E-04 -0.3877296E-04 -0.1232642E-04  0.1790107E-08
       170      4 -0.4184426E-03 -0.4490632E-05  0.3407125E-04 -0.2584860E-04 -0.5247165E-05  0.7744793E-09
       170      5 -0.2092212E-03 -0.2245343E-05  0.1703577E-04 -0.1292429E-04 -0.1138358E-05  0.1777770E-09
       170      6  0.0000000E+00  0.0000000E+00  0.0000000E+00  0.0000000E+00  0.0000000E+00  0.0000000E+00
       170      7  0.2092212E-03  0.2245339E-05 -0.1703575E-04  0.1292429E-04 -0.1832097E-05  0.2411485E-09
       170      8  0.4184427E-03  0.4490616E-05 -0.3407115E-04  0.2584860E-04 -0.6634654E-05  0.9012228E-09
       170      9  0.6276649E-03  0.6735772E-05 -0.5110591E-04  0.3877296E-04 -0.1440767E-04  0.1980223E-08
       170     10  0.8368882E-03  0.8980748E-05 -0.6813970E-04  0.5169738E-04 -0.2515116E-04  0.3478149E-08
       170     11  0.3267284E-03 -0.5169975E-04 -0.8102981E-03 -0.6325445E-04 -0.1092378E-03  0.1792566E-07
       170     12  0.2450705E-03 -0.3877421E-04 -0.6077166E-03 -0.4744542E-04 -0.6064161E-04  0.1047744E-07
       170     13  0.1633920E-03 -0.2584918E-04 -0.4051410E-03 -0.3163246E-04 -0.2623660E-04  0.5007095E-08
       170     14  0.8169955E-04 -0.1292450E-04 -0.2025695E-03 -0.1581689E-04 -0.6022749E-05  0.1514614E-08
       170     15  0.0000000E+00  0.0000000E+00  0.0000000E+00  0.0000000E+00  0.0000000E+00  0.0000000E+00
       170     16 -0.8169993E-04  0.1292448E-04  0.2025692E-03  0.1581690E-04 -0.8168317E-05  0.4632544E-09
       170     17 -0.1633935E-03  0.2584910E-04  0.4051401E-03  0.3163249E-04 -0.3052766E-04  0.2904377E-08
       170     18 -0.2450740E-03  0.3877403E-04  0.6077146E-03  0.4744548E-04 -0.6707799E-04  0.7323368E-08
       170     19 -0.3267346E-03  0.5169942E-04  0.8102946E-03  0.6325456E-04 -0.1178193E-03  0.1372023E-07
       170     20 -0.2849499E-05 -0.2798241E-06 -0.1623778E-05  0.4520422E-07 -0.2645880E+00 -0.6291069E-04
       170     21 -0.2043021E-05 -0.2112766E-06 -0.1257732E-05  0.1570010E-07 -0.1984361E+00 -0.4718324E-04
       170     22 -0.1298743E-05 -0.1417157E-06 -0.8638950E-06 -0.1835112E-08 -0.1322875E+00 -0.3145575E-04
       170     23 -0.6174821E-06 -0.7125286E-07 -0.4440478E-06 -0.7148292E-08 -0.6614220E-01 -0.1572805E-04
       170     24  0.0000000E+00  0.0000000E+00  0.0000000E+00  0.0000000E+00  0.0000000E+00  0.0000000E+00
       170     25  0.5529985E-06  0.7193051E-07  0.4664121E-06  0.1983534E-07  0.6613917E-01  0.1572854E-04
       170     26  0.1040865E-05  0.1444259E-06  0.9533266E-06  0.5256921E-07  0.1322754E+00  0.3145773E-04
       170     27  0.1463011E-05  0.2173733E-06  0.1458858E-05  0.9839885E-07  0.1984088E+00  0.4718771E-04
       170     28  0.1818901E-05  0.2906593E-06  0.1981100E-05  0.1575070E-06  0.2645394E+00  0.6291862E-04

       180      0  0.0000000E+00  0.0000000E+00  0.0000000E+00  0.0000000E+00  0.0000000E+00  0.0000000E+00
       180      1  0.0000000E+00  0.0000000E+00  0.0000000E+00  0.0000000E+00  0.0000000E+00  0.0000000E+00
       180      2  0.4075169E-04 -0.1014837E-04  0.1853684E-03  0.1029424E-03 -0.3055798E-04  0.3588129E-08
       180      3  0.3056385E-04 -0.7611270E-05  0.1390241E-03  0.7720702E-04 -0.1825848E-04  0.1992486E-08
       180      4  0.2037593E-04 -0.5074176E-05  0.9268163E-04  0.5147145E-04 -0.9065644E-05  0.8625831E-09
       180      5  0.1018796E-04 -0.2537087E-05  0.4634047E-04  0.2573576E-04 -0.2979485E-05  0.1984210E-09
       180      6  0.0000000E+00  0.0000000E+00  0.0000000E+00  0.0000000E+00  0.0000000E+00  0.0000000E+00
       180      7 -0.1018790E-04  0.2537089E-05 -0.4634036E-04 -0.2573576E-04 -0.1271865E-06  0.2673202E-09
       180      8 -0.2037569E-04  0.5074182E-05 -0.9268121E-04 -0.5147145E-04 -0.3361043E-05  0.1000382E-08
       180      9 -0.3056332E-04  0.7611284E-05 -0.1390231E-03 -0.7720701E-04 -0.9701568E-05  0.2199185E-08
       180     10 -0.4075075E-04  0.1014840E-04 -0.1853667E-03 -0.1029424E-03 -0.1914876E-04  0.3863730E-08
       180     11  0.8891187E-03  0.1029377E-03  0.1131630E-03 -0.8458886E-05 -0.1227259E-03  0.1979242E-07
       180     12  0.6667905E-03  0.7720439E-04  0.8487107E-04 -0.6343642E-05 -0.6998908E-04  0.1154229E-07
       180     13  0.4445036E-03  0.5147012E-04  0.5658012E-04 -0.4228835E-05 -0.3195582E-04  0.5493505E-08
       180     14  0.2222445E-03  0.2573523E-04  0.2828985E-04 -0.2114332E-05 -0.8626121E-05  0.1646076E-08
       180     15  0.0000000E+00  0.0000000E+00  0.0000000E+00  0.0000000E+00  0.0000000E+00  0.0000000E+00
       180     16 -0.2222432E-03 -0.2573525E-04 -0.2828972E-04  0.2114293E-05 -0.6077471E-05  0.5552772E-09
       180     17 -0.4444983E-03 -0.5147023E-04 -0.5657958E-04  0.4228681E-05 -0.2685855E-04  0.3311908E-08
       180     18 -0.6667787E-03 -0.7720463E-04 -0.8486985E-04  0.6343297E-05 -0.6234325E-04  0.8269892E-08
       180     19 -0.8890977E-03 -0.1029381E-03 -0.1131608E-03  0.8458273E-05 -0.1125316E-03  0.1542923E-07
       180     20  0.1126608E-04  0.2467704E-06  0.2797909E-05 -0.6772028E-06 -0.2754061E+00 -0.5874265E-04
       180     21  0.8377699E-05  0.1956013E-06  0.2109746E-05 -0.5080121E-06 -0.2065496E+00 -0.4405718E-04
       180     22  0.5533979E-05  0.1373511E-06  0.1413899E-05 -0.3386749E-06 -0.1376964E+00 -0.2937170E-04
       180     23  0.2739807E-05  0.7211588E-07  0.7105760E-06 -0.1693012E-06 -0.6884664E-01 -0.1468603E-04
       180     24  0.0000000E+00  0.0000000E+00  0.0000000E+00  0.0000000E+00  0.0000000E+00  0.0000000E+00
       180     25 -0.2680685E-05 -0.7888458E-07 -0.7175910E-06  0.1691202E-06  0.6884360E-01  0.1468658E-04
       180     26 -0.5297562E-05 -0.1644182E-06 -0.1441945E-05  0.3379518E-06  0.1376843E+00  0.2937387E-04
       180     27 -0.7846018E-05 -0.2564736E-06 -0.2172794E-05  0.5063884E-06  0.2065222E+00  0.4406207E-04
       180     28 -0.1032152E-04 -0.3549160E-06 -0.2909859E-05  0.6743248E-06  0.2753574E+00  0.5875134E-04

       190      0  0.0000000E+00  0.0000000E+00  0.0000000E+00  0.0000000E+00  0.0000000E+00  0.0000000E+00
       190      1  0.0000000E+00  0.0000000E+00  0.0000000E+00  0.0000000E+00  0.0000000E+00  0.0000000E+00
       190      2  0.3694353E-03 -0.3367951E-04 -0.2666619E-03 -0.2358011E-04 -0.2216498E-04  0.3983526E-08
       190      3  0.2770801E-03 -0.2525954E-04 -0.1999957E-03 -0.1768539E-04 -0.1175652E-04  0.2215382E-08
       190      4  0.1847218E-03 -0.1683965E-04 -0.1333300E-03 -0.1179040E-04 -0.4592869E-05  0.9620792E-09
       190      5  0.9236140E-04 -0.8419811E-05 -0.6666490E-04 -0.5895239E-05 -0.6740299E-06  0.2236185E-09
       190      6  0.0000000E+00  0.0000000E+00  0.0000000E+00  0.0000000E+00  0.0000000E+00  0.0000000E+00
       190      7 -0.9236140E-04  0.8419813E-05  0.6666489E-04  0.5895216E-05 -0.2570778E-05  0.2912239E-09
       190      8 -0.1847218E-03  0.1683965E-04  0.1333300E-03  0.1179031E-04 -0.8386361E-05  0.1097290E-08
       190      9 -0.2770800E-03  0.2525956E-04  0.1999955E-03  0.1768519E-04 -0.1744675E-04  0.2418200E-08
       190     10 -0.3694352E-03  0.3367954E-04  0.2666617E-03  0.2357974E-04 -0.2975194E-04  0.4253952E-08
       190     11 -0.1278912E-02 -0.2357268E-04  0.2651961E-03 -0.1707383E-03 -0.1220083E-03  0.2171592E-07
       190     12 -0.9591695E-03 -0.1768128E-04  0.1989147E-03 -0.1280517E-03 -0.6882582E-04  0.1263995E-07
       190     13 -0.6394393E-03 -0.1178838E-04  0.1326182E-03 -0.8536682E-04 -0.3076355E-04  0.5995306E-08
       190     14 -0.3197175E-03 -0.5894452E-05  0.6631166E-04 -0.4268310E-04 -0.7821585E-05  0.1781989E-08
       190     15  0.0000000E+00  0.0000000E+00  0.0000000E+00  0.0000000E+00  0.0000000E+00  0.0000000E+00
       190     16  0.3197173E-03  0.5894488E-05 -0.6631168E-04  0.4268303E-04 -0.7298863E-05  0.6493402E-09
       190     17  0.6394385E-03  0.1178852E-04 -0.1326184E-03  0.8536653E-04 -0.2971824E-04  0.3730010E-08
       190     18  0.9591676E-03  0.1768161E-04 -0.1989150E-03  0.1280511E-03 -0.6725820E-04  0.9242008E-08
       190     19  0.1278909E-02  0.2357326E-04 -0.2651965E-03  0.1707372E-03 -0.1199188E-03  0.1718534E-07
       190     20 -0.7360534E-05  0.2511149E-06  0.5087155E-06 -0.1484928E-05 -0.2854643E+00 -0.5441260E-04
       190     21 -0.5584809E-05  0.1813188E-06  0.4515041E-06 -0.1119929E-05 -0.2140931E+00 -0.4080959E-04
       190     22 -0.3763750E-05  0.1161325E-06  0.3481349E-06 -0.7504924E-06 -0.1427255E+00 -0.2720663E-04
       190     23 -0.1900935E-05  0.5566029E-07  0.1978639E-06 -0.3770408E-06 -0.7136113E-01 -0.1360350E-04
       190     24  0.0000000E+00  0.0000000E+00  0.0000000E+00  0.0000000E+00  0.0000000E+00  0.0000000E+00
       190     25  0.1935370E-05 -0.5075679E-07 -0.2460948E-06  0.3802002E-06  0.7135810E-01  0.1360409E-04
       190     26  0.3901443E-05 -0.9652502E-07 -0.5410044E-06  0.7631264E-06  0.1427133E+00  0.2720899E-04
       190     27  0.5894444E-05 -0.1372262E-06 -0.8852587E-06  0.1148342E-05  0.2140659E+00  0.4081490E-04
       190     28  0.7910559E-05 -0.1727886E-06 -0.1279332E-05  0.1535410E-05  0.2854159E+00  0.5442204E-04

       200      0  0.0000000E+00  0.0000000E+00  0.0000000E+00  0.0000000E+00  0.0000000E+00  0.0000000E+00
       200      1  0.0000000E+00  0.0000000E+00  0.0000000E+00  0.0000000E+00  0.0000000E+00  0.0000000E+00
       200      2  0.3014618E-03  0.4769858E-04 -0.1097247E-03 -0.1009549E-05 -0.2485729E-04  0.4383302E-08
       200      3  0.2260915E-03  0.3577402E-04 -0.8229398E-04 -0.7573017E-06 -0.1366388E-04  0.2439081E-08
       200      4  0.1507254E-03  0.2384938E-04 -0.5486289E-04 -0.5049338E-06 -0.5789865E-05  0.1060457E-08
       200      5  0.7536201E-04  0.1192470E-04 -0.2743152E-04 -0.2524862E-06 -0.1235238E-05  0.2474295E-09
       200      6  0.0000000E+00  0.0000000E+00  0.0000000E+00  0.0000000E+00  0.0000000E+00  0.0000000E+00
       200      7 -0.7536209E-04 -0.1192470E-04  0.2743157E-04  0.2524835E-06 -0.2084149E-05  0.3181684E-09
       200      8 -0.1507257E-03 -0.2384937E-04  0.5486307E-04  0.5049233E-06 -0.7487686E-05  0.1201935E-08
       200      9 -0.2260922E-03 -0.3577399E-04  0.8229439E-04  0.7572783E-06 -0.1621061E-04  0.2651300E-08
       200     10 -0.3014630E-03 -0.4769854E-04  0.1097254E-03  0.1009507E-05 -0.2825292E-04  0.4666263E-08
       200     11 -0.5262137E-03 -0.1006365E-05  0.2587047E-03  0.2283571E-03 -0.1428679E-03  0.2368098E-07
       200     12 -0.3946639E-03 -0.7555629E-06  0.1940031E-03  0.1712696E-03 -0.8350988E-04  0.1375653E-07
       200     13 -0.2631110E-03 -0.5040913E-06  0.1293229E-03  0.1141806E-03 -0.3991260E-04  0.6501557E-08
       200     14 -0.1315560E-03 -0.2521652E-06  0.6465751E-04  0.5709055E-04 -0.1207598E-04  0.1916046E-08
       200     15  0.0000000E+00  0.0000000E+00  0.0000000E+00  0.0000000E+00  0.0000000E+00  0.0000000E+00
       200     16  0.1315559E-03  0.2521892E-06 -0.6465641E-04 -0.5709057E-04 -0.3684610E-05  0.7534209E-09
       200     17  0.2631106E-03  0.5041870E-06 -0.1293186E-03 -0.1141806E-03 -0.2312978E-04  0.4176309E-08
       200     18  0.3946631E-03  0.7557783E-06 -0.1939932E-03 -0.1712697E-03 -0.5833546E-04  0.1026866E-07
       200     19  0.5262123E-03  0.1006748E-05 -0.2586872E-03 -0.2283573E-03 -0.1093016E-03  0.1903049E-07
       200     20 -0.2116049E-05  0.1315718E-06  0.6930057E-05  0.1148822E-06 -0.2947352E+00 -0.4993248E-04
       200     21 -0.1625890E-05  0.9596784E-07  0.5150345E-05  0.1095164E-06 -0.2210462E+00 -0.3744943E-04
       200     22 -0.1109306E-05  0.6215163E-07  0.3400502E-05  0.8837952E-07 -0.1473608E+00 -0.2496651E-04
       200     23 -0.5670754E-06  0.3015306E-07  0.1682933E-05  0.5176833E-07 -0.7367880E-01 -0.1248345E-04
       200     24  0.0000000E+00  0.0000000E+00  0.0000000E+00  0.0000000E+00  0.0000000E+00  0.0000000E+00
       200     25  0.5911001E-06 -0.2828169E-07 -0.1645984E-05 -0.6658825E-07  0.7367581E-01  0.1248408E-04
       200     26  0.1205385E-05 -0.5466818E-07 -0.3252754E-05 -0.1476395E-06  0.1473488E+00  0.2496905E-04
       200     27  0.1841996E-05 -0.7913766E-07 -0.4818096E-05 -0.2427777E-06  0.2210193E+00  0.3745516E-04
       200     28  0.2500056E-05 -0.1016703E-06 -0.6339849E-05 -0.3516077E-06  0.2946873E+00  0.4994266E-04
