# number of rays:      29
# iteration   ray    X              A              Y              B              T              D
         0      0  0.0000000E+00  0.0000000E+00  0.0000000E+00  0.0000000E+00  0.0000000E+00  0.0000000E+00
         0      1  0.0000000E+00  0.0000000E+00  0.0000000E+00  0.0000000E+00  0.0000000E+00  0.0000000E+00
         0      2 -0.1000000E-02  0.0000000E+00  0.0000000E+00  0.0000000E+00  0.0000000E+00  0.0000000E+00
         0      3 -0.7500000E-03  0.0000000E+00  0.0000000E+00  0.0000000E+00  0.0000000E+00  0.0000000E+00
         0      4 -0.5000000E-03  0.0000000E+00  0.0000000E+00  0.0000000E+00  0.0000000E+00  0.0000000E+00
         0      5 -0.2500000E-03  0.0000000E+00  0.0000000E+00  0.0000000E+00  0.0000000E+00  0.0000000E+00
         0      6  0.0000000E+00  0.0000000E+00  0.0000000E+00  0.0000000E+00  0.0000000E+00  0.0000000E+00
         0      7  0.2500000E-03  0.0000000E+00  0.0000000E+00  0.0000000E+00  0.0000000E+00  0.0000000E+00
         0      8  0.5000000E-03  0.0000000E+00  0.0000000E+00  0.0000000E+00  0.0000000E+00  0.0000000E+00
         0      9  0.7500000E-03  0.0000000E+00  0.0000000E+00  0.0000000E+00  0.0000000E+00  0.0000000E+00
         0     10  0.1000000E-02  0.0000000E+00  0.0000000E+00  0.0000000E+00  0.0000000E+00  0.0000000E+00
         0     11  0.0000000E+00  0.0000000E+00 -0.1000000E-02  0.0000000E+00  0.0000000E+00  0.0000000E+00
         0     12  0.0000000E+00  0.0000000E+00 -0.7500000E-03  0.0000000E+00  0.0000000E+00  0.0000000E+00
         0     13  0.0000000E+00  0.0000000E+00 -0.5000000E-03  0.0000000E+00  0.0000000E+00  0.0000000E+00
         0     14  0.0000000E+00  0.0000000E+00 -0.2500000E-03  0.0000000E+00  0.0000000E+00  0.0000000E+00
         0     15  0.0000000E+00  0.0000000E+00  0.0000000E+00  0.0000000E+00  0.0000000E+00  0.0000000E+00
         0     16  0.0000000E+00  0.0000000E+00  0.2500000E-03  0.0000000E+00  0.0000000E+00  0.0000000E+00
         0     17  0.0000000E+00  0.0000000E+00  0.5000000E-03  0.0000000E+00  0.0000000E+00  0.0000000E+00
         0     18  0.0000000E+00  0.0000000E+00  0.7500000E-03  0.0000000E+00  0.0000000E+00  0.0000000E+00
         0     19  0.0000000E+00  0.0000000E+00  0.1000000E-02  0.0000000E+00  0.0000000E+00  0.0000000E+00
         0     20  0.0000000E+00  0.0000000E+00  0.0000000E+00  0.0000000E+00  0.0000000E+00 -0.1000000E-03
         0     21  0.0000000E+00  0.0000000E+00  0.0000000E+00  0.0000000E+00  0.0000000E+00 -0.7500000E-04
         0     22  0.0000000E+00  0.0000000E+00  0.0000000E+00  0.0000000E+00  0.0000000E+00 -0.5000000E-04
         0     23  0.0000000E+00  0.0000000E+00  0.0000000E+00  0.0000000E+00  0.0000000E+00 -0.2500000E-04
         0     24  0.0000000E+00  0.0000000E+00  0.0000000E+00  0.0000000E+00  0.0000000E+00  0.0000000E+00
         0     25  0.0000000E+00  0.0000000E+00  0.0000000E+00  0.0000000E+00  0.0000000E+00  0.2500000E-04
         0     26  0.0000000E+00  0.0000000E+00  0.0000000E+00  0.0000000E+00  0.0000000E+00  0.5000000E-04
         0     27  0.0000000E+00  0.0000000E+00  0.0000000E+00  0.0000000E+00  0.0000000E+00  0.7500000E-04
         0     28  0.0000000E+00  0.0000000E+00  0.0000000E+00  0.0000000E+00  0.0000000E+00  0.1000000E-03

       100      0  0.0000000E+00  0.0000000E+00  0.0000000E+00  0.0000000E+00  0.0000000E+00  0.0000000E+00
       100      1  0.0000000E+00  0.0000000E+00  0.0000000E+00  0.0000000E+00  0.0000000E+00  0.0000000E+00
       100      2  0.5820224E-03 -0.4228586E-04  0.4733269E-04  0.1616477E-04  0.9422067E-04 -0.7329622E-08
       100      3  0.4363854E-03 -0.3169986E-04  0.3547779E-04  0.1213124E-04  0.5290382E-04 -0.4137959E-08
       100      4  0.2908639E-03 -0.2112238E-04  0.2363513E-04  0.8092610E-05  0.2342986E-04 -0.1852643E-08
       100      5  0.1454161E-03 -0.1055517E-04  0.1180808E-04  0.4048862E-05  0.5796308E-05 -0.4734232E-09
       100      6  0.0000000E+00  0.0000000E+00  0.0000000E+00  0.0000000E+00  0.0000000E+00  0.0000000E+00
       100      7 -0.1454264E-03  0.1054134E-04 -0.1178572E-04 -0.4053971E-05  0.6037054E-05 -0.4320246E-09
       100      8 -0.2909052E-03  0.2106707E-04 -0.2354570E-04 -0.8113046E-05  0.2390289E-04 -0.1769098E-08
       100      9 -0.4364782E-03  0.3157537E-04 -0.3527654E-04 -0.1217721E-04  0.5359221E-04 -0.4010773E-08
       100     10 -0.5821877E-03  0.4206443E-04 -0.4697487E-04 -0.1624646E-04  0.9509903E-04 -0.7156551E-08
       100     11  0.2257371E-03  0.1631600E-04  0.6021603E-03 -0.1955874E-03  0.4140272E-03 -0.3236856E-07
       100     12  0.1695234E-03  0.1221641E-04  0.4509355E-03 -0.1468264E-03  0.2319533E-03 -0.1795226E-07
       100     13  0.1131125E-03  0.8130474E-05  0.3002960E-03 -0.9795105E-04  0.1022584E-03 -0.7752993E-08
       100     14  0.5657947E-04  0.4058295E-05  0.1500488E-03 -0.4899707E-04  0.2494036E-04 -0.1769343E-08
       100     15  0.0000000E+00  0.0000000E+00  0.0000000E+00  0.0000000E+00  0.0000000E+00  0.0000000E+00
       100     16 -0.5654998E-04 -0.4044238E-05 -0.1500446E-03  0.4900464E-04  0.2744119E-04 -0.2443755E-08
       100     17 -0.1129944E-03 -0.8074194E-05 -0.3002792E-03  0.9798132E-04  0.1072709E-03 -0.9099502E-08
       100     18 -0.1692572E-03 -0.1208959E-04 -0.4508976E-03  0.1468944E-03  0.2394990E-03 -0.1996624E-07
       100     19 -0.2252626E-03 -0.1609008E-04 -0.6020931E-03  0.1957082E-03  0.4241386E-03 -0.3504305E-07
       100     20  0.1901022E-05  0.5091636E-07  0.5176251E-05 -0.2118403E-05 -0.1702076E+00 -0.8665884E-04
       100     21  0.1212276E-05  0.5263596E-07  0.3510347E-05 -0.1608883E-05 -0.1276762E+00 -0.6499236E-04
       100     22  0.7045792E-06  0.4487870E-07  0.2090155E-05 -0.1080466E-05 -0.8513113E-01 -0.4332708E-04
       100     23  0.3201376E-06  0.2721172E-07  0.9199036E-06 -0.5413850E-06 -0.4257238E-01 -0.2166297E-04
       100     24  0.0000000E+00  0.0000000E+00  0.0000000E+00  0.0000000E+00  0.0000000E+00  0.0000000E+00
       100     25 -0.3130386E-06 -0.3559990E-07 -0.6729449E-06  0.5352457E-06  0.4258596E-01  0.2166185E-04
       100     26 -0.6715596E-06 -0.7766747E-07 -0.1106163E-05  0.1055872E-05  0.8518545E-01  0.4332261E-04
       100     27 -0.1120700E-05 -0.1235680E-06 -0.1310833E-05  0.1553428E-05  0.1277984E+00  0.6498230E-04
       100     28 -0.1695423E-05 -0.1700253E-06 -0.1302222E-05  0.2019578E-05  0.1704248E+00  0.8664095E-04

       200      0  0.0000000E+00  0.0000000E+00  0.0000000E+00  0.0000000E+00  0.0000000E+00  0.0000000E+00
       200      1  0.0000000E+00  0.0000000E+00  0.0000000E+00  0.0000000E+00  0.0000000E+00  0.0000000E+00
       200      2  0.3044971E-03  0.4767865E-04 -0.1095173E-03 -0.9921205E-06  0.1659558E-03 -0.2731542E-07
       200      3  0.2279666E-03  0.3575977E-04 -0.8217693E-04 -0.7419255E-06  0.9366129E-04 -0.1538998E-07
       200      4  0.1516333E-03  0.2384171E-04 -0.5481069E-04 -0.4956219E-06  0.4190660E-04 -0.6862855E-08
       200      5  0.7560766E-04  0.1192245E-04 -0.2741843E-04 -0.2495385E-06  0.1068787E-04 -0.1733204E-08
       200      6  0.0000000E+00  0.0000000E+00  0.0000000E+00  0.0000000E+00  0.0000000E+00  0.0000000E+00
       200      7 -0.7507908E-04 -0.1192761E-04  0.2744474E-04  0.2566707E-06  0.9836633E-05 -0.1662029E-08
       200      8 -0.1495189E-03 -0.2386234E-04  0.5491591E-04  0.5241503E-06  0.4019016E-04 -0.6717891E-08
       200      9 -0.2232084E-03 -0.3580610E-04  0.8241361E-04  0.8061127E-06  0.9105168E-04 -0.1516600E-07
       200     10 -0.2960368E-03 -0.4776079E-04  0.1099379E-03  0.1106227E-05  0.1624111E-03 -0.2700457E-07
       200     11 -0.5302798E-03 -0.1159601E-05  0.2532123E-03  0.2286572E-03  0.7062620E-03 -0.1240471E-06
       200     12 -0.3969651E-03 -0.8171399E-06  0.1916337E-03  0.1713818E-03  0.3941162E-03 -0.6933684E-07
       200     13 -0.2641400E-03 -0.5205214E-06  0.1285898E-03  0.1142051E-03  0.1723633E-03 -0.3042734E-07
       200     14 -0.1318148E-03 -0.2535419E-06  0.6455424E-04  0.5709029E-04  0.4099285E-04 -0.7315836E-08
       200     15  0.0000000E+00  0.0000000E+00  0.0000000E+00  0.0000000E+00  0.0000000E+00  0.0000000E+00
       200     16  0.1312937E-03  0.2562536E-06 -0.6459963E-04 -0.5710362E-04  0.4938535E-04 -0.8477877E-08
       200     17  0.2620543E-03  0.5312661E-06 -0.1287710E-03 -0.1142583E-03  0.1891551E-03 -0.3274791E-07
       200     18  0.3922683E-03  0.8409335E-06 -0.1920398E-03 -0.1715014E-03  0.4193210E-03 -0.7280894E-07
       200     19  0.5219197E-03  0.1200952E-05 -0.2539307E-03 -0.2288693E-03  0.7399002E-03 -0.1286602E-06
       200     20 -0.2271203E-05  0.4714894E-07  0.4178057E-05  0.7836056E-06 -0.2945733E+00 -0.4996696E-04
       200     21 -0.1666075E-05  0.4403417E-07  0.3696349E-05  0.5140425E-06 -0.2209552E+00 -0.3746881E-04
       200     22 -0.1114356E-05  0.3676107E-07  0.2801220E-05  0.2796666E-06 -0.1473204E+00 -0.2497511E-04
       200     23 -0.5675541E-06  0.2317052E-07  0.1546012E-05  0.1021516E-06 -0.7366871E-01 -0.1248559E-04
       200     24  0.0000000E+00  0.0000000E+00  0.0000000E+00  0.0000000E+00  0.0000000E+00  0.0000000E+00
       200     25  0.5838624E-06 -0.3658724E-07 -0.1754167E-05 -0.1215816E-07  0.7368588E-01  0.1248194E-04
       200     26  0.1145224E-05 -0.9037872E-07 -0.3623344E-05  0.7575621E-07  0.1473891E+00  0.2496049E-04
       200     27  0.1610122E-05 -0.1644340E-06 -0.5507196E-05  0.2686305E-06  0.2211097E+00  0.3743592E-04
       200     28  0.1872416E-05 -0.2603965E-06 -0.7302045E-05  0.5655929E-06  0.2948479E+00  0.4990849E-04

       300      0  0.0000000E+00  0.0000000E+00  0.0000000E+00  0.0000000E+00  0.0000000E+00  0.0000000E+00
       300      1  0.0000000E+00  0.0000000E+00  0.0000000E+00  0.0000000E+00  0.0000000E+00  0.0000000E+00
       300      2 -0.8851237E-03 -0.1340334E-04  0.5696405E-04 -0.3585234E-04  0.1907763E-03 -0.5457325E-07
       300      3 -0.6638923E-03 -0.1002104E-04  0.4270998E-04 -0.2689813E-04  0.1073833E-03 -0.3072537E-07
       300      4 -0.4425953E-03 -0.6665592E-05  0.2848255E-04 -0.1793433E-04  0.4779277E-04 -0.1368166E-07
       300      5 -0.2212816E-03 -0.3328184E-05  0.1425487E-04 -0.8966444E-05  0.1200030E-04 -0.3440534E-08
       300      6  0.0000000E+00  0.0000000E+00  0.0000000E+00  0.0000000E+00  0.0000000E+00  0.0000000E+00
       300      7  0.2212007E-03  0.3327778E-05 -0.1430900E-04  0.8959460E-05  0.1178449E-04 -0.3357704E-08
       300      8  0.4422716E-03  0.6663963E-05 -0.2869904E-04  0.1790637E-04  0.4734489E-04 -0.1351091E-07
       300      9  0.6631634E-03  0.1001736E-04 -0.4319698E-04  0.2683515E-04  0.1066708E-03 -0.3045649E-07
       300     10  0.8838265E-03  0.1339676E-04 -0.5782961E-04  0.3574017E-04  0.1897504E-03 -0.5419096E-07
       300     11  0.2819287E-03 -0.3558422E-04 -0.8597502E-03 -0.7971691E-04  0.8391082E-03 -0.2502708E-06
       300     12  0.2091219E-03 -0.2677719E-04 -0.6457580E-03 -0.5916529E-04  0.4740864E-03 -0.1402659E-06
       300     13  0.1382261E-03 -0.1789386E-04 -0.4309592E-03 -0.3914696E-04  0.2125693E-03 -0.6188808E-07
       300     14  0.6870094E-04 -0.8959688E-05 -0.2156201E-03 -0.1948457E-04  0.5454284E-04 -0.1513376E-07
       300     15  0.0000000E+00  0.0000000E+00  0.0000000E+00  0.0000000E+00  0.0000000E+00  0.0000000E+00
       300     16 -0.6842669E-04  0.8959938E-05  0.2156454E-03  0.1948517E-04  0.4894112E-04 -0.1648476E-07
       300     17 -0.1371299E-03  0.1789483E-04  0.4310594E-03  0.3914936E-04  0.2013740E-03 -0.6458683E-07
       300     18 -0.2066587E-03  0.2677929E-04  0.6459810E-03  0.5917059E-04  0.4573138E-03 -0.1443059E-06
       300     19 -0.2775578E-03  0.3558770E-04  0.8601405E-03  0.7972607E-04  0.8167835E-03 -0.2556423E-06
       300     20  0.1014563E-05 -0.1884850E-06 -0.4989925E-05 -0.4201689E-06 -0.3395679E+00  0.1894297E-06
       300     21  0.3887062E-06 -0.1522575E-06 -0.3921910E-05 -0.1423499E-06 -0.2546870E+00  0.1535191E-06
       300     22  0.4052502E-08 -0.1089591E-06 -0.2645276E-05  0.2297726E-07 -0.1697994E+00  0.1094685E-06
       300     23 -0.1353086E-06 -0.5813979E-07 -0.1293505E-05  0.6972018E-07 -0.8490411E-01  0.5804087E-07
       300     24  0.0000000E+00  0.0000000E+00  0.0000000E+00  0.0000000E+00  0.0000000E+00  0.0000000E+00
       300     25  0.4598136E-06  0.6394088E-07  0.1108870E-05 -0.1759132E-06  0.8491394E-01 -0.6388960E-07
       300     26  0.1304955E-05  0.1303068E-06  0.1920690E-05 -0.4399576E-06  0.1698388E+00 -0.1328627E-06
       300     27  0.2593941E-05  0.1935333E-06  0.2343823E-05 -0.7669837E-06  0.2547755E+00 -0.2061531E-06
       300     28  0.4367064E-05  0.2458056E-06  0.2313949E-05 -0.1125864E-05  0.3397252E+00 -0.2829940E-06

       400      0  0.0000000E+00  0.0000000E+00  0.0000000E+00  0.0000000E+00  0.0000000E+00  0.0000000E+00
       400      1  0.0000000E+00  0.0000000E+00  0.0000000E+00  0.0000000E+00  0.0000000E+00  0.0000000E+00
       400      2  0.7063049E-03 -0.2896375E-04  0.1219070E-03  0.4989251E-04  0.1632777E-03 -0.8175501E-07
       400      3  0.5292726E-03 -0.2172891E-04  0.9149641E-04  0.3741386E-04  0.9123246E-04 -0.4601012E-07
       400      4  0.3526402E-03 -0.1448371E-04  0.6100704E-04  0.2494169E-04  0.4000735E-04 -0.2047097E-07
       400      5  0.1762640E-03 -0.7237596E-05  0.3049090E-04  0.1247181E-04  0.9598357E-05 -0.5135221E-08
       400      6  0.0000000E+00  0.0000000E+00  0.0000000E+00  0.0000000E+00  0.0000000E+00  0.0000000E+00
       400      7 -0.1762962E-03  0.7219608E-05 -0.3041367E-04 -0.1247796E-04  0.1120535E-04 -0.5061832E-08
       400      8 -0.3527687E-03  0.1441172E-04 -0.6069808E-04 -0.2496623E-04  0.4320602E-04 -0.2031667E-07
       400      9 -0.5295614E-03  0.2156677E-04 -0.9080117E-04 -0.3746893E-04  0.9599219E-04 -0.4575986E-07
       400     10 -0.7068171E-03  0.2867514E-04 -0.1206708E-03 -0.4999007E-04  0.1695526E-03 -0.8138621E-07
       400     11  0.5749935E-03  0.5018956E-04  0.7584993E-03 -0.1168658E-03  0.7062570E-03 -0.3770497E-06
       400     12  0.4346686E-03  0.3756130E-04  0.5669472E-03 -0.8839650E-04  0.3979021E-03 -0.2116492E-06
       400     13  0.2913185E-03  0.2499821E-04  0.3770406E-03 -0.5929163E-04  0.1774026E-03 -0.9367662E-07
       400     14  0.1460579E-03  0.1248357E-04  0.1882421E-03 -0.2975793E-04  0.4476408E-04 -0.2312787E-07
       400     15  0.0000000E+00  0.0000000E+00  0.0000000E+00  0.0000000E+00  0.0000000E+00  0.0000000E+00
       400     16 -0.1457418E-03 -0.1247000E-04 -0.1882449E-03  0.2977850E-04  0.4313229E-04 -0.2429149E-07
       400     17 -0.2900525E-03 -0.2494360E-04 -0.3770524E-03  0.5937367E-04  0.1741912E-03 -0.9600221E-07
       400     18 -0.4318142E-03 -0.3743715E-04 -0.5669764E-03  0.8858012E-04  0.3932153E-03 -0.2151334E-06
       400     19 -0.5699045E-03 -0.4996570E-04 -0.7585580E-03  0.1171898E-03  0.7002515E-03 -0.3816878E-06
       400     20  0.4220386E-05  0.2087293E-06  0.1910859E-05 -0.3150993E-06 -0.2930121E+00  0.5029390E-04
       400     21  0.3479547E-05  0.1436850E-06  0.1020599E-05 -0.3442089E-06 -0.2197493E+00  0.3773398E-04
       400     22  0.2518798E-05  0.8611361E-07  0.3600321E-06 -0.2880916E-06 -0.1464948E+00  0.2516432E-04
       400     23  0.1355318E-05  0.3744822E-07  0.2144230E-08 -0.1658851E-06 -0.7324599E-01  0.1258597E-04
       400     24  0.0000000E+00  0.0000000E+00  0.0000000E+00  0.0000000E+00  0.0000000E+00  0.0000000E+00
       400     25 -0.1533977E-05 -0.2294209E-07  0.3849324E-06  0.1847726E-06  0.7324589E-01 -0.1259254E-04
       400     26 -0.3221977E-05 -0.2718041E-07  0.1165015E-05  0.3622408E-06  0.1464944E+00 -0.2519061E-04
       400     27 -0.5019087E-05 -0.7853845E-08  0.2323876E-05  0.5059195E-06  0.2197484E+00 -0.3779313E-04
       400     28 -0.6852591E-05  0.4014566E-07  0.3820019E-05  0.5902968E-06  0.2930105E+00 -0.5039905E-04

       500      0  0.0000000E+00  0.0000000E+00  0.0000000E+00  0.0000000E+00  0.0000000E+00  0.0000000E+00
       500      1  0.0000000E+00  0.0000000E+00  0.0000000E+00  0.0000000E+00  0.0000000E+00  0.0000000E+00
       500      2  0.1020820E-04  0.4249865E-04 -0.2675557E-03 -0.1151871E-04  0.1019417E-03 -0.1015252E-06
       500      3  0.8052481E-05  0.3186442E-04 -0.2007267E-03 -0.8588034E-05  0.5783119E-04 -0.5711783E-07
       500      4  0.5439857E-05  0.2123777E-04 -0.1338477E-03 -0.5706362E-05  0.2613908E-04 -0.2539647E-07
       500      5  0.2659385E-05  0.1061691E-04 -0.6693383E-04 -0.2851197E-05  0.6863103E-05 -0.6358364E-08
       500      6  0.0000000E+00  0.0000000E+00  0.0000000E+00  0.0000000E+00  0.0000000E+00  0.0000000E+00
       500      7 -0.2249491E-05 -0.1061480E-04  0.6693894E-04  0.2869782E-05  0.5545561E-05 -0.6317128E-08
       500      8 -0.3800417E-05 -0.2122927E-04  0.1338680E-03  0.5780695E-05  0.2349461E-04 -0.2530476E-07
       500      9 -0.4364258E-05 -0.3184513E-04  0.2007718E-03  0.8755255E-05  0.5384101E-04 -0.5695715E-07
       500     10 -0.3652668E-05 -0.4246397E-04  0.2676345E-03  0.1181592E-04  0.9657767E-04 -0.1012678E-06
       500     11 -0.1283173E-02 -0.1267658E-04 -0.1075808E-03  0.1990326E-03  0.3810844E-03 -0.4701624E-06
       500     12 -0.9631236E-03 -0.9123055E-05 -0.7638833E-04  0.1493052E-03  0.2142904E-03 -0.2642134E-06
       500     13 -0.6423144E-03 -0.5891979E-05 -0.4888373E-04  0.9955404E-04  0.9518810E-04 -0.1172059E-06
       500     14 -0.3211508E-03 -0.2884290E-05 -0.2383326E-04  0.4978555E-04  0.2376109E-04 -0.2913561E-07
       500     15  0.0000000E+00  0.0000000E+00  0.0000000E+00  0.0000000E+00  0.0000000E+00  0.0000000E+00
       500     16  0.3207904E-03  0.2861267E-05  0.2385569E-04 -0.4980525E-04  0.2390215E-04 -0.2979862E-07
       500     17  0.6408738E-03  0.5799762E-05  0.4897596E-04 -0.9963233E-04  0.9547151E-04 -0.1185329E-06
       500     18  0.9598857E-03  0.8915106E-05  0.7660516E-04 -0.1494796E-03  0.2147185E-03 -0.2662063E-06
       500     19  0.1277426E-02  0.1230579E-04  0.1079894E-03 -0.1993380E-03  0.3816600E-03 -0.4728242E-06
       500     20 -0.5841005E-05 -0.7094023E-08 -0.2639284E-05  0.1865484E-05 -0.1674050E+00  0.8683538E-04
       500     21 -0.4299497E-05  0.1916100E-07 -0.1625068E-05  0.1375456E-05 -0.1255327E+00  0.6513835E-04
       500     22 -0.2827228E-05  0.2922960E-07 -0.8608760E-06  0.8935965E-06 -0.8367739E-01  0.4343296E-04
       500     23 -0.1400527E-05  0.2308886E-07 -0.3275200E-06  0.4315755E-06 -0.4183465E-01  0.2171993E-04
       500     24  0.0000000E+00  0.0000000E+00  0.0000000E+00  0.0000000E+00  0.0000000E+00  0.0000000E+00
       500     25  0.1385229E-05 -0.4136867E-07  0.1520979E-06 -0.3915296E-06  0.4183104E-01 -0.2172611E-04
       500     26  0.2754013E-05 -0.1027693E-06  0.1646039E-06 -0.7344199E-06  0.8366292E-01 -0.4345766E-04
       500     27  0.4090532E-05 -0.1861569E-06  0.7904678E-07 -0.1021178E-05  0.1255001E+00 -0.6519392E-04
       500     28  0.5362623E-05 -0.2934326E-06 -0.5693933E-07 -0.1245617E-05  0.1673471E+00 -0.8693418E-04

       600      0  0.0000000E+00  0.0000000E+00  0.0000000E+00  0.0000000E+00  0.0000000E+00  0.0000000E+00
       600      1  0.0000000E+00  0.0000000E+00  0.0000000E+00  0.0000000E+00  0.0000000E+00  0.0000000E+00
       600      2 -0.5986432E-03 -0.1967878E-04  0.1992221E-03 -0.5463288E-04  0.6494704E-05 -0.1085685E-06
       600      3 -0.4494153E-03 -0.1470713E-04  0.1492019E-03 -0.4103458E-04  0.3562102E-05 -0.6106432E-07
       600      4 -0.2997838E-03 -0.9780493E-05  0.9938878E-04 -0.2737896E-04  0.1500671E-05 -0.2713686E-07
       600      5 -0.1499217E-03 -0.4883315E-05  0.4968690E-04 -0.1369209E-04  0.3126318E-06 -0.6783312E-08
       600      6  0.0000000E+00  0.0000000E+00  0.0000000E+00  0.0000000E+00  0.0000000E+00  0.0000000E+00
       600      7  0.1498112E-03  0.4885072E-05 -0.4976823E-04  0.1367128E-04  0.5645796E-06 -0.6782444E-08
       600      8  0.2993419E-03  0.9787520E-05 -0.9971381E-04  0.2729566E-04  0.2007962E-05 -0.2712533E-07
       600      9  0.4484215E-03  0.1472294E-04 -0.1499322E-03  0.4084694E-04  0.4331522E-05 -0.6102254E-07
       600     10  0.5968773E-03  0.1970686E-04 -0.2005180E-03  0.5429879E-04  0.7536417E-05 -0.1084671E-06
       600     11  0.9794763E-03 -0.5356172E-04 -0.5120037E-03 -0.1180923E-03 -0.3245222E-04 -0.5044670E-06
       600     12  0.7267857E-03 -0.4057317E-04 -0.3872495E-03 -0.8756877E-04 -0.1468346E-04 -0.2837617E-06
       600     13  0.4806108E-03 -0.2723630E-04 -0.2597056E-03 -0.5790013E-04 -0.3350963E-05 -0.1261178E-06
       600     14  0.2390171E-03 -0.1367213E-04 -0.1303172E-03 -0.2880586E-04  0.1543492E-05 -0.3153113E-07
       600     15  0.0000000E+00  0.0000000E+00  0.0000000E+00  0.0000000E+00  0.0000000E+00  0.0000000E+00
       600     16 -0.2384856E-03  0.1366137E-04  0.1303441E-03  0.2880610E-04 -0.7979183E-05 -0.3152507E-07
       600     17 -0.4784957E-03  0.2719284E-04  0.2598115E-03  0.5790124E-04 -0.2238936E-04 -0.1261095E-06
       600     18 -0.7220682E-03  0.4047373E-04  0.3874816E-03  0.8757182E-04 -0.4322311E-04 -0.2837587E-06
       600     19 -0.9711932E-03  0.5338082E-04  0.5124014E-03  0.1180992E-03 -0.7047000E-04 -0.5044809E-06
       600     20  0.1183001E-05 -0.5627491E-06 -0.7991041E-05  0.8846411E-06  0.3389408E-02  0.9995092E-04
       600     21  0.7743147E-06 -0.4046137E-06 -0.6083563E-05  0.6857436E-06  0.2560088E-02  0.7497191E-04
       600     22  0.4430482E-06 -0.2598147E-06 -0.4098522E-05  0.4707623E-06  0.1715283E-02  0.4998709E-04
       600     23  0.1852999E-06 -0.1258650E-06 -0.2062617E-05  0.2417225E-06  0.8601892E-03  0.2499646E-04
       600     24  0.0000000E+00  0.0000000E+00  0.0000000E+00  0.0000000E+00  0.0000000E+00  0.0000000E+00
       600     25 -0.1116203E-06  0.1206927E-06  0.2066480E-05 -0.2537560E-06 -0.8600893E-03 -0.2500230E-04
       600     26 -0.1464109E-06  0.2391494E-06  0.4114005E-05 -0.5196532E-06 -0.1714883E-02 -0.5001046E-04
       600     27 -0.9951644E-07  0.3582042E-06  0.6118546E-05 -0.7985427E-06 -0.2559182E-02 -0.7502449E-04
       600     28  0.3558418E-07  0.4804549E-06  0.8053696E-05 -0.1091964E-05 -0.3387787E-02 -0.1000444E-03

       700      0  0.0000000E+00  0.0000000E+00  0.0000000E+00  0.0000000E+00  0.0000000E+00  0.0000000E+00
       700      1  0.0000000E+00  0.0000000E+00  0.0000000E+00  0.0000000E+00  0.0000000E+00  0.0000000E+00
       700      2  0.6031125E-03 -0.1465449E-04  0.8262189E-04  0.8575710E-04 -0.8982767E-04 -0.1009858E-06
       700      3  0.4518723E-03 -0.1102620E-04  0.6242071E-04  0.6430460E-04 -0.5138203E-04 -0.5678481E-07
       700      4  0.3010369E-03 -0.7363406E-05  0.4179635E-04  0.4286377E-04 -0.2359626E-04 -0.2522200E-07
       700      5  0.1504617E-03 -0.3682546E-05  0.2092933E-04  0.2143038E-04 -0.6469417E-05 -0.6294832E-08
       700      6  0.0000000E+00  0.0000000E+00  0.0000000E+00  0.0000000E+00  0.0000000E+00  0.0000000E+00
       700      7 -0.1504955E-03  0.3667844E-05 -0.2081145E-04 -0.2143190E-04 -0.4185950E-05 -0.6333398E-08
       700      8 -0.3011715E-03  0.7304561E-05 -0.4132495E-04 -0.4286973E-04 -0.1902465E-04 -0.2529012E-07
       700      9 -0.4521731E-03  0.1089365E-04 -0.6136049E-04 -0.6431767E-04 -0.4451293E-04 -0.5686444E-07
       700     10 -0.6036425E-03  0.1441851E-04 -0.8073815E-04 -0.8577945E-04 -0.8064709E-04 -0.1010498E-06
       700     11  0.3658175E-03  0.8601060E-04  0.6376181E-03 -0.3323078E-04 -0.4754601E-03 -0.4707388E-06
       700     12  0.2868699E-03  0.6443070E-04  0.4771552E-03 -0.2617431E-04 -0.2666128E-03 -0.2650453E-06
       700     13  0.1969519E-03  0.4291072E-04  0.3175911E-03 -0.1804637E-04 -0.1177740E-03 -0.1180263E-06
       700     14  0.1000131E-03  0.2143951E-04  0.1586481E-03 -0.9203899E-05 -0.2891279E-04 -0.2967824E-07
       700     15  0.0000000E+00  0.0000000E+00  0.0000000E+00  0.0000000E+00  0.0000000E+00  0.0000000E+00
       700     16 -0.9914189E-04 -0.2142750E-04 -0.1587049E-03  0.9213649E-05 -0.3100856E-04 -0.2899327E-07
       700     17 -0.1934651E-03 -0.4286199E-04 -0.3178207E-03  0.1808425E-04 -0.1219137E-03 -0.1166625E-06
       700     18 -0.2790181E-03 -0.6431852E-04 -0.4776802E-03  0.2625535E-04 -0.2726930E-03 -0.2630147E-06
       700     19 -0.3518455E-03 -0.8580499E-04 -0.6385721E-03  0.3336435E-04 -0.4833267E-03 -0.4680600E-06
       700     20  0.1109102E-04  0.8414010E-07 -0.2146653E-05  0.8000644E-07  0.1732686E+00  0.8609805E-04
       700     21  0.7728885E-05  0.1020244E-06 -0.1486429E-05  0.3240293E-07  0.1299618E+00  0.6458001E-04
       700     22  0.4752336E-05  0.9245025E-07 -0.8986497E-06  0.1173577E-07  0.8664511E-01  0.4305818E-04
       700     23  0.2175547E-05  0.5782825E-07 -0.4018174E-06  0.4945028E-08  0.4332299E-01  0.2153178E-04
       700     24  0.0000000E+00  0.0000000E+00  0.0000000E+00  0.0000000E+00  0.0000000E+00  0.0000000E+00
       700     25 -0.1777463E-05 -0.7987805E-07  0.3166377E-06 -0.1356223E-07 -0.4331934E-01 -0.2153798E-04
       700     26 -0.3157332E-05 -0.1812968E-06  0.5710530E-06 -0.4415903E-07 -0.8663052E-01 -0.4308295E-04
       700     27 -0.4131506E-05 -0.3042172E-06  0.7983163E-06 -0.9771502E-07 -0.1299290E+00 -0.6463573E-04
       700     28 -0.4679325E-05 -0.4487722E-06  0.1044303E-05 -0.1772255E-06 -0.1732103E+00 -0.8619712E-04

       800      0  0.0000000E+00  0.0000000E+00  0.0000000E+00  0.0000000E+00  0.0000000E+00  0.0000000E+00
       800      1  0.0000000E+00  0.0000000E+00  0.0000000E+00  0.0000000E+00  0.0000000E+00  0.0000000E+00
       800      2 -0.1405408E-03  0.2888397E-04 -0.3533908E-03 -0.4211699E-04 -0.1479186E-03 -0.8081326E-07
       800      3 -0.1044881E-03  0.2165863E-04 -0.2653379E-03 -0.3144915E-04 -0.8230541E-04 -0.4542638E-07
       800      4 -0.6927590E-04  0.1443565E-04 -0.1770201E-03 -0.2090739E-04 -0.3578308E-04 -0.2016323E-07
       800      5 -0.3456091E-04  0.7215873E-05 -0.8854022E-04 -0.1044123E-04 -0.8349187E-05 -0.5021945E-08
       800      6  0.0000000E+00  0.0000000E+00  0.0000000E+00  0.0000000E+00  0.0000000E+00  0.0000000E+00
       800      7  0.3474947E-04 -0.7211330E-05  0.8849932E-04  0.1046705E-04 -0.1073040E-04 -0.5094167E-08
       800      8  0.7002946E-04 -0.1441746E-04  0.1768561E-03  0.2101058E-04 -0.4053389E-04 -0.2030054E-07
       800      9  0.1061811E-03 -0.2161762E-04  0.2649677E-03  0.3168109E-04 -0.8940258E-04 -0.4561451E-07
       800     10  0.1435446E-03 -0.2881085E-04  0.3527293E-03  0.4252869E-04 -0.1573272E-03 -0.8103080E-07
       800     11 -0.1673162E-02 -0.4459902E-04 -0.2899715E-03  0.1209004E-03 -0.7862212E-03 -0.3780244E-06
       800     12 -0.1263244E-02 -0.3258232E-04 -0.2130121E-03  0.9105281E-04 -0.4421162E-03 -0.2130782E-06
       800     13 -0.8460749E-03 -0.2129195E-04 -0.1399047E-03  0.6087857E-04 -0.1963768E-03 -0.9509369E-07
       800     14 -0.4242035E-03 -0.1050697E-04 -0.6934273E-04  0.3049354E-04 -0.4900217E-04 -0.2406775E-07
       800     15  0.0000000E+00  0.0000000E+00  0.0000000E+00  0.0000000E+00  0.0000000E+00  0.0000000E+00
       800     16  0.4242647E-03  0.1045982E-04  0.6946136E-04 -0.3050612E-04 -0.4938692E-04 -0.2289272E-07
       800     17  0.8463362E-03  0.2110399E-04  0.1403831E-03 -0.6092805E-04 -0.1971893E-03 -0.9275097E-07
       800     18  0.1263895E-02  0.3216184E-04  0.2141034E-03 -0.9116099E-04 -0.4434434E-03 -0.2095825E-06
       800     19  0.1674479E-02  0.4385768E-04  0.2919477E-03 -0.1210850E-03 -0.7881955E-03 -0.3733979E-06
       800     20 -0.6296068E-05  0.4127531E-06 -0.6665969E-06  0.8234837E-06  0.2963786E+00  0.4901836E-04
       800     21 -0.5586806E-05  0.2557627E-06 -0.4950676E-06  0.6835618E-06  0.2222926E+00  0.3676800E-04
       800     22 -0.4197611E-05  0.1317384E-06 -0.3844430E-06  0.4990872E-06  0.1481993E+00  0.2451589E-04
       800     23 -0.2284691E-05  0.4560665E-07 -0.2444953E-06  0.2689949E-06  0.7410093E-01  0.1226043E-04
       800     24  0.0000000E+00  0.0000000E+00  0.0000000E+00  0.0000000E+00  0.0000000E+00  0.0000000E+00
       800     25  0.2513077E-05 -0.3975662E-08  0.4013751E-06 -0.2952251E-06 -0.7410113E-01 -0.1226700E-04
       800     26  0.5117469E-05  0.3387596E-07  0.9834090E-06 -0.6002331E-06 -0.1482001E+00 -0.2454218E-04
       800     27  0.7675945E-05  0.1131916E-06  0.1737957E-05 -0.8972150E-06 -0.2222945E+00 -0.3682715E-04
       800     28  0.1004328E-04  0.2330647E-06  0.2624027E-05 -0.1169550E-05 -0.2963818E+00 -0.4912353E-04

       900      0  0.0000000E+00  0.0000000E+00  0.0000000E+00  0.0000000E+00  0.0000000E+00  0.0000000E+00
       900      1  0.0000000E+00  0.0000000E+00  0.0000000E+00  0.0000000E+00  0.0000000E+00  0.0000000E+00
       900      2 -0.2841749E-03 -0.1524167E-04  0.3553010E-03 -0.4773858E-04 -0.1788045E-03 -0.5351433E-07
       900      3 -0.2137151E-03 -0.1138360E-04  0.2661075E-03 -0.3597685E-04 -0.1008358E-03 -0.3006893E-07
       900      4 -0.1427264E-03 -0.7567287E-05  0.1772467E-03 -0.2405776E-04 -0.4505019E-04 -0.1333553E-07
       900      5 -0.7141899E-04 -0.3777774E-05  0.8858816E-04 -0.1204448E-04 -0.1144109E-04 -0.3313085E-08
       900      6  0.0000000E+00  0.0000000E+00  0.0000000E+00  0.0000000E+00  0.0000000E+00  0.0000000E+00
       900      7  0.7132487E-04  0.3781134E-05 -0.8865025E-04  0.1201277E-04 -0.1071637E-04 -0.3394204E-08
       900      8  0.1423502E-03  0.7580724E-05 -0.1774943E-03  0.2393089E-04 -0.4357770E-04 -0.1349312E-07
       900      9  0.2128695E-03  0.1141382E-04 -0.2666620E-03  0.3569128E-04 -0.9856949E-04 -0.3029365E-07
       900     10  0.2826739E-03  0.1529536E-04 -0.3562801E-03  0.4723058E-04 -0.1756753E-03 -0.5379223E-07
       900     11  0.1733236E-02 -0.4535648E-04 -0.1347766E-03 -0.9342416E-04 -0.8845718E-03 -0.2513054E-06
       900     12  0.1289631E-02 -0.3498330E-04 -0.1051343E-03 -0.6935159E-04 -0.4964527E-03 -0.1418626E-06
       900     13  0.8545856E-03 -0.2376943E-04 -0.7201515E-04 -0.4589215E-04 -0.2196742E-03 -0.6349866E-07
       900     14  0.4256200E-03 -0.1201088E-04 -0.3659122E-04 -0.2284537E-04 -0.5419642E-04 -0.1621115E-07
       900     15  0.0000000E+00  0.0000000E+00  0.0000000E+00  0.0000000E+00  0.0000000E+00  0.0000000E+00
       900     16 -0.4251468E-03  0.1197209E-04  0.3663754E-04  0.2286088E-04 -0.5708621E-04 -0.1486753E-07
       900     17 -0.8527165E-03  0.2361300E-04  0.7219836E-04  0.4595493E-04 -0.2254766E-03 -0.6081848E-07
       900     18 -0.1285513E-02  0.3462659E-04  0.1055387E-03  0.6949559E-04 -0.5052127E-03 -0.1378600E-06
       900     19 -0.1726133E-02  0.4471072E-04  0.1354766E-03  0.9368699E-04 -0.8963547E-03 -0.2460016E-06
       900     20 -0.4409748E-05 -0.5703822E-06 -0.1556068E-05  0.9008838E-07  0.3395310E+00 -0.1280204E-05
       900     21 -0.1782921E-05 -0.4412811E-06 -0.1372274E-05  0.5088845E-07  0.2546596E+00 -0.9595177E-06
       900     22 -0.1583613E-06 -0.2936843E-06 -0.1016752E-05  0.7839828E-08  0.1697813E+00 -0.6377182E-06
       900     23  0.4276687E-06 -0.1421650E-06 -0.5358222E-06 -0.1443859E-07  0.8489521E-01 -0.3171103E-06
       900     24  0.0000000E+00  0.0000000E+00  0.0000000E+00  0.0000000E+00  0.0000000E+00  0.0000000E+00
       900     25 -0.1370696E-05  0.1211460E-06  0.5105171E-06  0.5722853E-07 -0.8490543E-01  0.3113058E-06
       900     26 -0.3578076E-05  0.2112064E-06  0.9206178E-06  0.1534698E-06 -0.1698222E+00  0.6144985E-06
       900     27 -0.6484143E-05  0.2615728E-06  0.1174249E-05  0.2762298E-06 -0.2547516E+00  0.9072684E-06
       900     28 -0.9917797E-05  0.2650315E-06  0.1246636E-05  0.4064342E-06 -0.3396946E+00  0.1187304E-05

      1000      0  0.0000000E+00  0.0000000E+00  0.0000000E+00  0.0000000E+00  0.0000000E+00  0.0000000E+00
      1000      1  0.0000000E+00  0.0000000E+00  0.0000000E+00  0.0000000E+00  0.0000000E+00  0.0000000E+00
      1000      2  0.3170101E-03 -0.6758536E-05 -0.4782836E-04  0.1061473E-03 -0.1562919E-03 -0.2644191E-07
      1000      3  0.2374802E-03 -0.5107621E-05 -0.3494894E-04  0.7964672E-04 -0.8859112E-04 -0.1484682E-07
      1000      4  0.1581968E-03 -0.3421688E-05 -0.2289727E-04  0.5311274E-04 -0.3997411E-04 -0.6575108E-08
      1000      5  0.7906810E-04 -0.1714568E-05 -0.1135411E-04  0.2655938E-04 -0.1044358E-04 -0.1626393E-08
      1000      6  0.0000000E+00  0.0000000E+00  0.0000000E+00  0.0000000E+00  0.0000000E+00  0.0000000E+00
      1000      7 -0.7910241E-04  0.1708316E-05  0.1148445E-04 -0.2655228E-04 -0.8641706E-05 -0.1694961E-08
      1000      8 -0.1583335E-03  0.3396669E-05  0.2341824E-04 -0.5308418E-04 -0.3636485E-04 -0.6710016E-08
      1000      9 -0.2377854E-03  0.5051287E-05  0.3611962E-04 -0.7958190E-04 -0.8316344E-04 -0.1504361E-07
      1000     10 -0.3175472E-03  0.6658286E-05  0.4990578E-04 -0.1060307E-03 -0.1490294E-03 -0.2669389E-07
      1000     11 -0.2830900E-03  0.1055915E-03  0.2963659E-03  0.1134321E-04 -0.7677451E-03 -0.1247543E-06
      1000     12 -0.1895655E-03  0.7942641E-04  0.2229077E-03  0.7596443E-05 -0.4331892E-03 -0.7060800E-07
      1000     13 -0.1158833E-03  0.5305098E-04  0.1489096E-03  0.4636111E-05 -0.1937518E-03 -0.3176767E-07
      1000     14 -0.5504647E-04  0.2655220E-04  0.7456126E-04  0.2192713E-05 -0.4936853E-04 -0.8231650E-08
      1000     15  0.0000000E+00  0.0000000E+00  0.0000000E+00  0.0000000E+00  0.0000000E+00  0.0000000E+00
      1000     16  0.5633284E-04 -0.2654413E-04 -0.7466323E-04 -0.2207288E-05 -0.4563261E-04 -0.7074510E-08
      1000     17  0.1210174E-03 -0.5301865E-04 -0.1493184E-03 -0.4695899E-05 -0.1862791E-03 -0.2945874E-07
      1000     18  0.2010721E-03 -0.7935357E-04 -0.2238307E-03 -0.7736524E-05 -0.4219789E-03 -0.6715800E-07
      1000     19  0.3034259E-03 -0.1054622E-03 -0.2980145E-03 -0.1160597E-04 -0.7527976E-03 -0.1201794E-06
      1000     20  0.1141059E-04  0.2437328E-06  0.2971576E-05 -0.6674807E-06  0.2911450E+00 -0.5123455E-04
      1000     21  0.7846945E-05  0.2475675E-06  0.2353953E-05 -0.5503295E-06  0.2183655E+00 -0.3842884E-04
      1000     22  0.4641595E-05  0.2043322E-06  0.1668832E-05 -0.3862487E-06  0.1455852E+00 -0.2561960E-04
      1000     23  0.1977487E-05  0.1194874E-06  0.8837635E-06 -0.1961403E-06  0.7279848E-01 -0.1280920E-04
      1000     24  0.0000000E+00  0.0000000E+00  0.0000000E+00  0.0000000E+00  0.0000000E+00  0.0000000E+00
      1000     25 -0.1179142E-05 -0.1463147E-06 -0.9519009E-06  0.1857687E-06 -0.7281574E-01  0.1280562E-04
      1000     26 -0.1477728E-05 -0.3111575E-06 -0.1919007E-05  0.3505022E-06 -0.1456542E+00  0.2560528E-04
      1000     27 -0.8411483E-06 -0.4858765E-06 -0.2834982E-05  0.4908406E-06 -0.2185209E+00  0.3839662E-04
      1000     28  0.7555369E-06 -0.6614658E-06 -0.3630746E-05  0.6116496E-06 -0.2914212E+00  0.5117725E-04

      1100      0  0.0000000E+00  0.0000000E+00  0.0000000E+00  0.0000000E+00  0.0000000E+00  0.0000000E+00
      1100      1  0.0000000E+00  0.0000000E+00  0.0000000E+00  0.0000000E+00  0.0000000E+00  0.0000000E+00
      1100      2 -0.6529944E-04  0.1345011E-04 -0.3267459E-03 -0.7694016E-04 -0.7904249E-04 -0.6889796E-08
      1100      3 -0.4824943E-04  0.1007711E-04 -0.2457856E-03 -0.5751679E-04 -0.4320183E-04 -0.3859507E-08
      1100      4 -0.3182237E-04  0.6712231E-05 -0.1641744E-03 -0.3826101E-04 -0.1808014E-04 -0.1701124E-08
      1100      5 -0.1580881E-04  0.3353809E-05 -0.8216304E-04 -0.1910991E-04 -0.3679501E-05 -0.4146558E-09
      1100      6  0.0000000E+00  0.0000000E+00  0.0000000E+00  0.0000000E+00  0.0000000E+00  0.0000000E+00
      1100      7  0.1581217E-04 -0.3351129E-05  0.8206715E-04  0.1913237E-04 -0.7039728E-05 -0.4569446E-09
      1100      8  0.3183526E-04 -0.6701514E-05  0.1637904E-03  0.3835069E-04 -0.2479473E-04 -0.1785166E-08
      1100      9  0.4827639E-04 -0.1005300E-04  0.2449201E-03  0.5771791E-04 -0.5325900E-04 -0.3984232E-08
      1100     10  0.6534222E-04 -0.1340725E-04  0.3252034E-03  0.7729607E-04 -0.9242442E-04 -0.7053595E-08
      1100     11 -0.1510096E-02 -0.7985758E-04 -0.1954214E-03  0.3368580E-04 -0.4395867E-03 -0.3245941E-07
      1100     12 -0.1153698E-02 -0.5883652E-04 -0.1451109E-03  0.2550786E-04 -0.2489082E-03 -0.1850383E-07
      1100     13 -0.7792271E-03 -0.3869934E-04 -0.9608304E-04  0.1711921E-04 -0.1121074E-03 -0.8442466E-08
      1100     14 -0.3927444E-03 -0.1918125E-04 -0.4787307E-04  0.8595282E-05 -0.2914230E-04 -0.2274506E-08
      1100     15  0.0000000E+00  0.0000000E+00  0.0000000E+00  0.0000000E+00  0.0000000E+00  0.0000000E+00
      1100     16  0.3934340E-03  0.1913625E-04  0.4802646E-04 -0.8608164E-05 -0.2469713E-04 -0.1619890E-08
      1100     17  0.7820220E-03  0.3852136E-04  0.9669957E-04 -0.1717016E-04 -0.1032806E-03 -0.7136021E-08
      1100     18  0.1160125E-02  0.5844366E-04  0.1465090E-03 -0.2562034E-04 -0.2358277E-03 -0.1655114E-07
      1100     19  0.1521865E-02  0.7917821E-04  0.1979332E-03 -0.3388044E-04 -0.4224462E-03 -0.2986890E-07
      1100     20 -0.1128259E-04  0.2051112E-06  0.3318791E-05 -0.7426254E-06  0.1643135E+00 -0.8738284E-04
      1100     21 -0.8754485E-05  0.1206452E-06  0.2565688E-05 -0.4984011E-06  0.1232233E+00 -0.6554066E-04
      1100     22 -0.5991243E-05  0.5714444E-07  0.1730472E-05 -0.3010128E-06  0.8214700E-01 -0.4369516E-04
      1100     23 -0.3055731E-05  0.1666265E-07  0.8640190E-06 -0.1392713E-06  0.4107558E-01 -0.2184778E-04
      1100     24  0.0000000E+00  0.0000000E+00  0.0000000E+00  0.0000000E+00  0.0000000E+00  0.0000000E+00
      1100     25  0.3131363E-05  0.7099091E-08 -0.8469076E-06  0.1309924E-06 -0.4108878E-01  0.2184672E-04
      1100     26  0.6296619E-05  0.3726243E-07 -0.1681959E-05  0.2680065E-06 -0.8219981E-01  0.4369092E-04
      1100     27  0.9451989E-05  0.8917375E-07 -0.2530599E-05  0.4245537E-06 -0.1233421E+00  0.6553113E-04
      1100     28  0.1254757E-04  0.1607244E-06 -0.3437928E-05  0.6123940E-06 -0.1645249E+00  0.8736588E-04

      1200      0  0.0000000E+00  0.0000000E+00  0.0000000E+00  0.0000000E+00  0.0000000E+00  0.0000000E+00
      1200      1  0.0000000E+00  0.0000000E+00  0.0000000E+00  0.0000000E+00  0.0000000E+00  0.0000000E+00
      1200      2 -0.9874541E-04 -0.1895329E-05  0.4465820E-03 -0.1953892E-04  0.2193050E-05 -0.1559382E-09
      1200      3 -0.7415993E-04 -0.1386154E-05  0.3347139E-03 -0.1493710E-04  0.7218625E-06 -0.8860459E-10
      1200      4 -0.4948268E-04 -0.9083950E-06  0.2230382E-03 -0.1008273E-04 -0.1340800E-06 -0.4017829E-10
      1200      5 -0.2475109E-04 -0.4502782E-06  0.1114898E-03 -0.5071775E-05 -0.3751376E-06 -0.1064751E-10
      1200      6  0.0000000E+00  0.0000000E+00  0.0000000E+00  0.0000000E+00  0.0000000E+00  0.0000000E+00
      1200      7  0.2473702E-04  0.4542605E-06 -0.1115010E-03  0.5036921E-05  0.9942997E-06 -0.8223047E-11
      1200      8  0.4942639E-04  0.9243290E-06 -0.2230821E-03  0.9943345E-05  0.2612368E-05 -0.3530352E-10
      1200      9  0.7403325E-04  0.1422023E-05 -0.3348091E-03  0.1462359E-04  0.4860429E-05 -0.8122787E-10
      1200     10  0.9852013E-04  0.1959140E-05 -0.4467425E-03  0.1898186E-04  0.7746301E-05 -0.1459821E-09
      1200     11  0.2155158E-02 -0.1607311E-04  0.7794177E-04 -0.1727365E-04  0.3424319E-05  0.6937760E-09
      1200     12  0.1611552E-02 -0.1351409E-04  0.5759560E-04 -0.1268327E-04  0.4807768E-06  0.3997158E-09
      1200     13  0.1071782E-02 -0.9684244E-05  0.3798184E-04 -0.8334838E-05 -0.1110687E-05  0.1860039E-09
      1200     14  0.5350262E-03 -0.5030979E-05  0.1885852E-04 -0.4138154E-05 -0.1281657E-05  0.5273962E-10
      1200     15  0.0000000E+00  0.0000000E+00  0.0000000E+00  0.0000000E+00  0.0000000E+00  0.0000000E+00
      1200     16 -0.5348193E-03  0.4963356E-05 -0.1881323E-04  0.4174473E-05  0.2729759E-05  0.2784088E-10
      1200     17 -0.1070969E-02  0.9412501E-05 -0.3780503E-04  0.8480567E-05  0.6866586E-05  0.1362969E-09
      1200     18 -0.1609770E-02  0.1289814E-04 -0.5721400E-04  0.1301281E-04  0.1233366E-04  0.3253803E-09
      1200     19 -0.2152100E-02  0.1496745E-04 -0.7730356E-04  0.1786342E-04  0.1901976E-04  0.5950790E-09
      1200     20  0.8328950E-05 -0.4826577E-06  0.4820060E-05 -0.8490521E-06 -0.6772104E-02 -0.9998534E-04
      1200     21  0.5986334E-05 -0.3556851E-06  0.3383008E-05 -0.6681233E-06 -0.5116291E-02 -0.7498882E-04
      1200     22  0.3829498E-05 -0.2318195E-06  0.2137878E-05 -0.4584751E-06 -0.3428759E-02 -0.4999246E-04
      1200     23  0.1841211E-05 -0.1131245E-06  0.1029359E-05 -0.2319569E-06 -0.1719872E-02 -0.2499620E-04
      1200     24  0.0000000E+00  0.0000000E+00  0.0000000E+00  0.0000000E+00  0.0000000E+00  0.0000000E+00
      1200     25 -0.1710507E-05  0.1082525E-06 -0.1008276E-05  0.2263004E-06  0.1720475E-02  0.2499620E-04
      1200     26 -0.3292949E-05  0.2128577E-06 -0.2053486E-05  0.4360494E-06  0.3431159E-02  0.4999245E-04
      1200     27 -0.4727915E-05  0.3149907E-06 -0.3193128E-05  0.6184841E-06  0.5121645E-02  0.7498881E-04
      1200     28 -0.5965853E-05  0.4151905E-06 -0.4483319E-05  0.7630856E-06  0.6781511E-02  0.9998532E-04

      1300      0  0.0000000E+00  0.0000000E+00  0.0000000E+00  0.0000000E+00  0.0000000E+00  0.0000000E+00
      1300      1  0.0000000E+00  0.0000000E+00  0.0000000E+00  0.0000000E+00  0.0000000E+00  0.0000000E+00
      1300      2 -0.1534807E-04 -0.9417127E-05 -0.2009932E-03  0.1012576E-03  0.9261019E-04 -0.8037966E-08
      1300      3 -0.1197872E-04 -0.7075712E-05 -0.1496195E-03  0.7607321E-04  0.5169675E-04 -0.4537090E-08
      1300      4 -0.8191053E-05 -0.4723475E-05 -0.9924332E-04  0.5077177E-04  0.2263230E-04 -0.2030756E-08
      1300      5 -0.4144715E-05 -0.2363826E-05 -0.4949420E-04  0.2539910E-04  0.5403983E-05 -0.5185324E-09
      1300      6  0.0000000E+00  0.0000000E+00  0.0000000E+00  0.0000000E+00  0.0000000E+00  0.0000000E+00
      1300      7  0.4082611E-05  0.2364852E-05  0.4961184E-04 -0.2538107E-04  0.6409582E-05 -0.4747486E-09
      1300      8  0.7942934E-05  0.4727575E-05  0.9971319E-04 -0.5069949E-04  0.2462299E-04 -0.1942378E-08
      1300      9  0.1142157E-04  0.7084920E-05  0.1506740E-03 -0.7590990E-04  0.5463150E-04 -0.4402499E-08
      1300     10  0.1436039E-04  0.9433455E-05  0.2028613E-03 -0.1009656E-03  0.9642736E-04 -0.7854731E-08
      1300     11 -0.1027818E-02  0.9922272E-04 -0.9304149E-04 -0.6056986E-05  0.4430696E-03 -0.3422770E-07
      1300     12 -0.7439533E-03  0.7520751E-04 -0.7014168E-04 -0.4454562E-05  0.2480291E-03 -0.1899165E-07
      1300     13 -0.4833922E-03  0.5050338E-04 -0.4691084E-04 -0.2915807E-05  0.1091226E-03 -0.8208205E-08
      1300     14 -0.2381426E-03  0.2535991E-04 -0.2348609E-04 -0.1435895E-05  0.2643125E-04 -0.1877743E-08
      1300     15  0.0000000E+00  0.0000000E+00  0.0000000E+00  0.0000000E+00  0.0000000E+00  0.0000000E+00
      1300     16  0.2393271E-03 -0.2536760E-04  0.2341892E-04  0.1411398E-05  0.2983734E-04 -0.2574074E-08
      1300     17  0.4880979E-03 -0.5053566E-04  0.4664505E-04  0.2817129E-05  0.1159156E-03 -0.9598414E-08
      1300     18  0.7544169E-03 -0.7528602E-04  0.6955450E-04  0.4229986E-05  0.2581710E-03 -0.2107082E-07
      1300     19  0.1046102E-02 -0.9937752E-04  0.9202480E-04  0.5651543E-05  0.4565045E-03 -0.3698846E-07
      1300     20 -0.9306666E-06  0.6364719E-06  0.2546133E-05 -0.8100802E-06 -0.1760340E+00 -0.8564623E-04
      1300     21  0.7317236E-07  0.4897676E-06  0.2188407E-05 -0.6013850E-06 -0.1320777E+00 -0.6422725E-04
      1300     22  0.5439070E-06  0.3306225E-06  0.1587192E-05 -0.4034593E-06 -0.8808059E-01 -0.4281429E-04
      1300     23  0.5095266E-06  0.1657285E-06  0.8272839E-06 -0.2042716E-06 -0.4405173E-01 -0.2140574E-04
      1300     24  0.0000000E+00  0.0000000E+00  0.0000000E+00  0.0000000E+00  0.0000000E+00  0.0000000E+00
      1300     25 -0.9613677E-06 -0.1621487E-06 -0.8062122E-06  0.2052443E-06  0.4406567E-01  0.2140454E-04
      1300     26 -0.2354074E-05 -0.3155702E-06 -0.1513326E-05  0.4000026E-06  0.8813636E-01  0.4280949E-04
      1300     27 -0.4145399E-05 -0.4533888E-06 -0.2060585E-05  0.5663697E-06  0.1322031E+00  0.6421646E-04
      1300     28 -0.6266105E-05 -0.5664353E-06 -0.2411501E-05  0.6814152E-06  0.1762570E+00  0.8562707E-04

      1400      0  0.0000000E+00  0.0000000E+00  0.0000000E+00  0.0000000E+00  0.0000000E+00  0.0000000E+00
      1400      1  0.0000000E+00  0.0000000E+00  0.0000000E+00  0.0000000E+00  0.0000000E+00  0.0000000E+00
      1400      2  0.2036324E-03  0.3682044E-05 -0.2035877E-03 -0.9807843E-04  0.1648939E-03 -0.2840972E-07
      1400      3  0.1530590E-03  0.2718424E-05 -0.1538397E-03 -0.7339151E-04  0.9393861E-04 -0.1600473E-07
      1400      4  0.1022177E-03  0.1792559E-05 -0.1030693E-03 -0.4885052E-04  0.4280924E-04 -0.7135565E-08
      1400      5  0.5117638E-04  0.8909644E-06 -0.5166186E-04 -0.2440414E-04  0.1149866E-04 -0.1801066E-08
      1400      6  0.0000000E+00  0.0000000E+00  0.0000000E+00  0.0000000E+00  0.0000000E+00  0.0000000E+00
      1400      7 -0.5124807E-04 -0.8940564E-06  0.5153472E-04  0.2441462E-04  0.8306715E-05 -0.1731047E-08
      1400      8 -0.1025043E-03 -0.1804932E-05  0.1025607E-03  0.4889224E-04  0.3641262E-04 -0.6992805E-08
      1400      9 -0.1537035E-03 -0.2746285E-05  0.1526948E-03  0.7348447E-04  0.8431191E-04 -0.1578379E-07
      1400     10 -0.2047771E-03 -0.3731625E-05  0.2015515E-03  0.9824147E-04  0.1519992E-03 -0.2810243E-07
      1400     11 -0.8895677E-03 -0.1002450E-03  0.1292886E-03 -0.1877285E-04  0.7619642E-03 -0.1278031E-06
      1400     12 -0.6994812E-03 -0.7435963E-04  0.9547640E-04 -0.1484571E-04  0.4276228E-03 -0.7144620E-07
      1400     13 -0.4818667E-03 -0.4916069E-04  0.6287759E-04 -0.1025833E-04  0.1891406E-03 -0.3135986E-07
      1400     14 -0.2457844E-03 -0.2444998E-04  0.3117481E-04 -0.5233906E-05  0.4658653E-04 -0.7544591E-08
      1400     15  0.0000000E+00  0.0000000E+00  0.0000000E+00  0.0000000E+00  0.0000000E+00  0.0000000E+00
      1400     16  0.2468926E-03  0.2443249E-04 -0.3103883E-04  0.5214209E-05  0.4939066E-04 -0.8724739E-08
      1400     17  0.4863347E-03  0.4909308E-04 -0.6233043E-04  0.1018040E-04  0.1947381E-03 -0.3371650E-07
      1400     18  0.7096638E-03  0.7421632E-04 -0.9423311E-04  0.1467362E-04  0.4359919E-03 -0.7497203E-07
      1400     19  0.9079839E-03  0.1000118E-03 -0.1270483E-03  0.1847525E-04  0.7730711E-03 -0.1324871E-06
      1400     20 -0.6333206E-05 -0.4863881E-06  0.3093883E-05 -0.6690059E-06 -0.2978842E+00 -0.4822924E-04
      1400     21 -0.6032529E-05 -0.3227230E-06  0.2006424E-05 -0.4864996E-06 -0.2234556E+00 -0.3615594E-04
      1400     22 -0.4741795E-05 -0.1795535E-06  0.1201209E-05 -0.3151282E-06 -0.1489955E+00 -0.2409527E-04
      1400     23 -0.2659430E-05 -0.6903261E-07  0.5619434E-06 -0.1566804E-06 -0.7450868E-01 -0.1204428E-04
      1400     24  0.0000000E+00  0.0000000E+00  0.0000000E+00  0.0000000E+00  0.0000000E+00  0.0000000E+00
      1400     25  0.3006000E-05  0.2104201E-07 -0.5286923E-06  0.1744548E-06  0.7452573E-01  0.1204052E-04
      1400     26  0.6098469E-05 -0.1019988E-07 -0.1014860E-05  0.3892308E-06  0.1490637E+00  0.2408025E-04
      1400     27  0.8971396E-05 -0.9486179E-07 -0.1394845E-05  0.6638775E-06  0.2236091E+00  0.3612215E-04
      1400     28  0.1126638E-04 -0.2289291E-06 -0.1558162E-05  0.1008518E-05  0.2981570E+00  0.4816919E-04

      1500      0  0.0000000E+00  0.0000000E+00  0.0000000E+00  0.0000000E+00  0.0000000E+00  0.0000000E+00
      1500      1  0.0000000E+00  0.0000000E+00  0.0000000E+00  0.0000000E+00  0.0000000E+00  0.0000000E+00
      1500      2 -0.1338307E-03  0.1408846E-04  0.4271287E-03  0.1502186E-04  0.1744951E-03 -0.5579858E-07
      1500      3 -0.9958471E-04  0.1061270E-04  0.3205088E-03  0.1092301E-04  0.9729850E-04 -0.3141488E-07
      1500      4 -0.6604908E-04  0.7095570E-05  0.2137366E-03  0.7127510E-05  0.4248631E-04 -0.1398857E-07
      1500      5 -0.3294737E-04  0.3552805E-05  0.1068797E-03  0.3523742E-05  0.1005477E-04 -0.3517683E-08
      1500      6  0.0000000E+00  0.0000000E+00  0.0000000E+00  0.0000000E+00  0.0000000E+00  0.0000000E+00
      1500      7  0.3307368E-04 -0.3547313E-05 -0.1068425E-03 -0.3555427E-05  0.1231807E-04 -0.3433037E-08
      1500      8  0.6655337E-04 -0.7073580E-05 -0.2135872E-03 -0.7254162E-05  0.4700490E-04 -0.1381405E-07
      1500      9  0.1007157E-03 -0.1056314E-04 -0.3201694E-03 -0.1120764E-04  0.1040563E-03 -0.3114005E-07
      1500     10  0.1358321E-03 -0.1400016E-04 -0.4265174E-03 -0.1552703E-04  0.1834677E-03 -0.5540778E-07
      1500     11  0.2034179E-02  0.1906751E-04  0.1927157E-04  0.7217609E-04  0.8794853E-03 -0.2548073E-06
      1500     12  0.1531403E-02  0.1258716E-04  0.1961473E-04  0.5467303E-04  0.4943756E-03 -0.1428238E-06
      1500     13  0.1023361E-02  0.7593709E-05  0.1555729E-04  0.3668562E-04  0.2194009E-03 -0.6302802E-07
      1500     14  0.5123399E-03  0.3571377E-05  0.8529779E-05  0.1840466E-04  0.5460360E-04 -0.1542027E-07
      1500     15  0.0000000E+00  0.0000000E+00  0.0000000E+00  0.0000000E+00  0.0000000E+00  0.0000000E+00
      1500     16 -0.5123069E-03 -0.3642507E-05 -0.8550339E-05 -0.1836972E-04  0.5557972E-04 -0.1676593E-07
      1500     17 -0.1023212E-02 -0.7878218E-05 -0.1564706E-04 -0.3654688E-04  0.2213061E-03 -0.6571598E-07
      1500     18 -0.1530999E-02 -0.1322699E-04 -0.1984470E-04 -0.5436471E-04  0.4971170E-03 -0.1468473E-06
      1500     19 -0.2033275E-02 -0.2020316E-04 -0.1974923E-04 -0.7163782E-04  0.8829257E-03 -0.2601562E-06
      1500     20  0.1112210E-04  0.6411002E-07  0.1662110E-06  0.5711220E-06 -0.3394698E+00  0.2184039E-05
      1500     21  0.8622571E-05 -0.3122233E-07  0.3566671E-06  0.3720658E-06 -0.2546117E+00  0.1660323E-05
      1500     22  0.5683893E-05 -0.7450625E-07  0.3360127E-06  0.2210288E-06 -0.1697483E+00  0.1119187E-05
      1500     23  0.2694404E-05 -0.6318572E-07  0.2052907E-06  0.1032933E-06 -0.8487819E-01  0.5644668E-06
      1500     24  0.0000000E+00  0.0000000E+00  0.0000000E+00  0.0000000E+00  0.0000000E+00  0.0000000E+00
      1500     25 -0.2096592E-05  0.1076385E-06 -0.3058693E-06 -0.1038824E-06  0.8488761E-01 -0.5703732E-06
      1500     26 -0.3338685E-05  0.2473928E-06 -0.7842744E-06 -0.2129055E-06  0.1697860E+00 -0.1142809E-05
      1500     27 -0.3532690E-05  0.4012787E-06 -0.1528078E-05 -0.3163697E-06  0.2546965E+00 -0.1713463E-05
      1500     28 -0.2586100E-05  0.5451744E-06 -0.2618069E-05 -0.3862105E-06  0.3396206E+00 -0.2278484E-05

      1600      0  0.0000000E+00  0.0000000E+00  0.0000000E+00  0.0000000E+00  0.0000000E+00  0.0000000E+00
      1600      1  0.0000000E+00  0.0000000E+00  0.0000000E+00  0.0000000E+00  0.0000000E+00  0.0000000E+00
      1600      2 -0.2340668E-03 -0.2145348E-04 -0.2976540E-03  0.7385911E-04  0.1493143E-03 -0.8279433E-07
      1600      3 -0.1770048E-03 -0.1607120E-04 -0.2222078E-03  0.5562460E-04  0.8379402E-04 -0.4659385E-07
      1600      4 -0.1186695E-03 -0.1070597E-04 -0.1476688E-03  0.3718484E-04  0.3707659E-04 -0.2072980E-07
      1600      5 -0.5951664E-04 -0.5351222E-05 -0.7370987E-04  0.1861774E-04  0.9149512E-05 -0.5199552E-08
      1600      6  0.0000000E+00  0.0000000E+00  0.0000000E+00  0.0000000E+00  0.0000000E+00  0.0000000E+00
      1600      7  0.5942801E-04  0.5354873E-05  0.7379309E-04 -0.1859218E-04  0.9614961E-05 -0.5127577E-08
      1600      8  0.1183153E-03  0.1072055E-04  0.1480006E-03 -0.3708250E-04  0.3798099E-04 -0.2057824E-07
      1600      9  0.1762092E-03  0.1610397E-04  0.2229505E-03 -0.5539386E-04  0.8508434E-04 -0.4634747E-07
      1600     10  0.2326558E-03  0.2151160E-04  0.2989647E-03 -0.7344774E-04  0.1509110E-03 -0.8243028E-07
      1600     11 -0.1486290E-02  0.7032465E-04 -0.3360263E-03 -0.7680820E-04  0.7735434E-03 -0.3809930E-06
      1600     12 -0.1090479E-02  0.5410070E-04 -0.2577621E-03 -0.5659042E-04  0.4371869E-03 -0.2138756E-06
      1600     13 -0.7154173E-03  0.3670493E-04 -0.1745371E-03 -0.3722081E-04  0.1961033E-03 -0.9467134E-07
      1600     14 -0.3543354E-03  0.1854573E-04 -0.8807038E-04 -0.1845204E-04  0.5036008E-04 -0.2337972E-07
      1600     15  0.0000000E+00  0.0000000E+00  0.0000000E+00  0.0000000E+00  0.0000000E+00  0.0000000E+00
      1600     16  0.3550274E-03 -0.1857262E-04  0.8808022E-04  0.1843758E-04  0.4504290E-04 -0.2453135E-07
      1600     17  0.7181465E-03 -0.3681501E-04  0.1745800E-03  0.3716275E-04  0.1854869E-03 -0.9697284E-07
      1600     18  0.1096474E-02 -0.5435777E-04  0.2578719E-03  0.5645888E-04  0.4213096E-03 -0.2173234E-06
      1600     19  0.1496585E-02 -0.7080524E-04  0.3362534E-03  0.7657193E-04  0.7524687E-03 -0.3855820E-06
      1600     20 -0.6081200E-05  0.3957057E-06 -0.4869622E-05  0.6876994E-07 -0.2895287E+00  0.5200775E-04
      1600     21 -0.3711040E-05  0.3450511E-06 -0.3552291E-05  0.1342409E-06 -0.2171171E+00  0.3902850E-04
      1600     22 -0.1775897E-05  0.2540852E-06 -0.2305703E-05  0.1303205E-06 -0.1447306E+00  0.2603168E-04
      1600     23 -0.4972271E-06  0.1346543E-06 -0.1135703E-05  0.8069572E-07 -0.7236098E-01  0.1302096E-04
      1600     24  0.0000000E+00  0.0000000E+00  0.0000000E+00  0.0000000E+00  0.0000000E+00  0.0000000E+00
      1600     25 -0.3257963E-06 -0.1355417E-06  0.1167433E-05 -0.1092819E-06  0.7236059E-01 -0.1302753E-04
      1600     26 -0.1433594E-05 -0.2565435E-06  0.2431005E-05 -0.2575407E-06  0.1447291E+00 -0.2605796E-04
      1600     27 -0.3187070E-05 -0.3467320E-06  0.3828624E-05 -0.4664550E-06  0.2171137E+00 -0.3908762E-04
      1600     28 -0.5332699E-05 -0.3899995E-06  0.5348817E-05 -0.7648639E-06  0.2895227E+00 -0.5211285E-04

      1700      0  0.0000000E+00  0.0000000E+00  0.0000000E+00  0.0000000E+00  0.0000000E+00  0.0000000E+00
      1700      1  0.0000000E+00  0.0000000E+00  0.0000000E+00  0.0000000E+00  0.0000000E+00  0.0000000E+00
      1700      2  0.5371623E-03  0.4215668E-05 -0.4773025E-04 -0.9446002E-04  0.8364898E-04 -0.1021227E-06
      1700      3  0.4032436E-03  0.3060053E-05 -0.3722301E-04 -0.7075147E-04  0.4784911E-04 -0.5745276E-07
      1700      4  0.2690123E-03  0.1995029E-05 -0.2546154E-04 -0.4712205E-04  0.2197398E-04 -0.2554445E-07
      1700      5  0.1345676E-03  0.9864586E-06 -0.1290235E-04 -0.2354701E-04  0.6024223E-05 -0.6394740E-08
      1700      6  0.0000000E+00  0.0000000E+00  0.0000000E+00  0.0000000E+00  0.0000000E+00  0.0000000E+00
      1700      7 -0.1346038E-03 -0.9987803E-06  0.1279214E-04  0.2354605E-04  0.3901022E-05 -0.6355908E-08
      1700      8 -0.2691556E-03 -0.2044290E-05  0.2502114E-04  0.4711798E-04  0.1772660E-04 -0.2545747E-07
      1700      9 -0.4035610E-03 -0.3170795E-05  0.3623370E-04  0.7074150E-04  0.4147568E-04 -0.5729903E-07
      1700     10 -0.5377137E-03 -0.4412292E-05  0.4597548E-04  0.9444027E-04  0.7514693E-04 -0.1018742E-06
      1700     11 -0.1310054E-03 -0.9531135E-04  0.5225550E-03 -0.1006333E-04  0.4488153E-03 -0.4723632E-06
      1700     12 -0.1356929E-03 -0.7113011E-04  0.3907926E-03 -0.1011372E-04  0.2531912E-03 -0.2654621E-06
      1700     13 -0.1084788E-03 -0.4723389E-04  0.2598519E-03 -0.7964299E-05  0.1131454E-03 -0.1177689E-06
      1700     14 -0.5981236E-04 -0.2355881E-04  0.1296777E-03 -0.4346481E-05  0.2873283E-04 -0.2928187E-07
      1700     15  0.0000000E+00  0.0000000E+00  0.0000000E+00  0.0000000E+00  0.0000000E+00  0.0000000E+00
      1700     16  0.6074078E-04  0.2356841E-04 -0.1295561E-03  0.4332993E-05  0.2698467E-04 -0.2992325E-07
      1700     17  0.1122017E-03  0.4727332E-04 -0.2593599E-03  0.7912526E-05  0.1097152E-03 -0.1190525E-06
      1700     18  0.1440996E-03  0.7122248E-04 -0.3896649E-03  0.1000549E-04  0.2482092E-03 -0.2673894E-06
      1700     19  0.1460090E-03  0.9548352E-04 -0.5204996E-03  0.9891879E-05  0.4424720E-03 -0.4749366E-06
      1700     20 -0.3463656E-05 -0.4818610E-06 -0.7586639E-06  0.3074224E-06 -0.1614745E+00  0.8780608E-04
      1700     21 -0.3541968E-05 -0.3541779E-06 -0.9065318E-06  0.2324464E-06 -0.1210527E+00  0.6587137E-04
      1700     22 -0.2929943E-05 -0.2243111E-06 -0.7714204E-06  0.1569948E-06 -0.8067546E-01  0.4392401E-04
      1700     23 -0.1713418E-05 -0.1033741E-06 -0.4412330E-06  0.7745626E-07 -0.4032911E-01  0.2196616E-04
      1700     24  0.0000000E+00  0.0000000E+00  0.0000000E+00  0.0000000E+00  0.0000000E+00  0.0000000E+00
      1700     25  0.2082812E-05  0.7887963E-07  0.4853722E-06 -0.6168618E-07  0.4032553E-01 -0.2197232E-04
      1700     26  0.4379292E-05  0.1274991E-06  0.9743219E-06 -0.8902588E-07  0.8066115E-01 -0.4394862E-04
      1700     27  0.6691249E-05  0.1411789E-06  0.1459239E-05 -0.6167941E-07  0.1210205E+00 -0.6592675E-04
      1700     28  0.8763468E-05  0.1168304E-06  0.1969876E-05  0.3852254E-07  0.1614173E+00 -0.8790452E-04

      1800      0  0.0000000E+00  0.0000000E+00  0.0000000E+00  0.0000000E+00  0.0000000E+00  0.0000000E+00
      1800      1  0.0000000E+00  0.0000000E+00  0.0000000E+00  0.0000000E+00  0.0000000E+00  0.0000000E+00
      1800      2 -0.3713899E-03  0.2510856E-04  0.3061800E-03  0.3785229E-04 -0.1941443E-04 -0.1085825E-06
      1800      3 -0.2767296E-03  0.1893399E-04  0.2302292E-03  0.2805313E-04 -0.1185464E-04 -0.6107220E-07
      1800      4 -0.1836908E-03  0.1266916E-04  0.1537485E-03  0.1854864E-04 -0.6102040E-05 -0.2714043E-07
      1800      5 -0.9165587E-04  0.6347010E-05  0.7694031E-04  0.9233033E-05 -0.2151989E-05 -0.6784259E-08
      1800      6  0.0000000E+00  0.0000000E+00  0.0000000E+00  0.0000000E+00  0.0000000E+00  0.0000000E+00
      1800      7  0.9190390E-04 -0.6339652E-05 -0.7687995E-04 -0.9256945E-05  0.3581800E-06 -0.6783153E-08
      1800      8  0.1846796E-03 -0.1263973E-04 -0.1535065E-03 -0.1864414E-04 -0.1073479E-05 -0.2712841E-07
      1800      9  0.2789425E-03 -0.1886777E-04 -0.2296824E-03 -0.2826744E-04 -0.4291339E-05 -0.6102966E-07
      1800     10  0.3752936E-03 -0.2499086E-04 -0.3052024E-03 -0.3823184E-04 -0.9292138E-05 -0.1084800E-06
      1800     11  0.1427611E-02  0.4183528E-04 -0.2820514E-03  0.1302638E-03  0.2279676E-04 -0.5042798E-06
      1800     12  0.1087132E-02  0.2971706E-04 -0.2001087E-03  0.9970681E-04  0.1401070E-04 -0.2836697E-06
      1800     13  0.7322216E-03  0.1902768E-04 -0.1278455E-03  0.6739581E-04  0.7311161E-05 -0.1260881E-06
      1800     14  0.3682846E-03  0.9286808E-05 -0.6221768E-04  0.3396699E-04  0.2655382E-05 -0.3153187E-07
      1800     15  0.0000000E+00  0.0000000E+00  0.0000000E+00  0.0000000E+00  0.0000000E+00  0.0000000E+00
      1800     16 -0.3683001E-03 -0.9333141E-05  0.6211663E-04 -0.3395562E-04 -0.6983857E-06 -0.3149329E-07
      1800     17 -0.7322409E-03 -0.1921175E-04  0.1274346E-03 -0.6735229E-04  0.5170475E-06 -0.1260146E-06
      1800     18 -0.1087011E-02 -0.3012624E-04  0.1991598E-03 -0.9961622E-04  0.3603420E-05 -0.2835688E-06
      1800     19 -0.1426974E-02 -0.4254937E-04  0.2803069E-03 -0.1301208E-03  0.8518099E-05 -0.5041628E-06
      1800     20  0.8866503E-05 -0.2364445E-06 -0.2648811E-05  0.1951264E-05  0.1016675E-01  0.9991634E-04
      1800     21  0.7063661E-05 -0.1770177E-06 -0.2087697E-05  0.1404697E-05  0.7679136E-02  0.7494557E-04
      1800     22  0.4851068E-05 -0.1159344E-06 -0.1469451E-05  0.9075464E-06  0.5145086E-02  0.4996935E-04
      1800     23  0.2439293E-05 -0.5622310E-07 -0.7744357E-06  0.4454887E-06  0.2580181E-02  0.2498753E-04
      1800     24  0.0000000E+00  0.0000000E+00  0.0000000E+00  0.0000000E+00  0.0000000E+00  0.0000000E+00
      1800     25 -0.2315444E-05  0.5138848E-07  0.8459883E-06 -0.4491760E-06 -0.2579879E-02 -0.2499337E-04
      1800     26 -0.4353801E-05  0.9712085E-07  0.1749737E-05 -0.9219592E-06 -0.5143874E-02 -0.4999272E-04
      1800     27 -0.5938029E-05  0.1366201E-06  0.2694114E-05 -0.1435786E-05 -0.7676398E-02 -0.7499817E-04
      1800     28 -0.6849425E-05  0.1692782E-06  0.3659401E-05 -0.2002935E-05 -0.1016185E-01 -0.1000098E-03

      1900      0  0.0000000E+00  0.0000000E+00  0.0000000E+00  0.0000000E+00  0.0000000E+00  0.0000000E+00
      1900      1  0.0000000E+00  0.0000000E+00  0.0000000E+00  0.0000000E+00  0.0000000E+00  0.0000000E+00
      1900      2 -0.2357541E-03 -0.3699167E-04 -0.2864908E-03  0.3794356E-04 -0.1058760E-03 -0.1004068E-06
      1900      3 -0.1801336E-03 -0.2771486E-04 -0.2141893E-03  0.2874222E-04 -0.5951794E-04 -0.5645812E-07
      1900      4 -0.1216480E-03 -0.1846313E-04 -0.1424771E-03  0.1928979E-04 -0.2641823E-04 -0.2507580E-07
      1900      5 -0.6127779E-04 -0.9227984E-05 -0.7115041E-04  0.9678677E-05 -0.6578429E-05 -0.6257503E-08
      1900      6  0.0000000E+00  0.0000000E+00  0.0000000E+00  0.0000000E+00  0.0000000E+00  0.0000000E+00
      1900      7  0.6121083E-04  0.9230711E-05  0.7118566E-04 -0.9655736E-05 -0.6684255E-05 -0.6299236E-08
      1900      8  0.1213810E-03  0.1847399E-04  0.1426169E-03 -0.1919803E-04 -0.2663237E-04 -0.2515031E-07
      1900      9  0.1795364E-03  0.2773915E-04  0.2144992E-03 -0.2853577E-04 -0.5984535E-04 -0.5654746E-07
      1900     10  0.2347008E-03  0.3703445E-04  0.2870304E-03 -0.3757657E-04 -0.1063241E-03 -0.1004841E-06
      1900     11 -0.1411420E-02  0.3385246E-04 -0.3109465E-03 -0.1656664E-03 -0.3926237E-03 -0.4681516E-06
      1900     12 -0.1043473E-02  0.2698182E-04 -0.2483066E-03 -0.1230913E-03 -0.2175767E-03 -0.2635962E-06
      1900     13 -0.6881784E-03  0.1873967E-04 -0.1726801E-03 -0.8146003E-04 -0.9380977E-04 -0.1173883E-06
      1900     14 -0.3418283E-03  0.9597972E-05 -0.8847786E-04 -0.4053924E-04 -0.2129378E-04 -0.2952333E-07
      1900     15  0.0000000E+00  0.0000000E+00  0.0000000E+00  0.0000000E+00  0.0000000E+00  0.0000000E+00
      1900     16  0.3420669E-03 -0.9626813E-05  0.8851467E-04  0.4053381E-04 -0.2989700E-04 -0.2881972E-07
      1900     17  0.6891110E-03 -0.1885674E-04  0.1728274E-03  0.8143732E-04 -0.1109480E-03 -0.1159869E-06
      1900     18  0.1045491E-02 -0.2725148E-04  0.2486375E-03  0.1230363E-03 -0.2431085E-03 -0.2615090E-06
      1900     19  0.1414814E-02 -0.3434689E-04  0.3115320E-03  0.1655585E-03 -0.4263255E-03 -0.4653964E-06
      1900     20  0.7338867E-06  0.2249261E-06 -0.8492889E-05  0.7342837E-06  0.1790633E+00  0.8506753E-04
      1900     21 -0.2313292E-08  0.2199937E-06 -0.6119186E-05  0.4721733E-06  0.1343385E+00  0.6380142E-04
      1900     22 -0.4363766E-06  0.1703206E-06 -0.3918870E-05  0.2642328E-06  0.8957749E-01  0.4253642E-04
      1900     23 -0.4477253E-06  0.9221439E-07 -0.1888923E-05  0.1074088E-06  0.4479356E-01  0.2127010E-04
      1900     24  0.0000000E+00  0.0000000E+00  0.0000000E+00  0.0000000E+00  0.0000000E+00  0.0000000E+00
      1900     25  0.8666865E-06 -0.9420372E-07  0.1786313E-05 -0.5621320E-07 -0.4478990E-01 -0.2127631E-04
      1900     26  0.2037539E-05 -0.1802997E-06  0.3502215E-05 -0.5582909E-07 -0.8956286E-01 -0.4256128E-04
      1900     27  0.3318381E-05 -0.2500549E-06  0.5161416E-05  0.8364728E-08 -0.1343056E+00 -0.6385734E-04
      1900     28  0.4428737E-05 -0.2973180E-06  0.6751168E-05  0.1416600E-06 -0.1790047E+00 -0.8516696E-04

      2000      0  0.0000000E+00  0.0000000E+00  0.0000000E+00  0.0000000E+00  0.0000000E+00  0.0000000E+00
      2000      1  0.0000000E+00  0.0000000E+00  0.0000000E+00  0.0000000E+00  0.0000000E+00  0.0000000E+00
      2000      2  0.7739524E-03  0.1453803E-04  0.6013086E-04 -0.6732890E-04 -0.1687077E-03 -0.7980853E-07
      2000      3  0.5817231E-03  0.1073388E-04  0.4380607E-04 -0.5048901E-04 -0.9440571E-04 -0.4486139E-07
      2000      4  0.3883796E-03  0.7080922E-05  0.2860520E-04 -0.3365320E-04 -0.4152792E-04 -0.1991212E-07
      2000      5  0.1943387E-03  0.3522119E-05  0.1413431E-04 -0.1682350E-04 -0.1006315E-04 -0.4959123E-08
      2000      6  0.0000000E+00  0.0000000E+00  0.0000000E+00  0.0000000E+00  0.0000000E+00  0.0000000E+00
      2000      7 -0.1942443E-03 -0.3543053E-05 -0.1419046E-04  0.1681811E-04 -0.1132689E-04 -0.5031610E-08
      2000      8 -0.3879984E-03 -0.7164513E-05 -0.2882905E-04  0.3363147E-04 -0.4403194E-04 -0.2005004E-07
      2000      9 -0.5808520E-03 -0.1092142E-04 -0.4430695E-04  0.5043959E-04 -0.9810295E-04 -0.4505061E-07
      2000     10 -0.7723702E-03 -0.1487006E-04 -0.6101434E-04  0.6723974E-04 -0.1735273E-03 -0.8002787E-07
      2000     11  0.3670351E-03 -0.6703655E-04  0.7861096E-03  0.5505716E-04 -0.7204891E-03 -0.3737643E-06
      2000     12  0.2439726E-03 -0.5036988E-04  0.5944412E-03  0.3681881E-04 -0.4061763E-03 -0.2106853E-06
      2000     13  0.1476229E-03 -0.3360769E-04  0.3983484E-03  0.2239182E-04 -0.1813233E-03 -0.9403428E-07
      2000     14  0.6923689E-04 -0.1681192E-04  0.1997239E-03  0.1054457E-04 -0.4593623E-04 -0.2380640E-07
      2000     15  0.0000000E+00  0.0000000E+00  0.0000000E+00  0.0000000E+00  0.0000000E+00  0.0000000E+00
      2000     16 -0.6892798E-04  0.1683253E-04 -0.1996213E-03 -0.1053853E-04 -0.4348008E-04 -0.2261685E-07
      2000     17 -0.1464060E-03  0.3368927E-04 -0.3979334E-03 -0.2236483E-04 -0.1763252E-03 -0.9166219E-07
      2000     18 -0.2413084E-03  0.5054984E-04 -0.5934903E-03 -0.3674762E-04 -0.3984709E-03 -0.2071447E-06
      2000     19 -0.3624965E-03  0.6734626E-04 -0.7843791E-03 -0.5490463E-04 -0.7098447E-03 -0.3690765E-06
      2000     20 -0.3143413E-05 -0.8825824E-07  0.1736709E-06 -0.7486786E-06  0.2996271E+00  0.4727018E-04
      2000     21 -0.3065103E-05 -0.1131622E-06  0.5171711E-06 -0.4466799E-06  0.2247462E+00  0.3544732E-04
      2000     22 -0.2224729E-05 -0.1081680E-06  0.5692280E-06 -0.2134776E-06  0.1498432E+00  0.2363090E-04
      2000     23 -0.1077534E-05 -0.6903908E-07  0.3831191E-06 -0.6330453E-07  0.7492546E-01  0.1181657E-04
      2000     24  0.0000000E+00  0.0000000E+00  0.0000000E+00  0.0000000E+00  0.0000000E+00  0.0000000E+00
      2000     25  0.7463289E-06  0.8846903E-07 -0.5555840E-06 -0.2410228E-07 -0.7492597E-01 -0.1182314E-04
      2000     26  0.1037195E-05  0.1816364E-06 -0.1266137E-05 -0.1379765E-06 -0.1498453E+00 -0.2365718E-04
      2000     27  0.9043723E-06  0.2623805E-06 -0.2102056E-05 -0.3477574E-06 -0.2247508E+00 -0.3550647E-04
      2000     28  0.5534329E-06  0.3133174E-06 -0.2998899E-05 -0.6612915E-06 -0.2996352E+00 -0.4737534E-04
