# number of rays:      29
# iteration   ray    X              A              Y              B              T              D
         0      0  0.0000000E+00  0.0000000E+00  0.0000000E+00  0.0000000E+00  0.0000000E+00  0.0000000E+00
         0      1  0.0000000E+00  0.0000000E+00  0.0000000E+00  0.0000000E+00  0.0000000E+00  0.0000000E+00
         0      2 -0.1000000E-02  0.0000000E+00  0.0000000E+00  0.0000000E+00  0.0000000E+00  0.0000000E+00
         0      3 -0.7500000E-03  0.0000000E+00  0.0000000E+00  0.0000000E+00  0.0000000E+00  0.0000000E+00
         0      4 -0.5000000E-03  0.0000000E+00  0.0000000E+00  0.0000000E+00  0.0000000E+00  0.0000000E+00
         0      5 -0.2500000E-03  0.0000000E+00  0.0000000E+00  0.0000000E+00  0.0000000E+00  0.0000000E+00
         0      6  0.0000000E+00  0.0000000E+00  0.0000000E+00  0.0000000E+00  0.0000000E+00  0.0000000E+00
         0      7  0.2500000E-03  0.0000000E+00  0.0000000E+00  0.0000000E+00  0.0000000E+00  0.0000000E+00
         0      8  0.5000000E-03  0.0000000E+00  0.0000000E+00  0.0000000E+00  0.0000000E+00  0.0000000E+00
         0      9  0.7500000E-03  0.0000000E+00  0.0000000E+00  0.0000000E+00  0.0000000E+00  0.0000000E+00
         0     10  0.1000000E-02  0.0000000E+00  0.0000000E+00  0.0000000E+00  0.0000000E+00  0.0000000E+00
         0     11  0.0000000E+00  0.0000000E+00 -0.1000000E-02  0.0000000E+00  0.0000000E+00  0.0000000E+00
         0     12  0.0000000E+00  0.0000000E+00 -0.7500000E-03  0.0000000E+00  0.0000000E+00  0.0000000E+00
         0     13  0.0000000E+00  0.0000000E+00 -0.5000000E-03  0.0000000E+00  0.0000000E+00  0.0000000E+00
         0     14  0.0000000E+00  0.0000000E+00 -0.2500000E-03  0.0000000E+00  0.0000000E+00  0.0000000E+00
         0     15  0.0000000E+00  0.0000000E+00  0.0000000E+00  0.0000000E+00  0.0000000E+00  0.0000000E+00
         0     16  0.0000000E+00  0.0000000E+00  0.2500000E-03  0.0000000E+00  0.0000000E+00  0.0000000E+00
         0     17  0.0000000E+00  0.0000000E+00  0.5000000E-03  0.0000000E+00  0.0000000E+00  0.0000000E+00
         0     18  0.0000000E+00  0.0000000E+00  0.7500000E-03  0.0000000E+00  0.0000000E+00  0.0000000E+00
         0     19  0.0000000E+00  0.0000000E+00  0.1000000E-02  0.0000000E+00  0.0000000E+00  0.0000000E+00
         0     20  0.0000000E+00  0.0000000E+00  0.0000000E+00  0.0000000E+00  0.0000000E+00 -0.1000000E-03
         0     21  0.0000000E+00  0.0000000E+00  0.0000000E+00  0.0000000E+00  0.0000000E+00 -0.7500000E-04
         0     22  0.0000000E+00  0.0000000E+00  0.0000000E+00  0.0000000E+00  0.0000000E+00 -0.5000000E-04
         0     23  0.0000000E+00  0.0000000E+00  0.0000000E+00  0.0000000E+00  0.0000000E+00 -0.2500000E-04
         0     24  0.0000000E+00  0.0000000E+00  0.0000000E+00  0.0000000E+00  0.0000000E+00  0.0000000E+00
         0     25  0.0000000E+00  0.0000000E+00  0.0000000E+00  0.0000000E+00  0.0000000E+00  0.2500000E-04
         0     26  0.0000000E+00  0.0000000E+00  0.0000000E+00  0.0000000E+00  0.0000000E+00  0.5000000E-04
         0     27  0.0000000E+00  0.0000000E+00  0.0000000E+00  0.0000000E+00  0.0000000E+00  0.7500000E-04
         0     28  0.0000000E+00  0.0000000E+00  0.0000000E+00  0.0000000E+00  0.0000000E+00  0.1000000E-03

       100      0  0.0000000E+00  0.0000000E+00  0.0000000E+00  0.0000000E+00  0.0000000E+00  0.0000000E+00
       100      1  0.0000000E+00  0.0000000E+00  0.0000000E+00  0.0000000E+00  0.0000000E+00  0.0000000E+00
       100      2  0.5816301E-03 -0.4221833E-04  0.4719842E-04  0.1620588E-04 -0.3655058E-06 -0.1045314E-09
       100      3  0.4362292E-03 -0.3165915E-04  0.3539760E-04  0.1215446E-04 -0.2964344E-06 -0.7427653E-10
       100      4  0.2908231E-03 -0.2110307E-04  0.2359741E-04  0.8102970E-05 -0.2124797E-06 -0.4676973E-10
       100      5  0.1454131E-03 -0.1055004E-04  0.1179813E-04  0.4051461E-05 -0.1136619E-06 -0.2201092E-10
       100      6  0.0000000E+00  0.0000000E+00  0.0000000E+00  0.0000000E+00  0.0000000E+00  0.0000000E+00
       100      7 -0.1454151E-03  0.1054708E-04 -0.1179671E-04 -0.4051353E-05  0.1284874E-06  0.1926312E-10
       100      8 -0.2908311E-03  0.2109126E-04 -0.2359175E-04 -0.8102535E-05  0.2717828E-06  0.3577853E-10
       100      9 -0.4362471E-03  0.3163258E-04 -0.3538486E-04 -0.1215349E-04  0.4298695E-06  0.4954633E-10
       100     10 -0.5816620E-03  0.4217108E-04 -0.4717578E-04 -0.1620414E-04  0.6027315E-06  0.6056660E-10
       100     11  0.2262702E-03  0.1616911E-04  0.6000197E-03 -0.1959980E-03 -0.4840721E-05  0.1370991E-08
       100     12  0.1697102E-03  0.1213371E-04  0.4500298E-03 -0.1470023E-03 -0.3660147E-05  0.1024242E-08
       100     13  0.1131451E-03  0.8093679E-05  0.3000264E-03 -0.9800486E-04 -0.2459789E-05  0.6801564E-09
       100     14  0.5657501E-04  0.4049082E-05  0.1500146E-03 -0.4900442E-04 -0.1239716E-05  0.3387400E-09
       100     15  0.0000000E+00  0.0000000E+00  0.0000000E+00  0.0000000E+00  0.0000000E+00  0.0000000E+00
       100     16 -0.5657973E-04 -0.4053491E-05 -0.1500123E-03  0.4900947E-04  0.1259283E-05 -0.3360566E-09
       100     17 -0.1131640E-03 -0.8111312E-05 -0.3000168E-03  0.9802505E-04  0.2538054E-05 -0.6694229E-09
       100     18 -0.1697526E-03 -0.1217338E-04 -0.4500083E-03  0.1470478E-03  0.3836232E-05 -0.1000092E-08
       100     19 -0.2263454E-03 -0.1623963E-04 -0.5999815E-03  0.1960787E-03  0.5153731E-05 -0.1328057E-08
       100     20  0.1346650E-05  0.1075215E-06  0.3200850E-05 -0.2158832E-05 -0.1703199E+00 -0.8664959E-04
       100     21  0.9879446E-06  0.8422781E-07  0.2397137E-05 -0.1619140E-05 -0.1277393E+00 -0.6498716E-04
       100     22  0.6439586E-06  0.5854328E-07  0.1595757E-05 -0.1079437E-05 -0.8515915E-01 -0.4332477E-04
       100     23  0.3146557E-06  0.3046750E-07  0.7967104E-06 -0.5397230E-06 -0.4257937E-01 -0.2166239E-04
       100     24  0.0000000E+00  0.0000000E+00  0.0000000E+00  0.0000000E+00  0.0000000E+00  0.0000000E+00
       100     25 -0.3000443E-06 -0.3285967E-07 -0.7943725E-06  0.5397317E-06  0.4257898E-01  0.2166243E-04
       100     26 -0.5855133E-06 -0.6811198E-07 -0.1586405E-05  0.1079471E-05  0.8515757E-01  0.4332490E-04
       100     27 -0.8564427E-06 -0.1057574E-06 -0.2376094E-05  0.1619218E-05  0.1277358E+00  0.6498746E-04
       100     28 -0.1112868E-05 -0.1457963E-06 -0.3163438E-05  0.2158970E-05  0.1703136E+00  0.8665011E-04

       200      0  0.0000000E+00  0.0000000E+00  0.0000000E+00  0.0000000E+00  0.0000000E+00  0.0000000E+00
       200      1  0.0000000E+00  0.0000000E+00  0.0000000E+00  0.0000000E+00  0.0000000E+00  0.0000000E+00
       200      2  0.3023943E-03  0.4768931E-04 -0.1097272E-03 -0.9892547E-06  0.1718774E-05 -0.1791164E-09
       200      3  0.2266138E-03  0.3576881E-04 -0.8229641E-04 -0.7458679E-06  0.1285169E-05 -0.1272797E-09
       200      4  0.1509566E-03  0.2384707E-04 -0.5486442E-04 -0.4998439E-06  0.8541644E-06 -0.8014821E-10
       200      5  0.7541957E-04  0.1192412E-04 -0.2743202E-04 -0.2512117E-06  0.4257708E-06 -0.3772171E-10
       200      6  0.0000000E+00  0.0000000E+00  0.0000000E+00  0.0000000E+00  0.0000000E+00  0.0000000E+00
       200      7 -0.7530501E-04 -0.1192528E-04  0.2743085E-04  0.2537620E-06 -0.4231364E-06  0.3301714E-10
       200      8 -0.1504983E-03 -0.2385168E-04  0.5485973E-04  0.5100451E-06 -0.8436264E-06  0.6132997E-10
       200      9 -0.2255828E-03 -0.3577919E-04  0.8228588E-04  0.7688198E-06 -0.1261458E-05  0.8493878E-10
       200     10 -0.3005613E-03 -0.4770777E-04  0.1097085E-03  0.1030057E-05 -0.1676619E-05  0.1038439E-09
       200     11 -0.5247707E-03 -0.1042452E-05  0.2584012E-03  0.2284063E-03 -0.1625606E-04  0.2364519E-08
       200     12 -0.3938573E-03 -0.7760858E-06  0.1938225E-03  0.1712978E-03 -0.1229066E-04  0.1766045E-08
       200     13 -0.2627547E-03 -0.5133120E-06  0.1292383E-03  0.1141934E-03 -0.8259576E-05  0.1172459E-08
       200     14 -0.1314675E-03 -0.2544953E-06  0.6463525E-04  0.5709381E-04 -0.4162719E-05  0.5837729E-09
       200     15  0.0000000E+00  0.0000000E+00  0.0000000E+00  0.0000000E+00  0.0000000E+00  0.0000000E+00
       200     16  0.1316432E-03  0.2498093E-06 -0.6468087E-04 -0.5708720E-04  0.4228672E-05 -0.5788478E-09
       200     17  0.2634577E-03  0.4945680E-06 -0.1294208E-03 -0.1141669E-03  0.8523391E-05 -0.1152758E-08
       200     18  0.3954389E-03  0.7339113E-06 -0.1942330E-03 -0.1712383E-03  0.1288425E-04 -0.1721720E-08
       200     19  0.5275824E-03  0.9674742E-06 -0.2591312E-03 -0.2283006E-03  0.1731135E-04 -0.2285720E-08
       200     20 -0.2061882E-05  0.1212954E-06  0.6652189E-05  0.2431557E-06 -0.2947153E+00 -0.4993672E-04
       200     21 -0.1594189E-05  0.9014284E-07  0.4990482E-05  0.1812100E-06 -0.2210350E+00 -0.3745182E-04
       200     22 -0.1094661E-05  0.5954361E-07  0.3327884E-05  0.1200320E-06 -0.1473558E+00 -0.2496757E-04
       200     23 -0.5632739E-06  0.2949644E-07  0.1664391E-05  0.5962695E-07 -0.7367755E-01 -0.1248371E-04
       200     24  0.0000000E+00  0.0000000E+00  0.0000000E+00  0.0000000E+00  0.0000000E+00  0.0000000E+00
       200     25  0.5951872E-06 -0.2894705E-07 -0.1665292E-05 -0.5884355E-07  0.7367705E-01  0.1248382E-04
       200     26  0.1222315E-05 -0.5734611E-07 -0.3331488E-05 -0.1168983E-06  0.1473538E+00  0.2496799E-04
       200     27  0.1881410E-05 -0.8519861E-07 -0.4998593E-05 -0.1741588E-06  0.2210305E+00  0.3745278E-04
       200     28  0.2572500E-05 -0.1125060E-06 -0.6666610E-05 -0.2306193E-06  0.2947073E+00  0.4993842E-04

       300      0  0.0000000E+00  0.0000000E+00  0.0000000E+00  0.0000000E+00  0.0000000E+00  0.0000000E+00
       300      1  0.0000000E+00  0.0000000E+00  0.0000000E+00  0.0000000E+00  0.0000000E+00  0.0000000E+00
       300      2 -0.8851568E-03 -0.1330194E-04  0.5704475E-04 -0.3587012E-04  0.9805749E-07 -0.2087348E-09
       300      3 -0.6638344E-03 -0.9977495E-05  0.4279736E-04 -0.2690007E-04  0.1350798E-06 -0.1481556E-09
       300      4 -0.4425356E-03 -0.6652235E-05  0.2854006E-04 -0.1793160E-04  0.1310732E-06 -0.9317353E-10
       300      5 -0.2212582E-03 -0.3326344E-05  0.1427392E-04 -0.8964862E-05  0.8604434E-07 -0.4378844E-10
       300      6  0.0000000E+00  0.0000000E+00  0.0000000E+00  0.0000000E+00  0.0000000E+00  0.0000000E+00
       300      7  0.2212410E-03  0.3326619E-05 -0.1428062E-04  0.8962844E-05 -0.1270530E-06  0.3819216E-10
       300      8  0.4424670E-03  0.6653334E-05 -0.2856686E-04  0.1792353E-04 -0.2951077E-06  0.7078846E-10
       300      9  0.6636801E-03  0.9979968E-05 -0.4285766E-04  0.2688191E-04 -0.5041572E-06  0.9778940E-10
       300     10  0.8848824E-03  0.1330634E-04 -0.5715194E-04  0.3583784E-04 -0.7541944E-06  0.1191955E-09
       300     11  0.2743325E-03 -0.3588369E-04 -0.8626360E-03 -0.7782901E-04  0.1240079E-04  0.2752244E-08
       300     12  0.2056919E-03 -0.2690716E-04 -0.6469773E-03 -0.5837678E-04  0.9076841E-05  0.2054986E-08
       300     13  0.1370781E-03 -0.1793456E-04 -0.4313237E-03 -0.3891826E-04  0.5901951E-05  0.1363850E-08
       300     14  0.6850839E-04 -0.8965602E-05 -0.2156673E-03 -0.1945786E-04  0.2876284E-05  0.6788497E-09
       300     15  0.0000000E+00  0.0000000E+00  0.0000000E+00  0.0000000E+00  0.0000000E+00  0.0000000E+00
       300     16 -0.6842986E-04  0.8962541E-05  0.2156860E-03  0.1945090E-04 -0.2726738E-05 -0.6726851E-09
       300     17 -0.1367639E-03  0.1792231E-04  0.4313987E-03  0.3889043E-04 -0.5303768E-05 -0.1339192E-08
       300     18 -0.2049850E-03  0.2687960E-04  0.6471461E-03  0.5831417E-04 -0.7730926E-05 -0.1999506E-08
       300     19 -0.2730758E-03  0.3583470E-04  0.8629361E-03  0.7771770E-04 -0.1000805E-04 -0.2653615E-08
       300     20 -0.1378512E-05 -0.2406386E-06 -0.4909160E-05  0.4906856E-06 -0.3396492E+00  0.2378089E-06
       300     21 -0.9913578E-06 -0.1814320E-06 -0.3677469E-05  0.3699176E-06 -0.2547327E+00  0.1807013E-06
       300     22 -0.6325630E-06 -0.1215910E-06 -0.2448677E-05  0.2478758E-06 -0.1698197E+00  0.1215353E-06
       300     23 -0.3021149E-06 -0.6111417E-07 -0.1222836E-05  0.1245676E-06 -0.8490917E-01  0.6105398E-07
       300     24  0.0000000E+00  0.0000000E+00  0.0000000E+00  0.0000000E+00  0.0000000E+00  0.0000000E+00
       300     25  0.2737957E-06  0.6175290E-07  0.1219779E-05 -0.1258199E-06  0.8490889E-01 -0.6088388E-07
       300     26  0.5192867E-06  0.1241460E-06  0.2436446E-05 -0.2528853E-06  0.1698186E+00 -0.1208549E-06
       300     27  0.7364883E-06  0.1871807E-06  0.3649949E-05 -0.3811895E-06  0.2547301E+00 -0.1791705E-06
       300     28  0.9254160E-06  0.2508584E-06  0.4860233E-05 -0.5107256E-06  0.3396446E+00 -0.2350877E-06

       400      0  0.0000000E+00  0.0000000E+00  0.0000000E+00  0.0000000E+00  0.0000000E+00  0.0000000E+00
       400      1  0.0000000E+00  0.0000000E+00  0.0000000E+00  0.0000000E+00  0.0000000E+00  0.0000000E+00
       400      2  0.7050079E-03 -0.2895753E-04  0.1219518E-03  0.4988367E-04 -0.3566967E-05 -0.1845825E-09
       400      3  0.5287615E-03 -0.2171088E-04  0.9144309E-04  0.3741580E-04 -0.2610037E-05 -0.1308780E-09
       400      4  0.3525102E-03 -0.1446924E-04  0.6094844E-04  0.2494563E-04 -0.1696548E-05 -0.8221280E-10
       400      5  0.1762558E-03 -0.7232361E-05  0.3046753E-04  0.1247357E-04 -0.8265267E-06 -0.3858685E-10
       400      6  0.0000000E+00  0.0000000E+00  0.0000000E+00  0.0000000E+00  0.0000000E+00  0.0000000E+00
       400      7 -0.1762557E-03  0.7228087E-05 -0.3045450E-04 -0.1247467E-04  0.7830087E-06  0.3354800E-10
       400      8 -0.3525095E-03  0.1445215E-04 -0.6089633E-04 -0.2495005E-04  0.1522478E-05  0.6205751E-10
       400      9 -0.5287599E-03  0.2167242E-04 -0.9132584E-04 -0.3742574E-04  0.2218388E-05  0.8552904E-10
       400     10 -0.7050052E-03  0.2888916E-04 -0.1217434E-03 -0.4990134E-04  0.2870721E-05  0.1039632E-09
       400     11  0.5850641E-03  0.4985360E-04  0.7527253E-03 -0.1192261E-03  0.4652095E-05  0.2376595E-08
       400     12  0.4386302E-03  0.3739931E-04  0.5645377E-03 -0.8940851E-04  0.3231678E-05  0.1773317E-08
       400     13  0.2923226E-03  0.2493839E-04  0.3763466E-03 -0.5960175E-04  0.1982986E-05  0.1176116E-08
       400     14  0.1461198E-03  0.1247167E-04  0.1881636E-03 -0.2980064E-04  0.9058291E-06  0.5850062E-09
       400     15  0.0000000E+00  0.0000000E+00  0.0000000E+00  0.0000000E+00  0.0000000E+00  0.0000000E+00
       400     16 -0.1460584E-03 -0.1247580E-04 -0.1881327E-03  0.2980537E-04 -0.7347256E-06 -0.5788906E-09
       400     17 -0.2920773E-03 -0.2495487E-04 -0.3762231E-03  0.5962065E-04 -0.1298589E-05 -0.1151654E-08
       400     18 -0.4380781E-03 -0.3743639E-04 -0.5642597E-03  0.8945105E-04 -0.1691851E-05 -0.1718279E-08
       400     19 -0.5840828E-03 -0.4991950E-04 -0.7522314E-03  0.1193018E-03 -0.1914788E-05 -0.2278755E-08
       400     20  0.5897733E-05  0.1091961E-06 -0.6939691E-06 -0.7147097E-06 -0.2930111E+00  0.5034826E-04
       400     21  0.4403057E-05  0.8453929E-07 -0.5314505E-06 -0.5367288E-06 -0.2197488E+00  0.3776452E-04
       400     22  0.2921892E-05  0.5812180E-07 -0.3615962E-06 -0.3582855E-06 -0.1464946E+00  0.2517788E-04
       400     23  0.1454214E-05  0.2994241E-07 -0.1844361E-06 -0.1793769E-06 -0.7324593E-01  0.1258936E-04
       400     24  0.0000000E+00  0.0000000E+00  0.0000000E+00  0.0000000E+00  0.0000000E+00  0.0000000E+00
       400     25 -0.1440779E-05 -0.3170643E-07  0.1916827E-06  0.1798480E-06  0.7324594E-01 -0.1258917E-04
       400     26 -0.2868151E-05 -0.6517775E-07  0.3905831E-06  0.3601702E-06  0.1464946E+00 -0.2517711E-04
       400     27 -0.4282150E-05 -0.1004147E-06  0.5966726E-06  0.5409695E-06  0.2197488E+00 -0.3776280E-04
       400     28 -0.5682809E-05 -0.1374180E-06  0.8099231E-06  0.7222489E-06  0.2930112E+00 -0.5034520E-04

       500      0  0.0000000E+00  0.0000000E+00  0.0000000E+00  0.0000000E+00  0.0000000E+00  0.0000000E+00
       500      1  0.0000000E+00  0.0000000E+00  0.0000000E+00  0.0000000E+00  0.0000000E+00  0.0000000E+00
       500      2  0.1089665E-04  0.4246247E-04 -0.2678175E-03 -0.1137241E-04  0.2310439E-05 -0.1036517E-09
       500      3  0.7997558E-05  0.3184665E-04 -0.2008536E-03 -0.8540254E-05  0.1793162E-05 -0.7318995E-10
       500      4  0.5218965E-05  0.2123103E-04 -0.1338951E-03 -0.5700477E-05  0.1235642E-05 -0.4576068E-10
       500      5  0.2555052E-05  0.1061552E-04 -0.6694344E-04 -0.2853565E-05  0.6379105E-06 -0.2136402E-10
       500      6  0.0000000E+00  0.0000000E+00  0.0000000E+00  0.0000000E+00  0.0000000E+00  0.0000000E+00
       500      7 -0.2452009E-05 -0.1061562E-04  0.6693382E-04  0.2859734E-05 -0.6780558E-06  0.1833153E-10
       500      8 -0.4806789E-05 -0.2123145E-04  0.1338566E-03  0.5725152E-05 -0.1396223E-05  0.3363087E-10
       500      9 -0.7070153E-05 -0.3184758E-04  0.2007670E-03  0.8595772E-05 -0.2154466E-05  0.4589849E-10
       500     10 -0.9247913E-05 -0.4246413E-04  0.2676637E-03  0.1147111E-04 -0.2952751E-05  0.5513501E-10
       500     11 -0.1283398E-02 -0.1144728E-04 -0.9480905E-04  0.1992739E-03  0.9402833E-06  0.1361176E-08
       500     12 -0.9626867E-03 -0.8584571E-05 -0.7110065E-04  0.1494365E-03  0.4765958E-06  0.1014243E-08
       500     13 -0.6418812E-03 -0.5720926E-05 -0.4737754E-04  0.9961223E-04  0.1650994E-06  0.6717300E-09
       500     14 -0.3209847E-03 -0.2858636E-05 -0.2366791E-04  0.4980036E-04  0.6123357E-08  0.3336463E-09
       500     15  0.0000000E+00  0.0000000E+00  0.0000000E+00  0.0000000E+00  0.0000000E+00  0.0000000E+00
       500     16  0.3210701E-03  0.2852682E-05  0.2359798E-04 -0.4978971E-04  0.1470642E-06 -0.3292014E-09
       500     17  0.6422227E-03  0.5697109E-05  0.4709779E-04 -0.9956964E-04  0.4476534E-06 -0.6539511E-09
       500     18  0.9634551E-03  0.8530975E-05  0.7047119E-04 -0.1493407E-03  0.9021076E-06 -0.9742431E-09
       500     19  0.1284764E-02  0.1135197E-04  0.9368992E-04 -0.1991036E-03  0.1510769E-05 -0.1290072E-08
       500     20 -0.5285423E-05  0.1299769E-06 -0.9800231E-06  0.1662240E-05 -0.1673743E+00  0.8688639E-04
       500     21 -0.4016958E-05  0.9708106E-07 -0.7269979E-06  0.1244836E-05 -0.1255156E+00  0.6516702E-04
       500     22 -0.2713262E-05  0.6445516E-07 -0.4793128E-06  0.8286509E-06 -0.8366983E-01  0.4344569E-04
       500     23 -0.1374290E-05  0.3209588E-07 -0.2369771E-06  0.4137004E-06 -0.4183278E-01  0.2172311E-04
       500     24  0.0000000E+00  0.0000000E+00  0.0000000E+00  0.0000000E+00  0.0000000E+00  0.0000000E+00
       500     25  0.1409649E-05 -0.3183566E-07  0.2316083E-06 -0.4124346E-06  0.4183288E-01 -0.2172293E-04
       500     26  0.2854693E-05 -0.6341424E-07  0.4578375E-06 -0.8235875E-06  0.8367025E-01 -0.4344497E-04
       500     27  0.4335166E-05 -0.9473883E-07  0.6786764E-06 -0.1233443E-05  0.1255165E+00 -0.6516541E-04
       500     28  0.5851101E-05 -0.1258125E-06  0.8941138E-06 -0.1641985E-05  0.1673760E+00 -0.8688352E-04

       600      0  0.0000000E+00  0.0000000E+00  0.0000000E+00  0.0000000E+00  0.0000000E+00  0.0000000E+00
       600      1  0.0000000E+00  0.0000000E+00  0.0000000E+00  0.0000000E+00  0.0000000E+00  0.0000000E+00
       600      2 -0.5998343E-03 -0.1951784E-04  0.1986960E-03 -0.5477836E-04 -0.1012267E-05 -0.1033574E-11
       600      3 -0.4498184E-03 -0.1464023E-04  0.1490549E-03 -0.4107711E-04 -0.6636970E-06 -0.2954275E-12
       600      4 -0.2998449E-03 -0.9761273E-05  0.9938980E-04 -0.2738040E-04 -0.3787836E-06  0.1230846E-12
       600      5 -0.1499076E-03 -0.4881141E-05  0.4970375E-04 -0.1368809E-04 -0.1575448E-06  0.2216184E-12
       600      6  0.0000000E+00  0.0000000E+00  0.0000000E+00  0.0000000E+00  0.0000000E+00  0.0000000E+00
       600      7  0.1498840E-03  0.4881981E-05 -0.4971824E-04  0.1368401E-04  0.9382952E-07 -0.5417738E-12
       600      8  0.2997508E-03  0.9764636E-05 -0.9944777E-04  0.2736412E-04  0.1239210E-06 -0.1403536E-11
       600      9  0.4496066E-03  0.1464780E-04 -0.1491854E-03  0.4104046E-04  0.9025022E-07 -0.2584949E-11
       600     10  0.5994577E-03  0.1953129E-04 -0.1989279E-03  0.5471322E-04 -0.7208821E-08 -0.4085506E-11
       600     11  0.9540408E-03 -0.5481252E-04 -0.5220625E-03 -0.1150380E-03  0.2084647E-04 -0.4279578E-12
       600     12  0.7155326E-03 -0.4109386E-04 -0.3914855E-03 -0.8628524E-04  0.1529767E-04 -0.2749723E-11
       600     13  0.4769883E-03 -0.2738692E-04 -0.2609649E-03 -0.5752442E-04  0.9973627E-05 -0.3453281E-11
       600     14  0.2384601E-03 -0.1368966E-04 -0.1304776E-03 -0.2876088E-04  0.4874377E-05 -0.2537004E-11
       600     15  0.0000000E+00  0.0000000E+00  0.0000000E+00  0.0000000E+00  0.0000000E+00  0.0000000E+00
       600     16 -0.2383397E-03  0.1368410E-04  0.1304913E-03  0.2875287E-04 -0.4649398E-05  0.4157907E-11
       600     17 -0.4765067E-03  0.2736471E-04  0.2610199E-03  0.5749238E-04 -0.9073679E-05  0.9936201E-11
       600     18 -0.7144484E-03  0.4104389E-04  0.3916093E-03  0.8621316E-04 -0.1327268E-04  0.1733369E-10
       600     19 -0.9521123E-03  0.5472368E-04  0.5222832E-03  0.1149099E-03 -0.1724620E-04  0.2634855E-10
       600     20  0.5726684E-06 -0.4984882E-06 -0.8277368E-05  0.9725143E-06  0.3390344E-02  0.9999900E-04
       600     21  0.4337668E-06 -0.3724834E-06 -0.6207332E-05  0.7328741E-06  0.2560368E-02  0.7499896E-04
       600     22  0.2920157E-06 -0.2474035E-06 -0.4137724E-05  0.4909099E-06  0.1715298E-02  0.4999912E-04
       600     23  0.1474234E-06 -0.1232438E-06 -0.2068596E-05  0.2466193E-06  0.8601654E-03  0.2499947E-04
       600     24  0.0000000E+00  0.0000000E+00  0.0000000E+00  0.0000000E+00  0.0000000E+00  0.0000000E+00
       600     25 -0.1502428E-06  0.1223324E-06  0.2068010E-05 -0.2489508E-06 -0.8601684E-03 -0.2499930E-04
       600     26 -0.3032915E-06  0.2437580E-06  0.4135381E-05 -0.5002360E-06 -0.1715310E-02 -0.4999844E-04
       600     27 -0.4591309E-06  0.3642812E-06  0.6202060E-05 -0.7538585E-06 -0.2560396E-02 -0.7499743E-04
       600     28 -0.6177444E-06  0.4839067E-06  0.8267993E-05 -0.1009822E-05 -0.3390393E-02 -0.9999628E-04

       700      0  0.0000000E+00  0.0000000E+00  0.0000000E+00  0.0000000E+00  0.0000000E+00  0.0000000E+00
       700      1  0.0000000E+00  0.0000000E+00  0.0000000E+00  0.0000000E+00  0.0000000E+00  0.0000000E+00
       700      2  0.6019145E-03 -0.1474735E-04  0.8384421E-04  0.8570563E-04 -0.5058827E-05  0.9950409E-10
       700      3  0.4514142E-03 -0.1105330E-04  0.6283295E-04  0.6428303E-04 -0.3701593E-05  0.7099593E-10
       700      4  0.3009298E-03 -0.7364292E-05  0.4185726E-04  0.4285752E-04 -0.2406046E-05  0.4490950E-10
       700      5  0.1504591E-03 -0.3679978E-05  0.2091400E-04  0.2142967E-04 -0.1172183E-05  0.2124431E-10
       700      6  0.0000000E+00  0.0000000E+00  0.0000000E+00  0.0000000E+00  0.0000000E+00  0.0000000E+00
       700      7 -0.1504497E-03  0.3675996E-05 -0.2088788E-04 -0.2143093E-04  0.1110506E-05 -0.1882360E-10
       700      8 -0.3008921E-03  0.7348364E-05 -0.4175281E-04 -0.4286259E-04  0.2159338E-05 -0.3522649E-10
       700      9 -0.4513294E-03  0.1101746E-04 -0.6259795E-04 -0.6429442E-04  0.3146501E-05 -0.4920854E-10
       700     10 -0.6017636E-03  0.1468363E-04 -0.8342645E-04 -0.8572590E-04  0.4071999E-05 -0.6076943E-10
       700     11  0.4033969E-03  0.8568605E-04  0.6349211E-03 -0.3713817E-04  0.6217079E-05 -0.1381670E-08
       700     12  0.3019688E-03  0.6427255E-04  0.4761070E-03 -0.2782933E-04  0.4285900E-05 -0.1034442E-08
       700     13  0.2009791E-03  0.4285304E-04  0.3173483E-03 -0.1854177E-04  0.2606148E-05 -0.6884173E-09
       700     14  0.1003492E-03  0.2142852E-04  0.1586457E-03 -0.9267867E-05  0.1177598E-05 -0.3436010E-09
       700     15  0.0000000E+00  0.0000000E+00  0.0000000E+00  0.0000000E+00  0.0000000E+00  0.0000000E+00
       700     16 -0.1001475E-03 -0.2143150E-04 -0.1585880E-03  0.9269467E-05 -0.9269253E-06  0.3423783E-09
       700     17 -0.2001723E-03 -0.4286496E-04 -0.3171176E-03  0.1854817E-04 -0.1603482E-05  0.6835260E-09
       700     18 -0.3001537E-03 -0.6429936E-04 -0.4755882E-03  0.2784377E-04 -0.2030001E-05  0.1023435E-08
       700     19 -0.4001709E-03 -0.8573367E-04 -0.6339993E-03  0.3716391E-04 -0.2206840E-05  0.1362095E-08
       700     20  0.8142258E-05  0.2618076E-06 -0.1346126E-05  0.4337186E-07  0.1732408E+00  0.8614869E-04
       700     21  0.6061886E-05  0.1990068E-06 -0.1024430E-05  0.3011846E-07  0.1299459E+00  0.6460853E-04
       700     22  0.4011438E-05  0.1344391E-06 -0.6928946E-06  0.1848403E-07  0.8663787E-01  0.4307088E-04
       700     23  0.1990835E-05  0.6810378E-07 -0.3514434E-06  0.8450541E-08  0.4332115E-01  0.2153496E-04
       700     24  0.0000000E+00  0.0000000E+00  0.0000000E+00  0.0000000E+00  0.0000000E+00  0.0000000E+00
       700     25 -0.1961143E-05 -0.6987299E-07  0.3615130E-06 -0.6885529E-08 -0.4332125E-01 -0.2153478E-04
       700     26 -0.3892671E-05 -0.1415160E-06  0.7331738E-06 -0.1222393E-07 -0.8663830E-01 -0.4307016E-04
       700     27 -0.5794659E-05 -0.2149299E-06  0.1115061E-05 -0.1603301E-07 -0.1299468E+00 -0.6460691E-04
       700     28 -0.7667182E-05 -0.2901156E-06  0.1507255E-05 -0.1833057E-07 -0.1732425E+00 -0.8614581E-04

       800      0  0.0000000E+00  0.0000000E+00  0.0000000E+00  0.0000000E+00  0.0000000E+00  0.0000000E+00
       800      1  0.0000000E+00  0.0000000E+00  0.0000000E+00  0.0000000E+00  0.0000000E+00  0.0000000E+00
       800      2 -0.1377556E-03  0.2885533E-04 -0.3542992E-03 -0.4170893E-04  0.4458566E-05  0.1837210E-09
       800      3 -0.1034421E-03  0.2164094E-04 -0.2656953E-03 -0.3129722E-04  0.3401690E-05  0.1308714E-09
       800      4 -0.6904234E-04  0.1442713E-04 -0.1771110E-03 -0.2087441E-04  0.2306274E-05  0.8263512E-10
       800      5 -0.3456031E-04  0.7213585E-05 -0.8854603E-04 -0.1044163E-04  0.1172362E-05  0.3901146E-10
       800      6  0.0000000E+00  0.0000000E+00  0.0000000E+00  0.0000000E+00  0.0000000E+00  0.0000000E+00
       800      7  0.3463463E-04 -0.7213931E-05  0.8852737E-04  0.1044936E-04 -0.1210770E-05 -0.3439956E-10
       800      8  0.6933960E-04 -0.1442852E-04  0.1770364E-03  0.2090532E-04 -0.2459905E-05 -0.6418740E-10
       800      9  0.1041109E-03 -0.2164406E-04  0.2655274E-03  0.3136676E-04 -0.3747361E-05 -0.8936352E-10
       800     10  0.1389447E-03 -0.2886088E-04  0.3540006E-03  0.4183255E-04 -0.5073098E-05 -0.1099278E-09
       800     11 -0.1698299E-02 -0.4179542E-04 -0.2769124E-03  0.1221596E-03  0.1811875E-05 -0.2384098E-08
       800     12 -0.1273697E-02 -0.3135085E-04 -0.2076838E-03  0.9159572E-04  0.1161492E-05 -0.1782166E-08
       800     13 -0.8491361E-03 -0.2090016E-04 -0.1384392E-03  0.6105041E-04  0.6423948E-06 -0.1184166E-08
       800     14 -0.4245823E-03 -0.1044824E-04 -0.6920311E-04  0.3051978E-04  0.2550760E-06 -0.5901065E-09
       800     15  0.0000000E+00  0.0000000E+00  0.0000000E+00  0.0000000E+00  0.0000000E+00  0.0000000E+00
       800     16  0.4246462E-03  0.1043966E-04  0.6914572E-04 -0.3051280E-04 -0.1223959E-06  0.5861422E-09
       800     17  0.8493916E-03  0.2086584E-04  0.1382096E-03 -0.6102247E-04 -0.1117016E-06  0.1168308E-08
       800     18  0.1274271E-02  0.3127360E-04  0.2071672E-03 -0.9153290E-04  0.3246584E-07  0.1746483E-08
       800     19  0.1699320E-02  0.4165803E-04  0.2759939E-03 -0.1220480E-03  0.3104627E-06  0.2320654E-08
       800     20 -0.9594525E-05  0.1042541E-06 -0.1357011E-05  0.1146077E-05  0.2963818E+00  0.4907183E-04
       800     21 -0.7213428E-05  0.7730191E-07 -0.1000534E-05  0.8581332E-06  0.2222942E+00  0.3679817E-04
       800     22 -0.4820667E-05  0.5094348E-07 -0.6555911E-06  0.5711372E-06  0.1481999E+00  0.2452934E-04
       800     23 -0.2416205E-05  0.2517691E-07 -0.3221057E-06  0.2850918E-06  0.7410106E-01  0.1226380E-04
       800     24  0.0000000E+00  0.0000000E+00  0.0000000E+00  0.0000000E+00  0.0000000E+00  0.0000000E+00
       800     25  0.2427992E-05 -0.2458973E-07  0.3108027E-06 -0.2841352E-06 -0.7410105E-01 -0.1226361E-04
       800     26  0.4867816E-05 -0.4859506E-07  0.6103787E-06 -0.5673106E-06 -0.1481999E+00 -0.2452857E-04
       800     27  0.7319521E-05 -0.7201902E-07  0.8988041E-06 -0.8495230E-06 -0.2222942E+00 -0.3679645E-04
       800     28  0.9783158E-05 -0.9486493E-07  0.1176154E-05 -0.1130769E-05 -0.2963818E+00 -0.4906878E-04

       900      0  0.0000000E+00  0.0000000E+00  0.0000000E+00  0.0000000E+00  0.0000000E+00  0.0000000E+00
       900      1  0.0000000E+00  0.0000000E+00  0.0000000E+00  0.0000000E+00  0.0000000E+00  0.0000000E+00
       900      2 -0.2858668E-03 -0.1510160E-04  0.3542145E-03 -0.4821024E-04 -0.1690800E-05  0.2081971E-09
       900      3 -0.2143431E-03 -0.1132726E-04  0.2656996E-03 -0.3614614E-04 -0.1221497E-05  0.1478207E-09
       900      4 -0.1428625E-03 -0.7552252E-05  0.1771562E-03 -0.2409037E-04 -0.7832234E-06  0.9299606E-10
       900      5 -0.7141742E-04 -0.3776520E-05  0.8858830E-04 -0.1204199E-04 -0.3760370E-06  0.4372267E-10
       900      6  0.0000000E+00  0.0000000E+00  0.0000000E+00  0.0000000E+00  0.0000000E+00  0.0000000E+00
       900      7  0.7139744E-04  0.3777373E-05 -0.8860467E-04  0.1203655E-04  0.3448214E-06 -0.3817238E-10
       900      8  0.1427826E-03  0.7555660E-05 -0.1772217E-03  0.2406864E-04  0.6583572E-06 -0.7079479E-10
       900      9  0.2141632E-03  0.1133493E-04 -0.2658469E-03  0.3609724E-04  0.9405332E-06 -0.9786747E-10
       900     10  0.2855470E-03  0.1511523E-04 -0.3544764E-03  0.4812332E-04  0.1191271E-05 -0.1193906E-09
       900     11  0.1699469E-02 -0.4829635E-04 -0.1474594E-03 -0.9127660E-04  0.6797699E-05 -0.2738192E-08
       900     12  0.1274727E-02 -0.3618838E-04 -0.1105044E-03 -0.6845904E-04  0.4905561E-05 -0.2044549E-08
       900     13  0.8498567E-03 -0.2410670E-04 -0.7362822E-04 -0.4563891E-04  0.3142094E-05 -0.1356960E-08
       900     14  0.4249250E-03 -0.1204576E-04 -0.3680276E-04 -0.2281848E-04  0.1506985E-05 -0.6754395E-09
       900     15  0.0000000E+00  0.0000000E+00  0.0000000E+00  0.0000000E+00  0.0000000E+00  0.0000000E+00
       900     16 -0.4248500E-03  0.1203614E-04  0.3680813E-04  0.2281428E-04 -0.1379017E-05  0.6693439E-09
       900     17 -0.8495568E-03  0.2406822E-04  0.7364980E-04  0.4562211E-04 -0.2630140E-05  0.1332577E-08
       900     18 -0.1274052E-02  0.3610182E-04  0.1105532E-03  0.6842127E-04 -0.3753366E-05  0.1989685E-08
       900     19 -0.1698266E-02  0.4814251E-04  0.1475467E-03  0.9120952E-04 -0.4748610E-05  0.2640652E-08
       900     20  0.3548531E-05 -0.5345977E-06 -0.2117086E-05 -0.1677371E-06  0.3396155E+00 -0.1233201E-05
       900     21  0.2681690E-05 -0.4008021E-06 -0.1593261E-05 -0.1211416E-06  0.2547070E+00 -0.9329698E-06
       900     22  0.1801316E-05 -0.2671065E-06 -0.1065827E-05 -0.7763465E-07  0.1698024E+00 -0.6258704E-06
       900     23  0.9074165E-06 -0.1335072E-06 -0.5347504E-06 -0.3724461E-07  0.8490048E-01 -0.3141361E-06
       900     24  0.0000000E+00  0.0000000E+00  0.0000000E+00  0.0000000E+00  0.0000000E+00  0.0000000E+00
       900     25 -0.9209210E-06  0.1334190E-06  0.5384563E-06  0.3407055E-07 -0.8490018E-01  0.3143049E-06
       900     26 -0.1855332E-05  0.2667539E-06  0.1080650E-05  0.6493823E-07 -0.1698012E+00  0.6265457E-06
       900     27 -0.2803217E-05  0.4000089E-06  0.1626613E-05  0.9257412E-07 -0.2547044E+00  0.9344894E-06
       900     28 -0.3764556E-05  0.5331883E-06  0.2176377E-05  0.1169491E-06 -0.3396108E+00  0.1235903E-05

      1000      0  0.0000000E+00  0.0000000E+00  0.0000000E+00  0.0000000E+00  0.0000000E+00  0.0000000E+00
      1000      1  0.0000000E+00  0.0000000E+00  0.0000000E+00  0.0000000E+00  0.0000000E+00  0.0000000E+00
      1000      2  0.3164426E-03 -0.6874679E-05 -0.4515780E-04  0.1062377E-03 -0.3765704E-05  0.1777676E-09
      1000      3  0.2372904E-03 -0.5151999E-05 -0.3393561E-04  0.7967734E-04 -0.2793472E-05  0.1258462E-09
      1000      4  0.1581706E-03 -0.3432126E-05 -0.2266423E-04  0.5311755E-04 -0.1841819E-05  0.7891142E-10
      1000      5  0.7907619E-04 -0.1714860E-05 -0.1135018E-04  0.2655841E-04 -0.9106820E-06  0.3696278E-10
      1000      6  0.0000000E+00  0.0000000E+00  0.0000000E+00  0.0000000E+00  0.0000000E+00  0.0000000E+00
      1000      7 -0.7906504E-04  0.1712655E-05  0.1137979E-04 -0.2655759E-04  0.8902832E-06 -0.3197723E-10
      1000      8 -0.1581260E-03  0.3423304E-05  0.2278267E-04 -0.5311429E-04  0.1760220E-05 -0.5896915E-10
      1000      9 -0.2371900E-03  0.5132146E-05  0.3420211E-04 -0.7967000E-04  0.2609857E-05 -0.8097599E-10
      1000     10 -0.3162641E-03  0.6839382E-05  0.4563159E-04 -0.1062247E-03  0.3439241E-05 -0.9799792E-10
      1000     11 -0.2141415E-03  0.1062304E-03  0.2990122E-03  0.8599895E-05 -0.5965087E-05 -0.2365626E-08
      1000     12 -0.1615572E-03  0.7967203E-04  0.2241456E-03  0.6461924E-05 -0.4756648E-05 -0.1764946E-08
      1000     13 -0.1082411E-03  0.5311468E-04  0.1493641E-03  0.4312540E-05 -0.3359479E-05 -0.1170440E-08
      1000     14 -0.5433974E-04  0.2655761E-04  0.7465356E-04  0.2156861E-05 -0.1773847E-05 -0.5821199E-09
      1000     15  0.0000000E+00  0.0000000E+00  0.0000000E+00  0.0000000E+00  0.0000000E+00  0.0000000E+00
      1000     16  0.5463141E-04 -0.2655892E-04 -0.7461080E-04 -0.2152939E-05  0.1961831E-05  0.5759075E-09
      1000     17  0.1094077E-03 -0.5311995E-04 -0.1491931E-03 -0.4296853E-05  0.4111433E-05  0.1145590E-08
      1000     18  0.1641820E-03 -0.7968386E-04 -0.2237612E-03 -0.6426643E-05  0.6448612E-05  0.1709035E-08
      1000     19  0.2188074E-03 -0.1062514E-03 -0.2983294E-03 -0.8537210E-05  0.8973192E-05  0.2266229E-08
      1000     20  0.6488519E-05  0.5311580E-06  0.3770407E-05 -0.7490472E-06  0.2912860E+00 -0.5120580E-04
      1000     21  0.4845508E-05  0.3994683E-06  0.2814884E-05 -0.5663372E-06  0.2184450E+00 -0.3841257E-04
      1000     22  0.3216439E-05  0.2670440E-06  0.1867870E-05 -0.3805731E-06  0.1456205E+00 -0.2561233E-04
      1000     23  0.1601282E-05  0.1338872E-06  0.9295227E-06 -0.1917843E-06  0.7280734E-01 -0.1280737E-04
      1000     24  0.0000000E+00  0.0000000E+00  0.0000000E+00  0.0000000E+00  0.0000000E+00  0.0000000E+00
      1000     25 -0.1587452E-05 -0.1346151E-06 -0.9205398E-06  0.1947505E-06 -0.7280684E-01  0.1280747E-04
      1000     26 -0.3161125E-05 -0.2699553E-06 -0.1831938E-05  0.3924380E-06 -0.1456185E+00  0.2561274E-04
      1000     27 -0.4721077E-05 -0.4060175E-06 -0.2734036E-05  0.5930332E-06 -0.2184405E+00  0.3841351E-04
      1000     28 -0.6267374E-05 -0.5427984E-06 -0.3626675E-05  0.7965069E-06 -0.2912780E+00  0.5120747E-04

      1100      0  0.0000000E+00  0.0000000E+00  0.0000000E+00  0.0000000E+00  0.0000000E+00  0.0000000E+00
      1100      1  0.0000000E+00  0.0000000E+00  0.0000000E+00  0.0000000E+00  0.0000000E+00  0.0000000E+00
      1100      2 -0.6274631E-04  0.1340231E-04 -0.3288841E-03 -0.7637425E-04  0.6745380E-05  0.1101533E-09
      1100      3 -0.4712255E-04  0.1005239E-04 -0.2466080E-03 -0.5729548E-04  0.5054763E-05  0.7785268E-10
      1100      4 -0.3145875E-04  0.6702263E-05 -0.1643715E-03 -0.3820593E-04  0.3366977E-05  0.4872705E-10
      1100      5 -0.1575215E-04  0.3351580E-05 -0.8217032E-04 -0.1910698E-04  0.1682048E-05  0.2277623E-10
      1100      6  0.0000000E+00  0.0000000E+00  0.0000000E+00  0.0000000E+00  0.0000000E+00  0.0000000E+00
      1100      7  0.1580047E-04 -0.3352822E-05  0.8214385E-04  0.1911363E-04 -0.1679148E-05 -0.1960184E-10
      1100      8  0.3165201E-04 -0.6707228E-05  0.1642656E-03  0.3823253E-04 -0.3355381E-05 -0.3602950E-10
      1100      9  0.4755740E-04 -0.1006356E-04  0.2463697E-03  0.5735533E-04 -0.5028688E-05 -0.4928317E-10
      1100     10  0.6351941E-04 -0.1342217E-04  0.3284605E-03  0.7648064E-04 -0.6699062E-05 -0.5936305E-10
      1100     11 -0.1576017E-02 -0.7643412E-04 -0.1916987E-03  0.3447097E-04 -0.8605967E-05 -0.1349216E-08
      1100     12 -0.1181849E-02 -0.5733589E-04 -0.1437333E-03  0.2584301E-04 -0.6511278E-05 -0.1004599E-08
      1100     13 -0.7878650E-03 -0.3822660E-04 -0.9579406E-04  0.1722426E-04 -0.4378961E-05 -0.6648534E-09
      1100     14 -0.3939526E-03 -0.1911254E-04 -0.4788253E-04  0.8611120E-05 -0.2208635E-05 -0.3299847E-09
      1100     15  0.0000000E+00  0.0000000E+00  0.0000000E+00  0.0000000E+00  0.0000000E+00  0.0000000E+00
      1100     16  0.3941049E-03  0.1910473E-04  0.4785224E-04 -0.8612718E-05  0.2247160E-05  0.3250936E-09
      1100     17  0.7884737E-03  0.3819532E-04  0.9567297E-04 -0.1723066E-04  0.4532979E-05  0.6452889E-09
      1100     18  0.1183218E-02  0.5726545E-04  0.1434610E-03 -0.2585745E-04  0.6857507E-05  0.9605787E-09
      1100     19  0.1578449E-02  0.7630878E-04  0.1912151E-03 -0.3449675E-04  0.9220713E-05  0.1270956E-08
      1100     20 -0.1226021E-04  0.1528646E-07  0.3304989E-05 -0.5315535E-06  0.1644197E+00 -0.8737457E-04
      1100     21 -0.9221828E-05  0.1213109E-07  0.2501332E-05 -0.3985349E-06  0.1232834E+00 -0.6553595E-04
      1100     22 -0.6165654E-05  0.8533196E-08  0.1682581E-05 -0.2656075E-06  0.8217386E-01 -0.4369303E-04
      1100     23 -0.3091704E-05  0.4490311E-08  0.8487876E-06 -0.1327647E-06  0.4108233E-01 -0.2184724E-04
      1100     24  0.0000000E+00  0.0000000E+00  0.0000000E+00  0.0000000E+00  0.0000000E+00  0.0000000E+00
      1100     25  0.3109436E-05 -0.4940154E-08 -0.8637327E-06  0.1326935E-06 -0.4108195E-01  0.2184727E-04
      1100     26  0.6236574E-05 -0.1033255E-07 -0.1742362E-05  0.2653226E-06 -0.8217232E-01  0.4369316E-04
      1100     27  0.9381383E-05 -0.1617955E-07 -0.2635840E-05  0.3978942E-06 -0.1232799E+00  0.6553623E-04
      1100     28  0.1254383E-04 -0.2248351E-07 -0.3544120E-05  0.5304156E-06 -0.1644136E+00  0.8737506E-04

      1200      0  0.0000000E+00  0.0000000E+00  0.0000000E+00  0.0000000E+00  0.0000000E+00  0.0000000E+00
      1200      1  0.0000000E+00  0.0000000E+00  0.0000000E+00  0.0000000E+00  0.0000000E+00  0.0000000E+00
      1200      2 -0.9901124E-04 -0.1802648E-05  0.4458633E-03 -0.2035402E-04 -0.2610272E-05 -0.3511168E-12
      1200      3 -0.7425178E-04 -0.1351212E-05  0.3344136E-03 -0.1524905E-04 -0.1981462E-05 -0.1105259E-11
      1200      4 -0.4949864E-04 -0.9005152E-06  0.2229520E-03 -0.1015630E-04 -0.1336762E-05 -0.1298036E-11
      1200      5 -0.2474899E-04 -0.4502223E-06  0.1114802E-03 -0.5073908E-05 -0.6762483E-06 -0.9295721E-12
      1200      6  0.0000000E+00  0.0000000E+00  0.0000000E+00  0.0000000E+00  0.0000000E+00  0.0000000E+00
      1200      7  0.2475115E-04  0.4504858E-06 -0.1114867E-03  0.5067291E-05  0.6918951E-06  0.1490538E-11
      1200      8  0.4950728E-04  0.9015693E-06 -0.2229781E-03  0.1012983E-04  0.1399343E-05  0.3541892E-11
      1200      9  0.7427117E-04  0.1353585E-05 -0.3344725E-03  0.1518950E-04  0.2122241E-05  0.6153902E-11
      1200     10  0.9904563E-04  0.1806866E-05 -0.4459681E-03  0.2024815E-04  0.2860482E-05  0.9326401E-11
      1200     11  0.2138381E-02 -0.2049471E-04  0.7532481E-04 -0.1661213E-04 -0.8560024E-05  0.2437219E-10
      1200     12  0.1603888E-02 -0.1531777E-04  0.5648071E-04 -0.1244732E-04 -0.6322661E-05  0.2305212E-10
      1200     13  0.1069303E-02 -0.1018260E-04  0.3764029E-04 -0.8291389E-05 -0.4149950E-05  0.1854995E-10
      1200     14  0.5346618E-03 -0.5079803E-05  0.1881094E-04 -0.4142799E-05 -0.2042290E-05  0.1086591E-10
      1200     15  0.0000000E+00  0.0000000E+00  0.0000000E+00  0.0000000E+00  0.0000000E+00  0.0000000E+00
      1200     16 -0.5346468E-03  0.5066209E-05 -0.1878517E-04  0.4138591E-05  0.1976682E-05 -0.1404808E-10
      1200     17 -0.1069243E-02  0.1012823E-04 -0.3753720E-04  0.8274579E-05  0.3887601E-05 -0.3127888E-10
      1200     18 -0.1603752E-02  0.1519546E-04 -0.5624871E-04  0.1240959E-04  0.5732682E-05 -0.5169322E-10
      1200     19 -0.2138138E-02  0.2027733E-04 -0.7491229E-04  0.1654528E-04  0.7511934E-05 -0.7529219E-10
      1200     20  0.7271752E-05 -0.4501769E-06  0.4120609E-05 -0.9481627E-06 -0.6780466E-02 -0.9998531E-04
      1200     21  0.5420959E-05 -0.3361058E-06  0.3074584E-05 -0.7065813E-06 -0.5120532E-02 -0.7498881E-04
      1200     22  0.3592024E-05 -0.2230529E-06  0.2039188E-05 -0.4680173E-06 -0.3430434E-02 -0.4999245E-04
      1200     23  0.1785015E-05 -0.1110177E-06  0.1014350E-05 -0.2324853E-06 -0.1720237E-02 -0.2499620E-04
      1200     24  0.0000000E+00  0.0000000E+00  0.0000000E+00  0.0000000E+00  0.0000000E+00  0.0000000E+00
      1200     25 -0.1762948E-05  0.1100009E-06 -0.1003931E-05  0.2294236E-06  0.1720220E-02  0.2499620E-04
      1200     26 -0.3503753E-05  0.2189855E-06 -0.1997513E-05  0.4557706E-06  0.3430365E-02  0.4999245E-04
      1200     27 -0.5222336E-05  0.3269547E-06 -0.2980817E-05  0.6790259E-06  0.5120377E-02  0.7498881E-04
      1200     28 -0.6918613E-05  0.4339095E-06 -0.3953914E-05  0.8991744E-06  0.6780194E-02  0.9998531E-04

      1300      0  0.0000000E+00  0.0000000E+00  0.0000000E+00  0.0000000E+00  0.0000000E+00  0.0000000E+00
      1300      1  0.0000000E+00  0.0000000E+00  0.0000000E+00  0.0000000E+00  0.0000000E+00  0.0000000E+00
      1300      2 -0.1649563E-04 -0.9460420E-05 -0.1976879E-03  0.1016323E-03 -0.1879271E-05 -0.1045469E-09
      1300      3 -0.1239572E-04 -0.7095438E-05 -0.1483293E-03  0.7621486E-04 -0.1435291E-05 -0.7517562E-10
      1300      4 -0.8274641E-05 -0.4730238E-05 -0.9892327E-04  0.5080429E-04 -0.9741685E-06 -0.4796084E-10
      1300      5 -0.4140151E-05 -0.2365024E-05 -0.4947758E-04  0.2539966E-04 -0.4957773E-06 -0.2290236E-10
      1300      6  0.0000000E+00  0.0000000E+00  0.0000000E+00  0.0000000E+00  0.0000000E+00  0.0000000E+00
      1300      7  0.4138072E-05  0.2364630E-05  0.4950172E-04 -0.2539563E-04  0.5132735E-06  0.2074643E-10
      1300      8  0.8266335E-05  0.4728660E-05  0.9901985E-04 -0.5078820E-04  0.1044146E-05  0.3933711E-10
      1300      9  0.1237706E-04  0.7091886E-05  0.1485466E-03 -0.7617867E-04  0.1592712E-05  0.5577221E-10
      1300     10  0.1646254E-04  0.9454102E-05  0.1980743E-03 -0.1015680E-03  0.2159059E-05  0.7005193E-10
      1300     11 -0.9454739E-03  0.1016141E-03 -0.9371841E-04 -0.5574066E-05 -0.6619134E-05  0.1389792E-08
      1300     12 -0.7101148E-03  0.7619964E-04 -0.7033926E-04 -0.4203921E-05 -0.5002053E-05  0.1043045E-08
      1300     13 -0.4739618E-03  0.5079548E-04 -0.4691875E-04 -0.2816733E-05 -0.3359664E-05  0.6958263E-09
      1300     14 -0.2371965E-03  0.2539711E-04 -0.2346846E-04 -0.1414689E-05 -0.1692254E-05  0.3481427E-09
      1300     15  0.0000000E+00  0.0000000E+00  0.0000000E+00  0.0000000E+00  0.0000000E+00  0.0000000E+00
      1300     16  0.2374466E-03 -0.2540039E-04  0.2347490E-04  0.1425108E-05  0.1717035E-05 -0.3485950E-09
      1300     17  0.4749625E-03 -0.5080859E-04  0.4694445E-04  0.2858391E-05  0.3458898E-05 -0.6976352E-09
      1300     18  0.7123668E-03 -0.7622910E-04  0.7039674E-04  0.4297595E-05  0.5225753E-05 -0.1047113E-08
      1300     19  0.9494787E-03 -0.1016664E-03  0.9381976E-04  0.5740451E-05  0.7017872E-05 -0.1397021E-08
      1300     20  0.3070926E-05  0.6513185E-06  0.3360487E-05 -0.7943504E-06 -0.1761524E+00 -0.8563579E-04
      1300     21  0.2281411E-05  0.4898956E-06  0.2513468E-05 -0.6013706E-06 -0.1321437E+00 -0.6422145E-04
      1300     22  0.1506447E-05  0.3275320E-06  0.1671023E-05 -0.4046572E-06 -0.8810973E-01 -0.4281174E-04
      1300     23  0.7459907E-06  0.1642322E-06  0.8331885E-06 -0.2042028E-06 -0.4405896E-01 -0.2140511E-04
      1300     24  0.0000000E+00  0.0000000E+00  0.0000000E+00  0.0000000E+00  0.0000000E+00  0.0000000E+00
      1300     25 -0.7315672E-06 -0.1651605E-06 -0.8285055E-06  0.2079585E-06  0.4405855E-01  0.2140515E-04
      1300     26 -0.1448753E-05 -0.3312457E-06 -0.1652290E-05  0.4196800E-06  0.8810811E-01  0.4281188E-04
      1300     27 -0.2151598E-05 -0.4982519E-06 -0.2471317E-05  0.6351718E-06  0.1321401E+00  0.6422176E-04
      1300     28 -0.2840145E-05 -0.6661757E-06 -0.3285547E-05  0.8544411E-06  0.1761459E+00  0.8563634E-04

      1400      0  0.0000000E+00  0.0000000E+00  0.0000000E+00  0.0000000E+00  0.0000000E+00  0.0000000E+00
      1400      1  0.0000000E+00  0.0000000E+00  0.0000000E+00  0.0000000E+00  0.0000000E+00  0.0000000E+00
      1400      2  0.2050137E-03  0.3542911E-05 -0.2070134E-03 -0.9755604E-04  0.6561612E-05 -0.1728821E-09
      1400      3  0.1537523E-03  0.2660491E-05 -0.1551784E-03 -0.7317697E-04  0.4887042E-05 -0.1233332E-09
      1400      4  0.1024896E-03  0.1775893E-05 -0.1034036E-03 -0.4879071E-04  0.3235269E-05 -0.7800327E-10
      1400      5  0.5123544E-04  0.8890767E-06 -0.5168037E-04 -0.2439811E-04  0.1606266E-05 -0.3689226E-10
      1400      6  0.0000000E+00  0.0000000E+00  0.0000000E+00  0.0000000E+00  0.0000000E+00  0.0000000E+00
      1400      7 -0.5120671E-04 -0.8913778E-06  0.5164622E-04  0.2440279E-04 -0.1583566E-05  0.3267370E-10
      1400      8 -0.1023746E-03 -0.1785097E-05  0.1032670E-03  0.4880942E-04 -0.3144477E-05  0.6112908E-10
      1400      9 -0.1534938E-03 -0.2681199E-05  0.1548711E-03  0.7321908E-04 -0.4682780E-05  0.8536644E-10
      1400     10 -0.2045540E-03 -0.3579723E-05  0.2064671E-03  0.9763091E-04 -0.6198530E-05  0.1053861E-09
      1400     11 -0.9910593E-03 -0.9757259E-04  0.1236558E-03 -0.2111549E-04 -0.5982220E-05  0.2380728E-08
      1400     12 -0.7430045E-03 -0.7319225E-04  0.9287294E-04 -0.1581942E-04 -0.4417413E-05  0.1781962E-08
      1400     13 -0.4952713E-03 -0.4879998E-04  0.6198678E-04 -0.1053692E-04 -0.2898719E-05  0.1185576E-08
      1400     14 -0.2476673E-03 -0.2440087E-04  0.3102113E-04 -0.5264837E-05 -0.1426197E-05  0.5915851E-09
      1400     15  0.0000000E+00  0.0000000E+00  0.0000000E+00  0.0000000E+00  0.0000000E+00  0.0000000E+00
      1400     16  0.2479231E-03  0.2439755E-04 -0.3105250E-04  0.5260737E-05  0.1379617E-05 -0.5891669E-09
      1400     17  0.4962943E-03  0.4878667E-04 -0.6211213E-04  0.1052051E-04  0.2712302E-05 -0.1175904E-08
      1400     18  0.7453056E-03  0.7316226E-04 -0.9315448E-04  0.1578243E-04  0.3997609E-05 -0.1760198E-08
      1400     19  0.9951488E-03  0.9751919E-04 -0.1241551E-03  0.2104960E-04  0.5234991E-05 -0.2342039E-08
      1400     20 -0.1142969E-04 -0.1872320E-06  0.2059064E-05 -0.6587217E-06 -0.2980269E+00 -0.4819728E-04
      1400     21 -0.8584046E-05 -0.1397910E-06  0.1564670E-05 -0.4918545E-06 -0.2235356E+00 -0.3613810E-04
      1400     22 -0.5730510E-05 -0.9276740E-07  0.1056803E-05 -0.3264800E-06 -0.1490309E+00 -0.2408741E-04
      1400     23 -0.2869142E-05 -0.4616803E-07  0.5353002E-06 -0.1625460E-06 -0.7451749E-01 -0.1204233E-04
      1400     24  0.0000000E+00  0.0000000E+00  0.0000000E+00  0.0000000E+00  0.0000000E+00  0.0000000E+00
      1400     25  0.2876867E-05  0.4572905E-07 -0.5492590E-06  0.1612107E-06  0.7451699E-01  0.1204244E-04
      1400     26  0.5761414E-05  0.9101100E-07 -0.1112638E-05  0.3211388E-06  0.1490289E+00  0.2408785E-04
      1400     27  0.8653605E-05  0.1358373E-06 -0.1690298E-05  0.4798372E-06  0.2235311E+00  0.3613909E-04
      1400     28  0.1155341E-04  0.1801987E-06 -0.2282398E-05  0.6373592E-06  0.2980190E+00  0.4819902E-04

      1500      0  0.0000000E+00  0.0000000E+00  0.0000000E+00  0.0000000E+00  0.0000000E+00  0.0000000E+00
      1500      1  0.0000000E+00  0.0000000E+00  0.0000000E+00  0.0000000E+00  0.0000000E+00  0.0000000E+00
      1500      2 -0.1314513E-03  0.1420637E-04  0.4275840E-03  0.1400356E-04 -0.4299992E-05 -0.2081779E-09
      1500      3 -0.9867578E-04  0.1065612E-04  0.3206645E-03  0.1052103E-04 -0.3268066E-05 -0.1485159E-09
      1500      4 -0.6583691E-04  0.7104730E-05  0.2137628E-03  0.7024788E-05 -0.2207392E-05 -0.9393225E-10
      1500      5 -0.3294240E-04  0.3552567E-05  0.1068757E-03  0.3517048E-05 -0.1118018E-05 -0.4442696E-10
      1500      6  0.0000000E+00  0.0000000E+00  0.0000000E+00  0.0000000E+00  0.0000000E+00  0.0000000E+00
      1500      7  0.3298253E-04 -0.3552604E-05 -0.1068675E-03 -0.3524162E-05  0.1146600E-05  0.3934882E-10
      1500      8  0.6599742E-04 -0.7104877E-05 -0.2137300E-03 -0.7053245E-05  0.2321711E-05  0.7361978E-10
      1500      9  0.9903689E-04 -0.1065645E-04 -0.3205908E-03 -0.1058506E-04  0.3525258E-05  0.1028133E-09
      1500     10  0.1320931E-03 -0.1420696E-04 -0.4274531E-03 -0.1411740E-04  0.4757156E-05  0.1269300E-09
      1500     11  0.2050667E-02  0.1386173E-04  0.3597103E-04  0.7357594E-04 -0.3535872E-05  0.2721176E-08
      1500     12  0.1537844E-02  0.1045411E-04  0.2676959E-04  0.5519760E-04 -0.2357588E-05  0.2035518E-08
      1500     13  0.1025152E-02  0.7000397E-05  0.1773144E-04  0.3680829E-04 -0.1375660E-05  0.1353425E-08
      1500     14  0.5125507E-03  0.3511918E-05  0.8820343E-05  0.1840881E-04 -0.5898706E-06  0.6749137E-09
      1500     15  0.0000000E+00  0.0000000E+00  0.0000000E+00  0.0000000E+00  0.0000000E+00  0.0000000E+00
      1500     16 -0.5125415E-03 -0.3524041E-05 -0.8765944E-05 -0.1841731E-04  0.3941747E-06 -0.6713017E-09
      1500     17 -0.1025115E-02 -0.7048889E-05 -0.1751388E-04 -0.3684225E-04  0.5928790E-06 -0.1338978E-08
      1500     18 -0.1537762E-02 -0.1056323E-04 -0.2628021E-04 -0.5527391E-04  0.5963416E-06 -0.2003015E-08
      1500     19 -0.2050522E-02 -0.1405576E-04 -0.3510135E-04 -0.7371132E-04  0.4047948E-06 -0.2663403E-08
      1500     20  0.9808788E-05 -0.3440155E-06  0.1087389E-05  0.3917515E-06 -0.3395476E+00  0.2233906E-05
      1500     21  0.7349437E-05 -0.2587889E-06  0.7963825E-06  0.2966998E-06 -0.2546555E+00  0.1688202E-05
      1500     22  0.4894763E-05 -0.1730431E-06  0.5182910E-06  0.1997156E-06 -0.1697677E+00  0.1131501E-05
      1500     23  0.2444904E-05 -0.8677976E-07  0.2529012E-06  0.1008116E-06 -0.8488304E-01  0.5675258E-06
      1500     24  0.0000000E+00  0.0000000E+00  0.0000000E+00  0.0000000E+00  0.0000000E+00  0.0000000E+00
      1500     25 -0.2439804E-05  0.8729513E-07 -0.2406267E-06 -0.1027066E-06  0.8488276E-01 -0.5673540E-06
      1500     26 -0.4874361E-05  0.1751048E-06 -0.4691935E-06 -0.2072959E-06  0.1697666E+00 -0.1130814E-05
      1500     27 -0.7303522E-05  0.2634285E-06 -0.6859154E-06 -0.3137557E-06  0.2546530E+00 -0.1686656E-05
      1500     28 -0.9727135E-05  0.3522658E-06 -0.8910084E-06 -0.4220735E-06  0.3395433E+00 -0.2231159E-05

      1600      0  0.0000000E+00  0.0000000E+00  0.0000000E+00  0.0000000E+00  0.0000000E+00  0.0000000E+00
      1600      1  0.0000000E+00  0.0000000E+00  0.0000000E+00  0.0000000E+00  0.0000000E+00  0.0000000E+00
      1600      2 -0.2383101E-03 -0.2139725E-04 -0.2945898E-03  0.7453682E-04 -0.7709289E-06 -0.1773434E-09
      1600      3 -0.1787108E-03 -0.1605078E-04 -0.2209863E-03  0.5588715E-04 -0.6096308E-06 -0.1262699E-09
      1600      4 -0.1191257E-03 -0.1070200E-04 -0.1473502E-03  0.3724915E-04 -0.4274754E-06 -0.7968824E-10
      1600      5 -0.5955533E-04 -0.5351527E-05 -0.7368645E-04  0.1862077E-04 -0.2243125E-06 -0.3759829E-10
      1600      6  0.0000000E+00  0.0000000E+00  0.0000000E+00  0.0000000E+00  0.0000000E+00  0.0000000E+00
      1600      7  0.5953990E-04  0.5351956E-05  0.7370411E-04 -0.1861519E-04  0.2455962E-06  0.3310695E-10
      1600      8  0.1190640E-03  0.1070371E-04  0.1474209E-03 -0.3722684E-04  0.5126018E-06  0.6172302E-10
      1600      9  0.1785720E-03  0.1605464E-04  0.2211453E-03 -0.5583696E-04  0.8011348E-06  0.8584889E-10
      1600     10  0.2380634E-03  0.2140412E-04  0.2948724E-03 -0.7444759E-04  0.1111305E-05  0.1054854E-09
      1600     11 -0.1410972E-02  0.7449147E-04 -0.3536300E-03 -0.7337766E-04  0.9616783E-05  0.2333482E-08
      1600     12 -0.1058977E-02  0.5585273E-04 -0.2651369E-03 -0.5508525E-04  0.7404203E-05  0.1744572E-08
      1600     13 -0.7063823E-03  0.3723014E-04 -0.1767162E-03 -0.3675153E-04  0.5064053E-05  0.1159346E-08
      1600     14 -0.3533393E-03  0.1861535E-04 -0.8834487E-04 -0.1838646E-04  0.2596033E-05  0.5778176E-09
      1600     15  0.0000000E+00  0.0000000E+00  0.0000000E+00  0.0000000E+00  0.0000000E+00  0.0000000E+00
      1600     16  0.3534840E-03 -0.1862425E-04  0.8834123E-04  0.1839787E-04 -0.2724034E-05 -0.5740943E-09
      1600     17  0.7069617E-03 -0.3726574E-04  0.1767015E-03  0.3679717E-04 -0.5575897E-05 -0.1144453E-08
      1600     18  0.1060282E-02 -0.5593280E-04  0.2651035E-03  0.5518788E-04 -0.8555259E-05 -0.1711065E-08
      1600     19  0.1413294E-02 -0.7463374E-04  0.3535694E-03  0.7355998E-04 -0.1166163E-04 -0.2273918E-08
      1600     20 -0.4025207E-06  0.5463651E-06 -0.4569279E-05  0.4031160E-06 -0.2895236E+00  0.5206297E-04
      1600     21 -0.2909641E-06  0.4105196E-06 -0.3425187E-05  0.2975382E-06 -0.2171145E+00  0.3905940E-04
      1600     22 -0.1866659E-06  0.2741747E-06 -0.2282242E-05  0.1951381E-06 -0.1447296E+00  0.2604534E-04
      1600     23 -0.8966188E-07  0.1373335E-06 -0.1140496E-05  0.9594800E-07 -0.7236075E-01  0.1302436E-04
      1600     24  0.0000000E+00  0.0000000E+00  0.0000000E+00  0.0000000E+00  0.0000000E+00  0.0000000E+00
      1600     25  0.8225960E-07 -0.1378219E-06  0.1139194E-05 -0.9267407E-07  0.7236076E-01 -0.1302416E-04
      1600     26  0.1570446E-06 -0.2761277E-06  0.2277033E-05 -0.1820425E-06  0.1447296E+00 -0.2604458E-04
      1600     27  0.2242707E-06 -0.4149128E-06  0.3413468E-05 -0.2680739E-06  0.2171146E+00 -0.3905768E-04
      1600     28  0.2838413E-06 -0.5541720E-06  0.4548447E-05 -0.3507370E-06  0.2895238E+00 -0.5205991E-04

      1700      0  0.0000000E+00  0.0000000E+00  0.0000000E+00  0.0000000E+00  0.0000000E+00  0.0000000E+00
      1700      1  0.0000000E+00  0.0000000E+00  0.0000000E+00  0.0000000E+00  0.0000000E+00  0.0000000E+00
      1700      2  0.5384089E-03  0.3912615E-05 -0.5208973E-04 -0.9414839E-04  0.4354530E-05 -0.9597580E-10
      1700      3  0.4038224E-03  0.2941837E-05 -0.3897739E-04 -0.7061438E-04  0.3245414E-05 -0.6796705E-10
      1700      4  0.2692177E-03  0.1965772E-05 -0.2593172E-04 -0.4707857E-04  0.2150019E-05 -0.4263458E-10
      1700      5  0.1346064E-03  0.9849749E-06 -0.1294262E-04 -0.2354058E-04  0.1068246E-05 -0.1997883E-10
      1700      6  0.0000000E+00  0.0000000E+00  0.0000000E+00  0.0000000E+00  0.0000000E+00  0.0000000E+00
      1700      7 -0.1345899E-03 -0.9885977E-06  0.1290623E-04  0.2354357E-04 -0.1054820E-05  0.1730192E-10
      1700      8 -0.2691518E-03 -0.1980263E-05  0.2578616E-04  0.4709052E-04 -0.2096315E-05  0.3192719E-10
      1700      9 -0.4036740E-03 -0.2974440E-05  0.3864987E-04  0.7064127E-04 -0.3124588E-05  0.4387630E-10
      1700     10 -0.5381452E-03 -0.3970574E-05  0.5150746E-04  0.9419620E-04 -0.4139743E-05  0.5314997E-10
      1700     11 -0.2480672E-03 -0.9415523E-04  0.5175056E-03 -0.1800634E-04  0.2729068E-05  0.1307515E-08
      1700     12 -0.1856825E-03 -0.7062109E-04  0.3882998E-03 -0.1345277E-04  0.2193767E-05  0.9759568E-09
      1700     13 -0.1236930E-03 -0.4708278E-04  0.2589627E-03 -0.8944227E-05  0.1560939E-05  0.6475129E-09
      1700     14 -0.6187370E-04 -0.2354189E-04  0.1295207E-03 -0.4465159E-05  0.8299208E-06  0.3221915E-09
      1700     15  0.0000000E+00  0.0000000E+00  0.0000000E+00  0.0000000E+00  0.0000000E+00  0.0000000E+00
      1700     16  0.6215283E-04  0.2354134E-04 -0.1295729E-03  0.4466809E-05 -0.9295784E-06 -0.3190546E-09
      1700     17  0.1248094E-03  0.4708057E-04 -0.2591714E-03  0.8950816E-05 -0.1959614E-05 -0.6349659E-09
      1700     18  0.1881942E-03  0.7061613E-04 -0.3887687E-03  0.1346756E-04 -0.3090951E-05 -0.9477283E-09
      1700     19  0.2525318E-03  0.9414645E-04 -0.5183378E-03  0.1803255E-04 -0.4324479E-05 -0.1257337E-08
      1700     20 -0.7446187E-05 -0.3803422E-06 -0.1953584E-05  0.2735431E-06 -0.1614411E+00  0.8785740E-04
      1700     21 -0.5629526E-05 -0.2830881E-06 -0.1453488E-05  0.2081918E-06 -0.1210344E+00  0.6590015E-04
      1700     22 -0.3782913E-05 -0.1872728E-06 -0.9610984E-06  0.1407917E-06 -0.8066759E-01  0.4393676E-04
      1700     23 -0.1906389E-05 -0.9290668E-07 -0.4765554E-06  0.7138143E-07 -0.4032721E-01  0.2196934E-04
      1700     24  0.0000000E+00  0.0000000E+00  0.0000000E+00  0.0000000E+00  0.0000000E+00  0.0000000E+00
      1700     25  0.1936205E-05  0.9143694E-07  0.4684278E-06 -0.7331342E-07  0.4032731E-01 -0.2196916E-04
      1700     26  0.3902173E-05  0.1813939E-06  0.9285884E-06 -0.1485193E-06  0.8066801E-01 -0.4393604E-04
      1700     27  0.5897846E-05  0.2698609E-06  0.1380343E-05 -0.2255779E-06  0.1210354E+00 -0.6589854E-04
      1700     28  0.7923164E-05  0.3568279E-06  0.1823553E-05 -0.3044491E-06  0.1614427E+00 -0.8785454E-04

      1800      0  0.0000000E+00  0.0000000E+00  0.0000000E+00  0.0000000E+00  0.0000000E+00  0.0000000E+00
      1800      1  0.0000000E+00  0.0000000E+00  0.0000000E+00  0.0000000E+00  0.0000000E+00  0.0000000E+00
      1800      2 -0.3659579E-03  0.2539755E-04  0.3079776E-03  0.3684833E-04 -0.4807959E-05  0.1318793E-12
      1800      3 -0.2746358E-03  0.1904761E-04  0.2309316E-03  0.2764989E-04 -0.3645284E-05  0.2715844E-12
      1800      4 -0.1831898E-03  0.1269806E-04  0.1539255E-03  0.1844135E-04 -0.2456395E-05  0.2965918E-12
      1800      5 -0.9163827E-04  0.6348857E-05  0.7695105E-04  0.9224211E-05 -0.1241299E-05  0.2062017E-12
      1800      6  0.0000000E+00  0.0000000E+00  0.0000000E+00  0.0000000E+00  0.0000000E+00  0.0000000E+00
      1800      7  0.9170647E-04 -0.6348535E-05 -0.7693598E-04 -0.9229770E-05  0.1267495E-05 -0.3221426E-12
      1800      8  0.1834626E-03 -0.1269677E-04 -0.1538652E-03 -0.1846358E-04  0.2561183E-05 -0.7600704E-12
      1800      9  0.2752496E-03 -0.1904471E-04 -0.2307959E-03 -0.2769993E-04  0.3881058E-05 -0.1313343E-11
      1800     10  0.3670492E-03 -0.2539240E-04 -0.3077364E-03 -0.3693730E-04  0.5227117E-05 -0.1981235E-11
      1800     11  0.1477412E-02  0.3676394E-04 -0.2452110E-03  0.1362223E-03  0.4964345E-05 -0.7014914E-10
      1800     12  0.1107621E-02  0.2761434E-04 -0.1842627E-03  0.1021520E-03  0.4046467E-05 -0.5415450E-10
      1800     13  0.7382005E-03  0.1843057E-04 -0.1230241E-03  0.6809682E-04  0.2912301E-05 -0.3713427E-10
      1800     14  0.3690328E-03  0.9222503E-05 -0.6157615E-04  0.3404878E-04  0.1563091E-05 -0.1908380E-10
      1800     15  0.0000000E+00  0.0000000E+00  0.0000000E+00  0.0000000E+00  0.0000000E+00  0.0000000E+00
      1800     16 -0.3690163E-03 -0.9227114E-05  0.6162330E-04 -0.3405742E-04 -0.1775891E-05  0.2011869E-10
      1800     17 -0.7381348E-03 -0.1844903E-04  0.1232127E-03 -0.6813136E-04 -0.3763584E-05  0.4127232E-10
      1800     18 -0.1107474E-02 -0.2765593E-04  0.1846869E-03 -0.1022297E-03 -0.5962165E-05  0.6345943E-10
      1800     19 -0.1477153E-02 -0.3683804E-04  0.2459649E-03 -0.1363602E-03 -0.8370803E-05  0.8667708E-10
      1800     20  0.9823824E-05 -0.2151032E-06 -0.3155755E-05  0.1771229E-05  0.1016954E-01  0.9996439E-04
      1800     21  0.7327689E-05 -0.1614756E-06 -0.2384255E-05  0.1329221E-05  0.7679969E-02  0.7497261E-04
      1800     22  0.4858210E-05 -0.1077504E-06 -0.1601112E-05  0.8866952E-06  0.5145127E-02  0.4998136E-04
      1800     23  0.2415582E-05 -0.5392590E-07 -0.8063509E-06  0.4436288E-06  0.2580109E-02  0.2499054E-04
      1800     24  0.0000000E+00  0.0000000E+00  0.0000000E+00  0.0000000E+00  0.0000000E+00  0.0000000E+00
      1800     25 -0.2388335E-05  0.5402954E-07  0.8179116E-06 -0.4442135E-06 -0.2580118E-02 -0.2499037E-04
      1800     26 -0.4749221E-05  0.1081652E-06  0.1647353E-05 -0.8890339E-06 -0.5145162E-02 -0.4998068E-04
      1800     27 -0.7082453E-05  0.1624098E-06  0.2488291E-05 -0.1334483E-05 -0.7680048E-02 -0.7497108E-04
      1800     28 -0.9387823E-05  0.2167662E-06  0.3340691E-05 -0.1780584E-05 -0.1016969E-01 -0.9996167E-04

      1900      0  0.0000000E+00  0.0000000E+00  0.0000000E+00  0.0000000E+00  0.0000000E+00  0.0000000E+00
      1900      1  0.0000000E+00  0.0000000E+00  0.0000000E+00  0.0000000E+00  0.0000000E+00  0.0000000E+00
      1900      2 -0.2458813E-03 -0.3689911E-04 -0.2844434E-03  0.3878972E-04  0.4522569E-06  0.1069871E-09
      1900      3 -0.1843425E-03 -0.2767764E-04 -0.2133474E-03  0.2907739E-04  0.2940819E-06  0.7638950E-10
      1900      4 -0.1228586E-03 -0.1845346E-04 -0.1422422E-03  0.1937656E-04  0.1659089E-06  0.4835958E-10
      1900      5 -0.6141565E-04 -0.9227333E-05 -0.7112675E-04  0.9684882E-05  0.6784679E-07  0.2289658E-10
      1900      6  0.0000000E+00  0.0000000E+00  0.0000000E+00  0.0000000E+00  0.0000000E+00  0.0000000E+00
      1900      7  0.6140216E-04  0.9227791E-05  0.7113916E-04 -0.9680438E-05 -0.3753133E-07 -0.2033036E-10
      1900      8  0.1228046E-03  0.1845529E-04  0.1422918E-03 -0.1935878E-04 -0.4465143E-07 -0.3809442E-10
      1900      9  0.1842210E-03  0.2768176E-04  0.2134590E-03 -0.2903739E-04 -0.2126882E-07 -0.5329184E-10
      1900     10  0.2456653E-03  0.3690645E-04  0.2846418E-03 -0.3871859E-04  0.3270368E-07 -0.6592198E-10
      1900     11 -0.1363237E-02  0.3873492E-04 -0.3576064E-03 -0.1617210E-03  0.1566648E-04 -0.1421509E-08
      1900     12 -0.1022782E-02  0.2903628E-04 -0.2679277E-03 -0.1213402E-03  0.1204209E-04 -0.1063830E-08
      1900     13 -0.6820447E-03  0.1935396E-04 -0.1784899E-03 -0.8091846E-04  0.8223232E-05 -0.7076828E-09
      1900     14 -0.3410946E-03  0.9678397E-05 -0.8920872E-04 -0.4046776E-04  0.4209352E-05 -0.3530710E-09
      1900     15  0.0000000E+00  0.0000000E+00  0.0000000E+00  0.0000000E+00  0.0000000E+00  0.0000000E+00
      1900     16  0.3411712E-03 -0.9690811E-05  0.8922054E-04  0.4047290E-04 -0.4405180E-05  0.3515237E-09
      1900     17  0.6823516E-03 -0.1940362E-04  0.1785370E-03  0.8093904E-04 -0.9006451E-05  0.7014926E-09
      1900     18  0.1023474E-02 -0.2914801E-04  0.2680336E-03  0.1213865E-03 -0.1380398E-04  0.1049898E-08
      1900     19  0.1364471E-02 -0.3893355E-04  0.3577939E-03  0.1618032E-03 -0.1879784E-04  0.1396731E-08
      1900     20 -0.2721630E-05  0.3689271E-06 -0.7361737E-05  0.3480800E-06  0.1790383E+00  0.8511779E-04
      1900     21 -0.2033730E-05  0.2788291E-06 -0.5514150E-05  0.2575953E-06  0.1343237E+00  0.6382982E-04
      1900     22 -0.1350703E-05  0.1873001E-06 -0.3671454E-05  0.1694326E-06  0.8957060E-01  0.4254910E-04
      1900     23 -0.6727322E-06  0.9435295E-07 -0.1833466E-05  0.8357375E-07  0.4479176E-01  0.2127328E-04
      1900     24  0.0000000E+00  0.0000000E+00  0.0000000E+00  0.0000000E+00  0.0000000E+00  0.0000000E+00
      1900     25  0.6673140E-06 -0.9574668E-07  0.1829130E-05 -0.8130777E-07 -0.4479186E-01 -0.2127310E-04
      1900     26  0.1329032E-05 -0.1928754E-06  0.3654114E-05 -0.1603692E-06 -0.8957103E-01 -0.4254838E-04
      1900     27  0.1984977E-05 -0.2913749E-06  0.5475140E-05 -0.2372044E-06 -0.1343247E+00 -0.6382819E-04
      1900     28  0.2634975E-05 -0.3912341E-06  0.7292401E-05 -0.3118339E-06 -0.1790400E+00 -0.8511490E-04

      2000      0  0.0000000E+00  0.0000000E+00  0.0000000E+00  0.0000000E+00  0.0000000E+00  0.0000000E+00
      2000      1  0.0000000E+00  0.0000000E+00  0.0000000E+00  0.0000000E+00  0.0000000E+00  0.0000000E+00
      2000      2  0.7775785E-03  0.1404078E-04  0.5610478E-04 -0.6728933E-04  0.2668635E-05  0.1833740E-09
      2000      3  0.5831605E-03  0.1054192E-04  0.4214154E-04 -0.5046328E-04  0.1976286E-05  0.1307707E-09
      2000      4  0.3887559E-03  0.7034731E-05  0.2813194E-04 -0.3364080E-04  0.1300815E-05  0.8267446E-10
      2000      5  0.1943679E-03  0.3520369E-05  0.1408257E-04 -0.1682025E-04  0.6420954E-06  0.3908447E-10
      2000      6  0.0000000E+00  0.0000000E+00  0.0000000E+00  0.0000000E+00  0.0000000E+00  0.0000000E+00
      2000      7 -0.1943446E-03 -0.3525214E-05 -0.1410922E-04  0.1682159E-04 -0.6255929E-06 -0.3457940E-10
      2000      8 -0.3886627E-03 -0.7054110E-05 -0.2823855E-04  0.3364617E-04 -0.1234802E-05 -0.6465394E-10
      2000      9 -0.5829510E-03 -0.1058553E-04 -0.4238142E-04  0.5047538E-04 -0.1827744E-05 -0.9022361E-10
      2000     10 -0.7772062E-03 -0.1411830E-04 -0.5653131E-04  0.6731085E-04 -0.2404531E-05 -0.1112882E-09
      2000     11  0.2705626E-03 -0.6732413E-04  0.7991569E-03  0.4105141E-04 -0.5893704E-05 -0.2407438E-08
      2000     12  0.2031621E-03 -0.5048249E-04  0.5994097E-03  0.3087733E-04 -0.4232312E-05 -0.1800719E-08
      2000     13  0.1354836E-03 -0.3364921E-04  0.3996412E-03  0.2062532E-04 -0.2695566E-05 -0.1197233E-08
      2000     14  0.6770408E-04 -0.1682237E-04  0.1998413E-03  0.1032350E-04 -0.1284465E-05 -0.5969891E-09
      2000     15  0.0000000E+00  0.0000000E+00  0.0000000E+00  0.0000000E+00  0.0000000E+00  0.0000000E+00
      2000     16 -0.6745225E-04  0.1681989E-04 -0.1998930E-03 -0.1031705E-04  0.1156842E-05  0.5937223E-09
      2000     17 -0.1344765E-03  0.3363931E-04 -0.3998477E-03 -0.2059949E-04  0.2185080E-05  0.1184165E-08
      2000     18 -0.2008965E-03  0.5046029E-04 -0.5998741E-03 -0.3081918E-04  0.3083735E-05  0.1771314E-08
      2000     19 -0.2665361E-03  0.6728486E-04 -0.7999820E-03 -0.4094794E-04  0.3851831E-05  0.2355155E-08
      2000     20 -0.3548459E-05 -0.3302701E-06  0.1862376E-05 -0.9355796E-07  0.2996345E+00  0.4732273E-04
      2000     21 -0.2704724E-05 -0.2464841E-06  0.1402015E-05 -0.6744810E-07  0.2247499E+00  0.3547710E-04
      2000     22 -0.1831985E-05 -0.1635021E-06  0.9380888E-06 -0.4313685E-07  0.1498447E+00  0.2364422E-04
      2000     23 -0.9303718E-06 -0.8133646E-07  0.4707115E-06 -0.2064683E-07  0.7492577E-01  0.1181992E-04
      2000     24  0.0000000E+00  0.0000000E+00  0.0000000E+00  0.0000000E+00  0.0000000E+00  0.0000000E+00
      2000     25  0.9590238E-06  0.8049380E-07 -0.4739277E-06  0.1878237E-07 -0.7492576E-01 -0.1181973E-04
      2000     26  0.1946604E-05  0.1601309E-06 -0.9509523E-06  0.3567972E-07 -0.1498446E+00 -0.2364346E-04
      2000     27  0.2962658E-05  0.2388967E-06 -0.1430953E-05  0.5067217E-07 -0.2247498E+00 -0.3547538E-04
      2000     28  0.4007111E-05  0.3167761E-06 -0.1913808E-05  0.6374054E-07 -0.2996342E+00 -0.4731967E-04
