# number of rays:      29
# iteration   ray    X              A              Y              B              T              D
         0      0  0.0000000E+00  0.0000000E+00  0.0000000E+00  0.0000000E+00  0.0000000E+00  0.0000000E+00
         0      1  0.0000000E+00  0.0000000E+00  0.0000000E+00  0.0000000E+00  0.0000000E+00  0.0000000E+00
         0      2 -0.1000000E-02  0.0000000E+00  0.0000000E+00  0.0000000E+00  0.0000000E+00  0.0000000E+00
         0      3 -0.7500000E-03  0.0000000E+00  0.0000000E+00  0.0000000E+00  0.0000000E+00  0.0000000E+00
         0      4 -0.5000000E-03  0.0000000E+00  0.0000000E+00  0.0000000E+00  0.0000000E+00  0.0000000E+00
         0      5 -0.2500000E-03  0.0000000E+00  0.0000000E+00  0.0000000E+00  0.0000000E+00  0.0000000E+00
         0      6  0.0000000E+00  0.0000000E+00  0.0000000E+00  0.0000000E+00  0.0000000E+00  0.0000000E+00
         0      7  0.2500000E-03  0.0000000E+00  0.0000000E+00  0.0000000E+00  0.0000000E+00  0.0000000E+00
         0      8  0.5000000E-03  0.0000000E+00  0.0000000E+00  0.0000000E+00  0.0000000E+00  0.0000000E+00
         0      9  0.7500000E-03  0.0000000E+00  0.0000000E+00  0.0000000E+00  0.0000000E+00  0.0000000E+00
         0     10  0.1000000E-02  0.0000000E+00  0.0000000E+00  0.0000000E+00  0.0000000E+00  0.0000000E+00
         0     11  0.0000000E+00  0.0000000E+00 -0.1000000E-02  0.0000000E+00  0.0000000E+00  0.0000000E+00
         0     12  0.0000000E+00  0.0000000E+00 -0.7500000E-03  0.0000000E+00  0.0000000E+00  0.0000000E+00
         0     13  0.0000000E+00  0.0000000E+00 -0.5000000E-03  0.0000000E+00  0.0000000E+00  0.0000000E+00
         0     14  0.0000000E+00  0.0000000E+00 -0.2500000E-03  0.0000000E+00  0.0000000E+00  0.0000000E+00
         0     15  0.0000000E+00  0.0000000E+00  0.0000000E+00  0.0000000E+00  0.0000000E+00  0.0000000E+00
         0     16  0.0000000E+00  0.0000000E+00  0.2500000E-03  0.0000000E+00  0.0000000E+00  0.0000000E+00
         0     17  0.0000000E+00  0.0000000E+00  0.5000000E-03  0.0000000E+00  0.0000000E+00  0.0000000E+00
         0     18  0.0000000E+00  0.0000000E+00  0.7500000E-03  0.0000000E+00  0.0000000E+00  0.0000000E+00
         0     19  0.0000000E+00  0.0000000E+00  0.1000000E-02  0.0000000E+00  0.0000000E+00  0.0000000E+00
         0     20  0.0000000E+00  0.0000000E+00  0.0000000E+00  0.0000000E+00  0.0000000E+00 -0.1000000E-03
         0     21  0.0000000E+00  0.0000000E+00  0.0000000E+00  0.0000000E+00  0.0000000E+00 -0.7500000E-04
         0     22  0.0000000E+00  0.0000000E+00  0.0000000E+00  0.0000000E+00  0.0000000E+00 -0.5000000E-04
         0     23  0.0000000E+00  0.0000000E+00  0.0000000E+00  0.0000000E+00  0.0000000E+00 -0.2500000E-04
         0     24  0.0000000E+00  0.0000000E+00  0.0000000E+00  0.0000000E+00  0.0000000E+00  0.0000000E+00
         0     25  0.0000000E+00  0.0000000E+00  0.0000000E+00  0.0000000E+00  0.0000000E+00  0.2500000E-04
         0     26  0.0000000E+00  0.0000000E+00  0.0000000E+00  0.0000000E+00  0.0000000E+00  0.5000000E-04
         0     27  0.0000000E+00  0.0000000E+00  0.0000000E+00  0.0000000E+00  0.0000000E+00  0.7500000E-04
         0     28  0.0000000E+00  0.0000000E+00  0.0000000E+00  0.0000000E+00  0.0000000E+00  0.1000000E-03

       100      0  0.0000000E+00  0.0000000E+00  0.0000000E+00  0.0000000E+00  0.0000000E+00  0.0000000E+00
       100      1  0.0000000E+00  0.0000000E+00  0.0000000E+00  0.0000000E+00  0.0000000E+00  0.0000000E+00
       100      2  0.5820275E-03 -0.4227414E-04  0.4710803E-04  0.1618963E-04  0.1634989E-03 -0.1287408E-07
       100      3  0.4363903E-03 -0.3169298E-04  0.3536518E-04  0.1214772E-04  0.9187526E-04 -0.7256952E-08
       100      4  0.2908670E-03 -0.2111919E-04  0.2359120E-04  0.8101040E-05  0.4075150E-04 -0.3238964E-08
       100      5  0.1454171E-03 -0.1055434E-04  0.1179863E-04  0.4051245E-05  0.1012696E-04 -0.8200281E-09
       100      6  0.0000000E+00  0.0000000E+00  0.0000000E+00  0.0000000E+00  0.0000000E+00  0.0000000E+00
       100      7 -0.1454250E-03  0.1054224E-04 -0.1179211E-04 -0.4051037E-05  0.1036812E-04 -0.7786769E-09
       100      8 -0.2908985E-03  0.2107077E-04 -0.2356514E-04 -0.8100207E-05  0.4122787E-04 -0.3155799E-08
       100      9 -0.4364614E-03  0.3158401E-04 -0.3530653E-04 -0.1214585E-04  0.9257492E-04 -0.7131047E-08
       100     10 -0.5821542E-03  0.4208031E-04 -0.4700373E-04 -0.1618631E-04  0.1644040E-03 -0.1270405E-07
       100     11  0.2245766E-03  0.1590235E-04  0.6020906E-03 -0.1954644E-03  0.7566401E-03 -0.5866543E-07
       100     12  0.1689460E-03  0.1198616E-04  0.4509170E-03 -0.1467484E-03  0.4247848E-03 -0.3275586E-07
       100     13  0.1128905E-03  0.8029252E-05  0.3002970E-03 -0.9791247E-04  0.1880127E-03 -0.1433768E-07
       100     14  0.5653293E-04  0.4033275E-05  0.1500513E-03 -0.4898646E-04  0.4639224E-04 -0.3416881E-08
       100     15  0.0000000E+00  0.0000000E+00  0.0000000E+00  0.0000000E+00  0.0000000E+00  0.0000000E+00
       100     16 -0.5657770E-04 -0.4068661E-05 -0.1500376E-03  0.4901716E-04  0.4892101E-04 -0.4094137E-08
       100     17 -0.1130657E-03 -0.8170631E-05 -0.3002423E-03  0.9803518E-04  0.1932487E-03 -0.1570694E-07
       100     18 -0.1693258E-03 -0.1230365E-04 -0.4507949E-03  0.1470241E-03  0.4330852E-03 -0.3484662E-07
       100     19 -0.2252156E-03 -0.1646523E-04 -0.6018757E-03  0.1959538E-03  0.7685411E-03 -0.6152193E-07
       100     20  0.1649054E-05  0.7962935E-07  0.6586210E-05 -0.1972591E-05 -0.1702304E+00 -0.8665696E-04
       100     21  0.1096384E-05  0.7002304E-07  0.4340293E-05 -0.1551233E-05 -0.1276890E+00 -0.6499131E-04
       100     22  0.6646471E-06  0.5319736E-07  0.2469596E-05 -0.1066085E-05 -0.8513680E-01 -0.4332661E-04
       100     23  0.3131732E-06  0.2944745E-07  0.1015921E-05 -0.5406533E-06 -0.4257379E-01 -0.2166285E-04
       100     24  0.0000000E+00  0.0000000E+00  0.0000000E+00  0.0000000E+00  0.0000000E+00  0.0000000E+00
       100     25 -0.3132046E-06 -0.3304321E-07 -0.5790805E-06  0.5302928E-06  0.4258455E-01  0.2166197E-04
       100     26 -0.6564489E-06 -0.6682701E-07 -0.7436757E-06  0.1025174E-05  0.8517983E-01  0.4332307E-04
       100     27 -0.1047238E-05 -0.9792412E-07 -0.5366039E-06  0.1461156E-05  0.1277858E+00  0.6498334E-04
       100     28 -0.1487165E-05 -0.1225671E-06 -0.1942661E-07  0.1817301E-05  0.1704025E+00  0.8664279E-04

       200      0  0.0000000E+00  0.0000000E+00  0.0000000E+00  0.0000000E+00  0.0000000E+00  0.0000000E+00
       200      1  0.0000000E+00  0.0000000E+00  0.0000000E+00  0.0000000E+00  0.0000000E+00  0.0000000E+00
       200      2  0.3039764E-03  0.4768897E-04 -0.1096608E-03 -0.9606567E-06  0.2855362E-03 -0.4810095E-07
       200      3  0.2276702E-03  0.3576449E-04 -0.8228903E-04 -0.7215534E-06  0.1609298E-03 -0.2708262E-07
       200      4  0.1515001E-03  0.2384332E-04 -0.5487446E-04 -0.4853797E-06  0.7180563E-04 -0.1205992E-07
       200      5  0.7557399E-04  0.1192273E-04 -0.2743786E-04 -0.2466815E-06  0.1816308E-04 -0.3032551E-08
       200      6  0.0000000E+00  0.0000000E+00  0.0000000E+00  0.0000000E+00  0.0000000E+00  0.0000000E+00
       200      7 -0.7511345E-04 -0.1192758E-04  0.2741835E-04  0.2601172E-06  0.1731266E-04 -0.2961532E-08
       200      8 -0.1496576E-03 -0.2386269E-04  0.5479644E-04  0.5391051E-06  0.7009572E-04 -0.1191620E-07
       200      9 -0.2235236E-03 -0.3580798E-04  0.8211351E-04  0.8423703E-06  0.1583423E-03 -0.2686283E-07
       200     10 -0.2966018E-03 -0.4776609E-04  0.1093487E-03  0.1175280E-05  0.2820438E-03 -0.4780006E-07
       200     11 -0.5135661E-03 -0.1443541E-05  0.2515552E-03  0.2292044E-03  0.1300396E-02 -0.2226820E-06
       200     12 -0.3876975E-03 -0.9746471E-06  0.1906686E-03  0.1716854E-03  0.7285036E-03 -0.1248568E-06
       200     13 -0.2600836E-03 -0.5893427E-06  0.1281462E-03  0.1143380E-03  0.3210664E-03 -0.5512030E-07
       200     14 -0.1308172E-03 -0.2704034E-06  0.6443963E-04  0.5712297E-04  0.7819105E-04 -0.1349357E-07
       200     15  0.0000000E+00  0.0000000E+00  0.0000000E+00  0.0000000E+00  0.0000000E+00  0.0000000E+00
       200     16  0.1322558E-03  0.2402181E-06 -0.6472170E-04 -0.5707216E-04  0.8663087E-04 -0.1466503E-07
       200     17  0.2658260E-03  0.4690383E-06 -0.1292744E-03 -0.1141352E-03  0.3382368E-03 -0.5751621E-07
       200     18  0.4005726E-03  0.7055968E-06 -0.1932064E-03 -0.1712308E-03  0.7549864E-03 -0.1285832E-06
       200     19  0.5363420E-03  0.9692884E-06 -0.2560654E-03 -0.2284003E-03  0.1337064E-02 -0.2278979E-06
       200     20 -0.2725956E-05 -0.2201300E-07  0.1613254E-05  0.8928622E-06 -0.2946020E+00 -0.4996082E-04
       200     21 -0.2057551E-05  0.4386422E-08  0.2328878E-05  0.6487470E-06 -0.2209713E+00 -0.3746537E-04
       200     22 -0.1347130E-05  0.1936423E-07  0.2255118E-05  0.3693893E-06 -0.1473276E+00 -0.2497358E-04
       200     23 -0.6398402E-06  0.1904086E-07  0.1431155E-05  0.1309944E-06 -0.7367050E-01 -0.1248521E-04
       200     24  0.0000000E+00  0.0000000E+00  0.0000000E+00  0.0000000E+00  0.0000000E+00  0.0000000E+00
       200     25  0.4867535E-06 -0.3970175E-07 -0.1811715E-05  0.2515265E-07  0.7368410E-01  0.1248232E-04
       200     26  0.7183235E-06 -0.9955269E-07 -0.3722878E-05  0.2316200E-06  0.1473820E+00  0.2496200E-04
       200     27  0.5881550E-06 -0.1758200E-06 -0.5432912E-05  0.6177438E-06  0.2210937E+00  0.3743931E-04
       200     28  0.3212868E-08 -0.2611727E-06 -0.6659040E-05  0.1154783E-05  0.2948196E+00  0.4991450E-04

       300      0  0.0000000E+00  0.0000000E+00  0.0000000E+00  0.0000000E+00  0.0000000E+00  0.0000000E+00
       300      1  0.0000000E+00  0.0000000E+00  0.0000000E+00  0.0000000E+00  0.0000000E+00  0.0000000E+00
       300      2 -0.8852437E-03 -0.1341070E-04  0.5718958E-04 -0.3579244E-04  0.3278558E-03 -0.9618624E-07
       300      3 -0.6639316E-03 -0.1002227E-04  0.4284777E-04 -0.2687647E-04  0.1844961E-03 -0.5413414E-07
       300      4 -0.4426002E-03 -0.6664842E-05  0.2854857E-04 -0.1793003E-04  0.8206752E-04 -0.2408619E-07
       300      5 -0.2212796E-03 -0.3327672E-05  0.1427255E-04 -0.8966698E-05  0.2056955E-04 -0.6041820E-08
       300      6  0.0000000E+00  0.0000000E+00  0.0000000E+00  0.0000000E+00  0.0000000E+00  0.0000000E+00
       300      7  0.2212088E-03  0.3328939E-05 -0.1428898E-04  0.8956560E-05  0.2035479E-04 -0.5959285E-08
       300      8  0.4423165E-03  0.6669909E-05 -0.2861431E-04  0.1788951E-04  0.8162804E-04 -0.2391780E-07
       300      9  0.6632922E-03  0.1003367E-04 -0.4299585E-04  0.2678539E-04  0.1838120E-03 -0.5387323E-07
       300     10  0.8841038E-03  0.1343098E-04 -0.5745324E-04  0.3563078E-04  0.3268971E-03 -0.9582283E-07
       300     11  0.2834731E-03 -0.3562870E-04 -0.8590374E-03 -0.8032695E-04  0.1526987E-02 -0.4477862E-06
       300     12  0.2099356E-03 -0.2681606E-04 -0.6453621E-03 -0.5947531E-04  0.8612265E-03 -0.2514398E-06
       300     13  0.1385636E-03 -0.1791763E-04 -0.4307848E-03 -0.3926963E-04  0.3847279E-03 -0.1113317E-06
       300     14  0.6877951E-04 -0.8967343E-05 -0.2155768E-03 -0.1951135E-04  0.9760751E-04 -0.2750320E-07
       300     15  0.0000000E+00  0.0000000E+00  0.0000000E+00  0.0000000E+00  0.0000000E+00  0.0000000E+00
       300     16 -0.6835844E-04  0.8948569E-05  0.2156885E-03  0.1946647E-04  0.9205869E-04 -0.2887215E-07
       300     17 -0.1368737E-03  0.1784132E-04  0.4312315E-03  0.3909136E-04  0.3739558E-03 -0.1141740E-06
       300     18 -0.2061122E-03  0.2663980E-04  0.6463670E-03  0.5907894E-04  0.8458829E-03 -0.2559644E-06
       300     19 -0.2766227E-03  0.3530401E-04  0.8608227E-03  0.7963412E-04  0.1508051E-02 -0.4543064E-06
       300     20  0.2911770E-05 -0.1096467E-06 -0.3295689E-05 -0.1000592E-05 -0.3395844E+00  0.1992358E-06
       300     21  0.1588866E-05 -0.1188523E-06 -0.3311822E-05 -0.5148366E-06 -0.2546962E+00  0.1590226E-06
       300     22  0.5733833E-06 -0.1000435E-06 -0.2543476E-05 -0.1526659E-06 -0.1698035E+00  0.1119089E-06
       300     23  0.9432550E-08 -0.5761497E-07 -0.1311760E-05  0.2604024E-07 -0.8490513E-01  0.5864956E-07
       300     24  0.0000000E+00  0.0000000E+00  0.0000000E+00  0.0000000E+00  0.0000000E+00  0.0000000E+00
       300     25  0.5873109E-06  0.6067604E-07  0.1010748E-05 -0.2111890E-06  0.8491292E-01 -0.6328377E-07
       300     26  0.1734210E-05  0.1096593E-06  0.1404599E-05 -0.5508911E-06  0.1698347E+00 -0.1304451E-06
       300     27  0.3310983E-05  0.1313449E-06  0.9834618E-06 -0.9348315E-06  0.2547664E+00 -0.2007268E-06
       300     28  0.5092252E-05  0.1116232E-06 -0.2978954E-06 -0.1264750E-05  0.3397091E+00 -0.2733709E-06

       400      0  0.0000000E+00  0.0000000E+00  0.0000000E+00  0.0000000E+00  0.0000000E+00  0.0000000E+00
       400      1  0.0000000E+00  0.0000000E+00  0.0000000E+00  0.0000000E+00  0.0000000E+00  0.0000000E+00
       400      2  0.7074977E-03 -0.2895452E-04  0.1213637E-03  0.4982503E-04  0.2800800E-03 -0.1441646E-06
       400      3  0.5298299E-03 -0.2172594E-04  0.9124248E-04  0.3738580E-04  0.1569369E-03 -0.8111762E-07
       400      4  0.3528372E-03 -0.1448337E-04  0.6091728E-04  0.2493358E-04  0.6921064E-04 -0.3607520E-07
       400      5  0.1763005E-03 -0.7237755E-05  0.3047426E-04  0.1247087E-04  0.1689950E-04 -0.9036502E-08
       400      6  0.0000000E+00  0.0000000E+00  0.0000000E+00  0.0000000E+00  0.0000000E+00  0.0000000E+00
       400      7 -0.1762851E-03  0.7218964E-05 -0.3041864E-04 -0.1247677E-04  0.1850709E-04 -0.8963543E-08
       400      8 -0.3527757E-03  0.1440816E-04 -0.6069459E-04 -0.2495719E-04  0.7241407E-04 -0.3592434E-07
       400      9 -0.5296923E-03  0.2155655E-04 -0.9074063E-04 -0.3743900E-04  0.1617126E-03 -0.8087894E-07
       400     10 -0.7072546E-03  0.2865294E-04 -0.1204695E-03 -0.4991978E-04  0.2863928E-03 -0.1438233E-06
       400     11  0.5703427E-03  0.4980401E-04  0.7620825E-03 -0.1163953E-03  0.1306599E-02 -0.6733311E-06
       400     12  0.4326276E-03  0.3734706E-04  0.5686971E-03 -0.8820137E-04  0.7357759E-03 -0.3784109E-06
       400     13  0.2906743E-03  0.2490397E-04  0.3776984E-03 -0.5923546E-04  0.3276526E-03 -0.1678407E-06
       400     14  0.1459644E-03  0.1246023E-04  0.1883763E-03 -0.2975148E-04  0.8234837E-04 -0.4168129E-07
       400     15  0.0000000E+00  0.0000000E+00  0.0000000E+00  0.0000000E+00  0.0000000E+00  0.0000000E+00
       400     16 -0.1456948E-03 -0.1249286E-04 -0.1881716E-03  0.2976975E-04  0.8076260E-04 -0.4287104E-07
       400     17 -0.2895726E-03 -0.2503385E-04 -0.3768806E-03  0.5930787E-04  0.3248094E-03 -0.1703753E-06
       400     18 -0.4300616E-03 -0.3763678E-04 -0.5668599E-03  0.8836176E-04  0.7323319E-03 -0.3826006E-06
       400     19 -0.5655645E-03 -0.5031284E-04 -0.7588238E-03  0.1166741E-03  0.1303540E-02 -0.6796414E-06
       400     20  0.1978620E-05  0.2481694E-06  0.2843757E-05  0.1959270E-06 -0.2930119E+00  0.5030492E-04
       400     21  0.2369812E-05  0.1803311E-06  0.1787428E-05 -0.9292024E-07 -0.2197492E+00  0.3774016E-04
       400     22  0.2114368E-05  0.1083343E-06  0.7917361E-06 -0.1978750E-06 -0.1464948E+00  0.2516706E-04
       400     23  0.1281176E-05  0.4430036E-07  0.1274500E-06 -0.1497513E-06 -0.7324598E-01  0.1258666E-04
       400     24  0.0000000E+00  0.0000000E+00  0.0000000E+00  0.0000000E+00  0.0000000E+00  0.0000000E+00
       400     25 -0.1543300E-05 -0.1429490E-07  0.5259232E-06  0.1863545E-06  0.7324590E-01 -0.1259186E-04
       400     26 -0.3116539E-05  0.8980187E-08  0.1719830E-05  0.3392183E-06  0.1464945E+00 -0.2518789E-04
       400     27 -0.4456545E-05  0.7353252E-07  0.3493119E-05  0.3924687E-06  0.2197485E+00 -0.3778703E-04
       400     28 -0.5290011E-05  0.1782621E-06  0.5664502E-05  0.2925735E-06  0.2930106E+00 -0.5038823E-04

       500      0  0.0000000E+00  0.0000000E+00  0.0000000E+00  0.0000000E+00  0.0000000E+00  0.0000000E+00
       500      1  0.0000000E+00  0.0000000E+00  0.0000000E+00  0.0000000E+00  0.0000000E+00  0.0000000E+00
       500      2  0.9220466E-05  0.4250979E-04 -0.2676167E-03 -0.1151315E-04  0.1659280E-03 -0.1790916E-06
       500      3  0.7662133E-05  0.3186449E-04 -0.2008330E-03 -0.8572092E-05  0.9382568E-04 -0.1007514E-06
       500      4  0.5339817E-05  0.2123502E-04 -0.1339268E-03 -0.5693543E-05  0.4213763E-04 -0.4479023E-07
       500      5  0.2652760E-05  0.1061553E-04 -0.6696154E-04 -0.2846553E-05  0.1086300E-04 -0.1120707E-07
       500      6  0.0000000E+00  0.0000000E+00  0.0000000E+00  0.0000000E+00  0.0000000E+00  0.0000000E+00
       500      7 -0.2219183E-05 -0.1061758E-04  0.6689537E-04  0.2877301E-05  0.9545993E-05 -0.1116635E-07
       500      8 -0.3604815E-05 -0.2124319E-04  0.1336620E-03  0.5816481E-05  0.3949746E-04 -0.4470268E-07
       500      9 -0.3755802E-05 -0.3188270E-04  0.2002367E-03  0.8848509E-05  0.8985000E-04 -0.1006047E-06
       500     10 -0.2269518E-05 -0.4254173E-04  0.2665555E-03  0.1200407E-04  0.1605984E-03 -0.1788675E-06
       500     11 -0.1271315E-02 -0.1308189E-04 -0.1162953E-03  0.1999299E-03  0.7371554E-03 -0.8384707E-06
       500     12 -0.9568443E-03 -0.9296302E-05 -0.8059269E-04  0.1498026E-03  0.4146556E-03 -0.4715117E-06
       500     13 -0.6396968E-03 -0.5943728E-05 -0.5044247E-04  0.9976907E-04  0.1842753E-03 -0.2093963E-06
       500     14 -0.3205406E-03 -0.2890719E-05 -0.2414551E-04  0.4983726E-04  0.4604250E-04 -0.5219821E-07
       500     15  0.0000000E+00  0.0000000E+00  0.0000000E+00  0.0000000E+00  0.0000000E+00  0.0000000E+00
       500     16  0.3213052E-03  0.2868306E-05  0.2369836E-04 -0.4975867E-04  0.4620456E-04 -0.5289298E-07
       500     17  0.6427198E-03  0.5855478E-05  0.4865723E-04 -0.9945721E-04  0.1847267E-03 -0.2109773E-06
       500     18  0.9635127E-03  0.9102967E-05  0.7658935E-04 -0.1491103E-03  0.4156503E-03 -0.4743621E-06
       500     19  0.1282838E-02  0.1275110E-04  0.1092144E-03 -0.1987227E-03  0.7390725E-03 -0.8431652E-06
       500     20 -0.6050309E-05 -0.9261741E-07 -0.3776069E-05  0.1930320E-05 -0.1673986E+00  0.8684570E-04
       500     21 -0.4567101E-05 -0.2809508E-07 -0.2254036E-05  0.1429747E-05 -0.1255291E+00  0.6514415E-04
       500     22 -0.3010580E-05  0.9039116E-08 -0.1130863E-05  0.9252924E-06 -0.8367584E-01  0.4343553E-04
       500     23 -0.1461677E-05  0.1835022E-07 -0.3914837E-06  0.4412503E-06 -0.4183427E-01  0.2172057E-04
       500     24  0.0000000E+00  0.0000000E+00  0.0000000E+00  0.0000000E+00  0.0000000E+00  0.0000000E+00
       500     25  0.1296739E-05 -0.4518949E-07  0.9812546E-07 -0.3789585E-06  0.4183141E-01 -0.2172547E-04
       500     26  0.2353638E-05 -0.1156692E-06 -0.2677818E-07 -0.6798438E-06  0.8366438E-01 -0.4345510E-04
       500     27  0.3099929E-05 -0.2091012E-06 -0.2919768E-06 -0.8912798E-06  0.1255034E+00 -0.6518819E-04
       500     28  0.3470735E-05 -0.3223094E-06 -0.6061441E-06 -0.1006811E-05  0.1673528E+00 -0.8692399E-04

       600      0  0.0000000E+00  0.0000000E+00  0.0000000E+00  0.0000000E+00  0.0000000E+00  0.0000000E+00
       600      1  0.0000000E+00  0.0000000E+00  0.0000000E+00  0.0000000E+00  0.0000000E+00  0.0000000E+00
       600      2 -0.5984363E-03 -0.1977576E-04  0.1996141E-03 -0.5437563E-04 -0.6738596E-06 -0.1915629E-06
       600      3 -0.4493123E-03 -0.1474591E-04  0.1494007E-03 -0.4092189E-04 -0.4695038E-06 -0.1077511E-06
       600      4 -0.2997432E-03 -0.9790715E-05  0.9946690E-04 -0.2734304E-04 -0.2907294E-06 -0.4788763E-07
       600      5 -0.1499127E-03 -0.4884117E-05  0.4970377E-04 -0.1368664E-04 -0.1350850E-06 -0.1197128E-07
       600      6  0.0000000E+00  0.0000000E+00  0.0000000E+00  0.0000000E+00  0.0000000E+00  0.0000000E+00
       600      7  0.1498179E-03  0.4887776E-05 -0.4975687E-04  0.1366971E-04  0.1172092E-06 -0.1197095E-07
       600      8  0.2993635E-03  0.9805353E-05 -0.9967948E-04  0.2727542E-04  0.2193302E-06 -0.4788046E-07
       600      9  0.4484565E-03  0.1477884E-04 -0.1498797E-03  0.4077007E-04  0.3092411E-06 -0.1077240E-06
       600     10  0.5969113E-03  0.1983429E-04 -0.2004676E-03  0.5410652E-04  0.3898936E-06 -0.1914963E-06
       600     11  0.9891476E-03 -0.5303378E-04 -0.5074129E-03 -0.1200218E-03 -0.1172170E-04 -0.8986547E-06
       600     12  0.7309592E-03 -0.4036925E-04 -0.3852688E-03 -0.8845296E-04 -0.3058362E-05 -0.5056219E-06
       600     13  0.4818792E-03 -0.2718694E-04 -0.2590829E-03 -0.5820066E-04  0.1800590E-05 -0.2247826E-06
       600     14  0.2391838E-03 -0.1367015E-04 -0.1302243E-03 -0.2885724E-04  0.2827784E-05 -0.5621302E-07
       600     15  0.0000000E+00  0.0000000E+00  0.0000000E+00  0.0000000E+00  0.0000000E+00  0.0000000E+00
       600     16 -0.2386228E-03  0.1364218E-04  0.1303124E-03  0.2880369E-04 -0.6701487E-05 -0.5624027E-07
       600     17 -0.4796415E-03  0.2707231E-04  0.2594305E-03  0.5799169E-04 -0.1729053E-04 -0.2250408E-06
       600     18 -0.7259483E-03  0.4010106E-04  0.3860332E-03  0.8800241E-04 -0.3177567E-04 -0.5065185E-06
       600     19 -0.9802966E-03  0.5253160E-04  0.5087258E-03  0.1192701E-03 -0.5015965E-04 -0.9008008E-06
       600     20  0.7678599E-06 -0.5289352E-06 -0.8242711E-05  0.9118296E-06  0.3389923E-02  0.9996061E-04
       600     21  0.5380006E-06 -0.3891294E-06 -0.6191212E-05  0.6996758E-06  0.2560282E-02  0.7497736E-04
       600     22  0.3360745E-06 -0.2545913E-06 -0.4131992E-05  0.4765399E-06  0.1715327E-02  0.4998952E-04
       600     23  0.1579197E-06 -0.1249890E-06 -0.2067506E-05  0.2431150E-06  0.8601895E-03  0.2499707E-04
       600     24  0.0000000E+00  0.0000000E+00  0.0000000E+00  0.0000000E+00  0.0000000E+00  0.0000000E+00
       600     25 -0.1406472E-06  0.1206877E-06  0.2068449E-05 -0.2523038E-06 -0.8601104E-03 -0.2500170E-04
       600     26 -0.2664542E-06  0.2373738E-06  0.4135894E-05 -0.5133960E-06 -0.1715010E-02 -0.5000804E-04
       600     27 -0.3793594E-06  0.3503452E-06  0.6200490E-05 -0.7829789E-06 -0.2559565E-02 -0.7501904E-04
       600     28 -0.4808340E-06  0.4598746E-06  0.8260462E-05 -0.1060859E-05 -0.3388639E-02 -0.1000347E-03

       700      0  0.0000000E+00  0.0000000E+00  0.0000000E+00  0.0000000E+00  0.0000000E+00  0.0000000E+00
       700      1  0.0000000E+00  0.0000000E+00  0.0000000E+00  0.0000000E+00  0.0000000E+00  0.0000000E+00
       700      2  0.6060201E-03 -0.1460547E-04  0.8149570E-04  0.8561650E-04 -0.1673681E-03 -0.1782131E-06
       700      3  0.4532269E-03 -0.1101001E-04  0.6194302E-04  0.6423854E-04 -0.9500391E-04 -0.1002273E-06
       700      4  0.3015131E-03 -0.7361202E-05  0.4165369E-04  0.4284000E-04 -0.4298597E-04 -0.4453070E-07
       700      5  0.1505491E-03 -0.3683229E-05  0.2091116E-04  0.2142581E-04 -0.1131735E-04 -0.1112225E-07
       700      6  0.0000000E+00  0.0000000E+00  0.0000000E+00  0.0000000E+00  0.0000000E+00  0.0000000E+00
       700      7 -0.1504719E-03  0.3664705E-05 -0.2079444E-04 -0.2143380E-04 -0.9034759E-05 -0.1116131E-07
       700      8 -0.3012050E-03  0.7287079E-05 -0.4118631E-04 -0.4287199E-04 -0.3842137E-04 -0.4460279E-07
       700      9 -0.4525354E-03  0.1084313E-04 -0.6088958E-04 -0.6431053E-04 -0.8815850E-04 -0.1003203E-06
       700     10 -0.6047949E-03  0.1430855E-04 -0.7961843E-04 -0.8574449E-04 -0.1582438E-03 -0.1783090E-06
       700     11  0.3437469E-03  0.8573459E-04  0.6438487E-03 -0.3132240E-04 -0.7900384E-03 -0.8376916E-06
       700     12  0.2775709E-03  0.6428025E-04  0.4803611E-03 -0.2538713E-04 -0.4436840E-03 -0.4715729E-06
       700     13  0.1942197E-03  0.4284320E-04  0.3188634E-03 -0.1782134E-04 -0.1965266E-03 -0.2098708E-06
       700     14  0.9968409E-04  0.2142202E-04  0.1589246E-03 -0.9178430E-05 -0.4861469E-04 -0.5265360E-07
       700     15  0.0000000E+00  0.0000000E+00  0.0000000E+00  0.0000000E+00  0.0000000E+00  0.0000000E+00
       700     16 -0.9875103E-04 -0.2144664E-04 -0.1585157E-03  0.9177984E-05 -0.5073860E-04 -0.5199900E-07
       700     17 -0.1904374E-03 -0.4294068E-04 -0.3172361E-03  0.1781854E-04 -0.2008916E-03 -0.2087499E-06
       700     18 -0.2688752E-03 -0.6449580E-04 -0.4767322E-03  0.2537701E-04 -0.4505258E-03 -0.4703624E-06
       700     19 -0.3278334E-03 -0.8610850E-04 -0.6374822E-03  0.3129473E-04 -0.7997142E-03 -0.8369566E-06
       700     20  0.1066082E-04 -0.5857302E-07 -0.3076012E-05 -0.6811839E-07  0.1732634E+00  0.8610820E-04
       700     21  0.7761588E-05  0.2382007E-07 -0.1986057E-05 -0.5007203E-07  0.1299588E+00  0.6458573E-04
       700     22  0.4888970E-05  0.5951562E-07 -0.1112002E-05 -0.2505956E-07  0.8664370E-01  0.4306074E-04
       700     23  0.2239417E-05  0.5027644E-07 -0.4533378E-06 -0.4417052E-08  0.4332262E-01  0.2153242E-04
       700     24  0.0000000E+00  0.0000000E+00  0.0000000E+00  0.0000000E+00  0.0000000E+00  0.0000000E+00
       700     25 -0.1659714E-05 -0.8542522E-07  0.2677788E-06 -0.2361705E-07 -0.4331974E-01 -0.2153733E-04
       700     26 -0.2595281E-05 -0.1983438E-06  0.3790906E-06 -0.8644466E-07 -0.8663214E-01 -0.4308036E-04
       700     27 -0.2694228E-05 -0.3296318E-06  0.3714526E-06 -0.1984551E-06 -0.1299328E+00 -0.6462989E-04
       700     28 -0.1881846E-05 -0.4690600E-06  0.2894210E-06 -0.3678904E-06 -0.1732172E+00 -0.8618671E-04

       800      0  0.0000000E+00  0.0000000E+00  0.0000000E+00  0.0000000E+00  0.0000000E+00  0.0000000E+00
       800      1  0.0000000E+00  0.0000000E+00  0.0000000E+00  0.0000000E+00  0.0000000E+00  0.0000000E+00
       800      2 -0.1417532E-03  0.2887395E-04 -0.3528734E-03 -0.4229339E-04 -0.2761967E-03 -0.1426316E-06
       800      3 -0.1048065E-03  0.2164357E-04 -0.2651922E-03 -0.3151088E-04 -0.1544667E-03 -0.8020059E-07
       800      4 -0.6925631E-04  0.1442467E-04 -0.1770192E-03 -0.2091800E-04 -0.6785673E-04 -0.3561910E-07
       800      5 -0.3451577E-04  0.7212040E-05 -0.8855584E-04 -0.1043966E-04 -0.1636803E-04 -0.8886093E-08
       800      6  0.0000000E+00  0.0000000E+00  0.0000000E+00  0.0000000E+00  0.0000000E+00  0.0000000E+00
       800      7  0.3487531E-04 -0.7217353E-05  0.8845217E-04  0.1047708E-04 -0.1874994E-04 -0.8958702E-08
       800      8  0.7069522E-04 -0.1444589E-04  0.1766043E-03  0.2106749E-04 -0.7261309E-04 -0.3575951E-07
       800      9  0.1080468E-03 -0.2169118E-04  0.2642581E-03  0.3184651E-04 -0.1615825E-03 -0.8039918E-07
       800     10  0.1475202E-03 -0.2895828E-04  0.3512113E-03  0.4288826E-04 -0.2856493E-03 -0.1428739E-06
       800     11 -0.1655401E-02 -0.4576046E-04 -0.3023237E-03  0.1208688E-03 -0.1345041E-02 -0.6719807E-06
       800     12 -0.1255512E-02 -0.3305957E-04 -0.2188461E-03  0.9113703E-04 -0.7566785E-03 -0.3785181E-06
       800     13 -0.8435826E-03 -0.2142245E-04 -0.1419922E-03  0.6095247E-04 -0.3362842E-03 -0.1686645E-06
       800     14 -0.4238076E-03 -0.1051858E-04 -0.6973631E-04  0.3051944E-04 -0.8400493E-04 -0.4247150E-07
       800     15  0.0000000E+00  0.0000000E+00  0.0000000E+00  0.0000000E+00  0.0000000E+00  0.0000000E+00
       800     16  0.4242087E-03  0.1049121E-04  0.6932854E-04 -0.3046840E-04 -0.8444289E-04 -0.4132021E-07
       800     17  0.8451659E-03  0.2131578E-04  0.1403796E-03 -0.6075545E-04 -0.3375228E-03 -0.1665117E-06
       800     18  0.1258996E-02  0.3283000E-04  0.2152896E-03 -0.9072058E-04 -0.7594459E-03 -0.3756634E-06
       800     19  0.1661406E-02  0.4537814E-04  0.2961887E-03 -0.1201955E-03 -0.1350437E-02 -0.6688734E-06
       800     20 -0.1256769E-05  0.5004348E-06  0.6160222E-06  0.6074302E-06  0.2963795E+00  0.4902903E-04
       800     21 -0.3065899E-05  0.3356792E-06  0.2554478E-06  0.5732494E-06  0.2222930E+00  0.3677404E-04
       800     22 -0.3275397E-05  0.1790736E-06 -0.3858947E-07  0.4559924E-06  0.1481994E+00  0.2451859E-04
       800     23 -0.2116155E-05  0.5976650E-07 -0.1553478E-06  0.2599892E-06  0.7410096E-01  0.1226110E-04
       800     24  0.0000000E+00  0.0000000E+00  0.0000000E+00  0.0000000E+00  0.0000000E+00  0.0000000E+00
       800     25  0.2533021E-05  0.1240589E-07  0.4937522E-06 -0.2998003E-06 -0.7410112E-01 -0.1226631E-04
       800     26  0.4882145E-05  0.9836879E-07  0.1353527E-05 -0.6081016E-06 -0.1482001E+00 -0.2453942E-04
       800     27  0.6461293E-05  0.2476461E-06  0.2562035E-05 -0.8897838E-06 -0.2222945E+00 -0.3682091E-04
       800     28  0.6774572E-05  0.4393114E-06  0.4055794E-05 -0.1109926E-05 -0.2963822E+00 -0.4911237E-04

       900      0  0.0000000E+00  0.0000000E+00  0.0000000E+00  0.0000000E+00  0.0000000E+00  0.0000000E+00
       900      1  0.0000000E+00  0.0000000E+00  0.0000000E+00  0.0000000E+00  0.0000000E+00  0.0000000E+00
       900      2 -0.2837545E-03 -0.1541757E-04  0.3556116E-03 -0.4720357E-04 -0.3242614E-03 -0.9443413E-07
       900      3 -0.2135234E-03 -0.1145795E-04  0.2662281E-03 -0.3573819E-04 -0.1826573E-03 -0.5308701E-07
       900      4 -0.1426586E-03 -0.7589420E-05  0.1772748E-03 -0.2397925E-04 -0.8141600E-04 -0.2356616E-07
       900      5 -0.7140595E-04 -0.3780584E-05  0.8858854E-04 -0.1203171E-04 -0.2053267E-04 -0.5870844E-08
       900      6  0.0000000E+00  0.0000000E+00  0.0000000E+00  0.0000000E+00  0.0000000E+00  0.0000000E+00
       900      7  0.7133050E-04  0.3783755E-05 -0.8866356E-04  0.1201186E-04 -0.1980806E-04 -0.5952211E-08
       900      8  0.1423571E-03  0.7602042E-05 -0.1775748E-03  0.2389998E-04 -0.7994437E-04 -0.2372572E-07
       900      9  0.2128463E-03  0.1148611E-04 -0.2669033E-03  0.3556039E-04 -0.1803939E-03 -0.5331841E-07
       900     10  0.2825541E-03  0.1546704E-04 -0.3568120E-03  0.4688888E-04 -0.3211392E-03 -0.9472785E-07
       900     11  0.1746480E-02 -0.4359524E-04 -0.1283152E-03 -0.9525927E-04 -0.1532318E-02 -0.4461989E-06
       900     12  0.1295268E-02 -0.3424376E-04 -0.1024603E-03 -0.7020453E-04 -0.8610354E-03 -0.2515456E-06
       900     13  0.8561779E-03 -0.2355117E-04 -0.7123637E-04 -0.4618538E-04 -0.3818140E-03 -0.1122729E-06
       900     14  0.4257714E-03 -0.1198377E-04 -0.3649596E-04 -0.2289599E-04 -0.9475781E-04 -0.2841170E-07
       900     15  0.0000000E+00  0.0000000E+00  0.0000000E+00  0.0000000E+00  0.0000000E+00  0.0000000E+00
       900     16 -0.4255097E-03  0.1194397E-04  0.3653701E-04  0.2285816E-04 -0.9770253E-04 -0.2708328E-07
       900     17 -0.8551692E-03  0.2338801E-04  0.7139859E-04  0.4604275E-04 -0.3880558E-03 -0.1097143E-06
       900     18 -0.1293138E-02  0.3386196E-04  0.1028167E-03  0.6991642E-04 -0.8712784E-03 -0.2479530E-06
       900     19 -0.1743025E-02  0.4288055E-04  0.1289231E-03  0.9482911E-04 -0.1547616E-02 -0.4418670E-06
       900     20 -0.9118873E-05 -0.3650706E-06 -0.1713005E-05  0.3834086E-06  0.3395481E+00 -0.1270866E-05
       900     21 -0.4895031E-05 -0.3648012E-06 -0.1525654E-05  0.2176643E-06  0.2546692E+00 -0.9542224E-06
       900     22 -0.1659840E-05 -0.2794618E-06 -0.1115026E-05  0.8295635E-07  0.1697856E+00 -0.6353457E-06
       900     23  0.4741463E-07 -0.1438369E-06 -0.5682230E-06  0.4505227E-08  0.8489627E-01 -0.3165125E-06
       900     24  0.0000000E+00  0.0000000E+00  0.0000000E+00  0.0000000E+00  0.0000000E+00  0.0000000E+00
       900     25 -0.1684520E-05  0.1095820E-06  0.4621416E-06  0.7573787E-07 -0.8490438E-01  0.3119132E-06
       900     26 -0.4562855E-05  0.1490501E-06  0.6966667E-06  0.2243371E-06 -0.1698180E+00  0.6169478E-06
       900     27 -0.7933198E-05  0.9528867E-07  0.6077249E-06  0.4245119E-06 -0.2547421E+00  0.9128229E-06
       900     28 -0.1094297E-04 -0.5768389E-07  0.1427071E-06  0.6430801E-06 -0.3396777E+00  0.1197257E-05

      1000      0  0.0000000E+00  0.0000000E+00  0.0000000E+00  0.0000000E+00  0.0000000E+00  0.0000000E+00
      1000      1  0.0000000E+00  0.0000000E+00  0.0000000E+00  0.0000000E+00  0.0000000E+00  0.0000000E+00
      1000      2  0.3206923E-03 -0.6700850E-05 -0.4963207E-04  0.1059411E-03 -0.2805107E-03 -0.4660608E-07
      1000      3  0.2391763E-03 -0.5088893E-05 -0.3571489E-04  0.7955484E-04 -0.1584716E-03 -0.2618929E-07
      1000      4  0.1587819E-03 -0.3419302E-05 -0.2312649E-04  0.5308224E-04 -0.7103528E-04 -0.1161631E-07
      1000      5  0.7917184E-04 -0.1715427E-05 -0.1138348E-04  0.2655427E-04 -0.1820961E-04 -0.2886733E-08
      1000      6  0.0000000E+00  0.0000000E+00  0.0000000E+00  0.0000000E+00  0.0000000E+00  0.0000000E+00
      1000      7 -0.7908443E-04  0.1704582E-05  0.1151117E-04 -0.2655242E-04 -0.1640912E-04 -0.2955418E-08
      1000      8 -0.1584335E-03  0.3375965E-05  0.2363742E-04 -0.5307474E-04 -0.6743703E-04 -0.1175215E-07
      1000      9 -0.2383968E-03  0.4991551E-05  0.3686510E-04 -0.7953759E-04 -0.1530812E-03 -0.2638921E-07
      1000     10 -0.3193175E-03  0.6528213E-05  0.5167831E-04 -0.1059095E-03 -0.2733364E-03 -0.4686547E-07
      1000     11 -0.3227062E-03  0.1049402E-03  0.2999923E-03  0.1331552E-04 -0.1325470E-02 -0.2212401E-06
      1000     12 -0.2064166E-03  0.7914734E-04  0.2250170E-03  0.8463123E-05 -0.7470767E-03 -0.1249051E-06
      1000     13 -0.1209137E-03  0.5295873E-04  0.1498479E-03  0.4916883E-05 -0.3333334E-03 -0.5591135E-07
      1000     14 -0.5568113E-04  0.2653590E-04  0.7479035E-04  0.2237457E-05 -0.8428341E-04 -0.1427072E-07
      1000     15  0.0000000E+00  0.0000000E+00  0.0000000E+00  0.0000000E+00  0.0000000E+00  0.0000000E+00
      1000     16  0.5695917E-04 -0.2654807E-04 -0.7445524E-04 -0.2212483E-05 -0.8058785E-04 -0.1312061E-07
      1000     17  0.1260567E-03 -0.5300732E-04 -0.1485360E-03 -0.4816832E-05 -0.3261840E-03 -0.5365866E-07
      1000     18  0.2180976E-03 -0.7925658E-04 -0.2221737E-03 -0.8237703E-05 -0.7369591E-03 -0.1216449E-06
      1000     19  0.3437192E-03 -0.1051346E-03 -0.2952127E-03 -0.1291504E-04 -0.1313119E-02 -0.2171149E-06
      1000     20  0.1175428E-04 -0.3538800E-07  0.2612025E-05 -0.8449215E-06  0.2911733E+00 -0.5122888E-04
      1000     21  0.8683971E-05  0.9801999E-07  0.2183453E-05 -0.6422924E-06  0.2183815E+00 -0.3842561E-04
      1000     22  0.5286663E-05  0.1443848E-06  0.1602199E-05 -0.4248372E-06  0.1455923E+00 -0.2561815E-04
      1000     23  0.2200068E-05  0.1068902E-06  0.8684113E-06 -0.2055554E-06  0.7280026E-01 -0.1280883E-04
      1000     24  0.0000000E+00  0.0000000E+00  0.0000000E+00  0.0000000E+00  0.0000000E+00  0.0000000E+00
      1000     25 -0.8678907E-06 -0.1522557E-06 -0.9665549E-06  0.1757865E-06 -0.7281394E-01  0.1280599E-04
      1000     26 -0.1435497E-06 -0.3190689E-06 -0.1978193E-05  0.3075457E-06 -0.1456470E+00  0.2560680E-04
      1000     27  0.2210939E-05 -0.4664589E-06 -0.2969907E-05  0.3849698E-06 -0.2185045E+00  0.3840008E-04
      1000     28  0.5998110E-05 -0.5613466E-06 -0.3871461E-05  0.4034622E-06 -0.2913921E+00  0.5118348E-04

      1100      0  0.0000000E+00  0.0000000E+00  0.0000000E+00  0.0000000E+00  0.0000000E+00  0.0000000E+00
      1100      1  0.0000000E+00  0.0000000E+00  0.0000000E+00  0.0000000E+00  0.0000000E+00  0.0000000E+00
      1100      2 -0.6576939E-04  0.1345193E-04 -0.3254968E-03 -0.7718017E-04 -0.1493981E-03 -0.1203622E-07
      1100      3 -0.4811407E-04  0.1006358E-04 -0.2452967E-03 -0.5760762E-04 -0.8277892E-04 -0.6754244E-08
      1100      4 -0.3158608E-04  0.6699615E-05 -0.1640510E-03 -0.3828144E-04 -0.3567073E-04 -0.2987648E-08
      1100      5 -0.1570593E-04  0.3348983E-05 -0.8215550E-04 -0.1910998E-04 -0.8077303E-05 -0.7362880E-09
      1100      6  0.0000000E+00  0.0000000E+00  0.0000000E+00  0.0000000E+00  0.0000000E+00  0.0000000E+00
      1100      7  0.1600256E-04 -0.3359309E-05  0.8202829E-04  0.1914239E-04 -0.1143771E-04 -0.7786021E-09
      1100      8  0.3277287E-04 -0.6740862E-05  0.1635419E-03  0.3841078E-04 -0.4238678E-04 -0.3071893E-08
      1100      9  0.5078534E-04 -0.1015617E-04  0.2441499E-03  0.5789748E-04 -0.9284089E-04 -0.6879653E-08
      1100     10  0.7052040E-04 -0.1361600E-04  0.3234553E-03  0.7769262E-04 -0.1627911E-03 -0.1220164E-07
      1100     11 -0.1479373E-02 -0.8115829E-04 -0.2023497E-03  0.3351962E-04 -0.7530863E-03 -0.5773400E-07
      1100     12 -0.1141028E-02 -0.5938195E-04 -0.1485299E-03  0.2547102E-04 -0.4253446E-03 -0.3272444E-07
      1100     13 -0.7755485E-03 -0.3885227E-04 -0.9738134E-04  0.1711967E-04 -0.1905648E-03 -0.1476475E-07
      1100     14 -0.3922966E-03 -0.1919593E-04 -0.4814044E-04  0.8597957E-05 -0.4876697E-04 -0.3855674E-08
      1100     15  0.0000000E+00  0.0000000E+00  0.0000000E+00  0.0000000E+00  0.0000000E+00  0.0000000E+00
      1100     16  0.3929531E-03  0.1917022E-04  0.4787897E-04 -0.8603571E-05 -0.4434266E-04 -0.3202532E-08
      1100     17  0.7782003E-03  0.3875384E-04  0.9636123E-04 -0.1715078E-04 -0.1819054E-03 -0.1347010E-07
      1100     18  0.1147089E-02  0.5917695E-04  0.1463343E-03 -0.2557314E-04 -0.4128322E-03 -0.3081154E-07
      1100     19  0.1490382E-02  0.8083421E-04  0.1987050E-03 -0.3377986E-04 -0.7373019E-03 -0.5523773E-07
      1100     20 -0.9895583E-05  0.3540145E-06  0.3673530E-05 -0.6001827E-06  0.1643345E+00 -0.8738126E-04
      1100     21 -0.8175562E-05  0.2082109E-06  0.2717101E-05 -0.4374515E-06  0.1232352E+00 -0.6553975E-04
      1100     22 -0.5832642E-05  0.9749484E-07  0.1781902E-05 -0.2827113E-06  0.8215236E-01 -0.4369474E-04
      1100     23 -0.3042569E-05  0.2701211E-07  0.8743500E-06 -0.1369152E-06  0.4107694E-01 -0.2184767E-04
      1100     24  0.0000000E+00  0.0000000E+00  0.0000000E+00  0.0000000E+00  0.0000000E+00  0.0000000E+00
      1100     25  0.3088481E-05  0.1759826E-07 -0.8371909E-06  0.1289934E-06 -0.4108739E-01  0.2184683E-04
      1100     26  0.6012092E-05  0.7872817E-07 -0.1635345E-05  0.2517420E-06 -0.8219420E-01  0.4369138E-04
      1100     27  0.8564128E-05  0.1800470E-06 -0.2394852E-05  0.3704249E-06 -0.1233294E+00  0.6553219E-04
      1100     28  0.1055053E-04  0.3159837E-06 -0.3118250E-05  0.4874905E-06 -0.1645019E+00  0.8736781E-04

      1200      0  0.0000000E+00  0.0000000E+00  0.0000000E+00  0.0000000E+00  0.0000000E+00  0.0000000E+00
      1200      1  0.0000000E+00  0.0000000E+00  0.0000000E+00  0.0000000E+00  0.0000000E+00  0.0000000E+00
      1200      2 -0.9869126E-04 -0.2137172E-05  0.4466084E-03 -0.1895381E-04  0.4249486E-05 -0.7084657E-10
      1200      3 -0.7409069E-04 -0.1493097E-05  0.3347013E-03 -0.1467953E-04  0.1881887E-05 -0.4076515E-10
      1200      4 -0.4943066E-04 -0.9430612E-06  0.2230184E-03 -0.9999958E-05  0.3830814E-06 -0.1892524E-10
      1200      5 -0.2473206E-04 -0.4557438E-06  0.1114809E-03 -0.5058984E-05 -0.2454157E-06 -0.5335987E-11
      1200      6  0.0000000E+00  0.0000000E+00  0.0000000E+00  0.0000000E+00  0.0000000E+00  0.0000000E+00
      1200      7  0.2476899E-04  0.4551594E-06 -0.1115180E-03  0.5033952E-05  0.1124977E-05 -0.2913548E-11
      1200      8  0.4957964E-04  0.9405941E-06 -0.2231660E-03  0.9900003E-05  0.3137163E-05 -0.1406669E-10
      1200      9  0.7443075E-04  0.1487059E-05 -0.3350317E-03  0.1445529E-04  0.6046156E-05 -0.3344323E-10
      1200     10  0.9930802E-04  0.2125216E-05 -0.4471916E-03  0.1855682E-04  0.9863456E-05 -0.6102055E-10
      1200     11  0.2158348E-02 -0.1376740E-04  0.8034002E-04 -0.1880114E-04  0.2056861E-04  0.2253994E-09
      1200     12  0.1613071E-02 -0.1252503E-04  0.5870914E-04 -0.1343208E-04  0.1015126E-04  0.1360896E-09
      1200     13  0.1072174E-02 -0.9381161E-05  0.3839008E-04 -0.8615482E-05  0.3200434E-05  0.6877846E-10
      1200     14  0.5350255E-03 -0.4989294E-05  0.1894238E-04 -0.4194566E-05 -0.2002929E-06  0.2342244E-10
      1200     15  0.0000000E+00  0.0000000E+00  0.0000000E+00  0.0000000E+00  0.0000000E+00  0.0000000E+00
      1200     16 -0.5350494E-03  0.4936601E-05 -0.1875993E-04  0.4147638E-05  0.3819140E-05 -0.1486597E-11
      1200     17 -0.1072308E-02  0.9167204E-05 -0.3765141E-04  0.8436653E-05  0.1124164E-04  0.1898902E-10
      1200     18 -0.1613509E-02  0.1203200E-04 -0.5701681E-04  0.1306324E-04  0.2221883E-04  0.6147590E-10
      1200     19 -0.2159427E-02  0.1286318E-04 -0.7726696E-04  0.1822958E-04  0.3666964E-04  0.1260425E-09
      1200     20  0.8219861E-05 -0.4673403E-06  0.4391657E-05 -0.9831239E-06 -0.6774433E-02 -0.9998533E-04
      1200     21  0.5936839E-05 -0.3460831E-06  0.3214228E-05 -0.7286334E-06 -0.5117418E-02 -0.7498881E-04
      1200     22  0.3813789E-05 -0.2276064E-06  0.2095559E-05 -0.4788346E-06 -0.3429178E-02 -0.4999245E-04
      1200     23  0.1838646E-05 -0.1121806E-06  0.1027025E-05 -0.2354336E-06 -0.1719956E-02 -0.2499620E-04
      1200     24  0.0000000E+00  0.0000000E+00  0.0000000E+00  0.0000000E+00  0.0000000E+00  0.0000000E+00
      1200     25 -0.1712696E-05  0.1088023E-06 -0.9940505E-06  0.2260132E-06  0.1720433E-02  0.2499620E-04
      1200     26 -0.3308959E-05  0.2141410E-06 -0.1963471E-05  0.4412484E-06  0.3431079E-02  0.4999245E-04
      1200     27 -0.4797128E-05  0.3159648E-06 -0.2916336E-05  0.6444240E-06  0.5121660E-02  0.7498881E-04
      1200     28 -0.6184238E-05  0.4142442E-06 -0.3860369E-05  0.8343152E-06  0.6781887E-02  0.9998532E-04

      1300      0  0.0000000E+00  0.0000000E+00  0.0000000E+00  0.0000000E+00  0.0000000E+00  0.0000000E+00
      1300      1  0.0000000E+00  0.0000000E+00  0.0000000E+00  0.0000000E+00  0.0000000E+00  0.0000000E+00
      1300      2 -0.1118917E-04 -0.9359421E-05 -0.2029121E-03  0.1010420E-03  0.1665347E-03 -0.1391672E-07
      1300      3 -0.1013435E-04 -0.7055704E-05 -0.1504568E-03  0.7598225E-04  0.9327704E-04 -0.7844437E-08
      1300      4 -0.7593341E-05 -0.4719895E-05 -0.9950686E-04  0.5074435E-04  0.4111159E-04 -0.3500893E-08
      1300      5 -0.4051160E-05 -0.2364220E-05 -0.4953276E-04  0.2539541E-04  0.1002363E-04 -0.8861082E-09
      1300      6  0.0000000E+00  0.0000000E+00  0.0000000E+00  0.0000000E+00  0.0000000E+00  0.0000000E+00
      1300      7  0.4063800E-05  0.2361924E-05  0.4962822E-04 -0.2537851E-04  0.1102900E-04 -0.8423783E-09
      1300      8  0.7642704E-05  0.4710752E-05  0.9988869E-04 -0.5067666E-04  0.4310038E-04 -0.3412946E-08
      1300      9  0.1024099E-04  0.7035291E-05  0.1513158E-03 -0.7582955E-04  0.9620533E-04 -0.7711300E-08
      1300     10  0.1136797E-04  0.9323514E-05  0.2044389E-03 -0.1007696E-03  0.1703364E-03 -0.1373693E-07
      1300     11 -0.1065605E-02  0.9810056E-04 -0.8965231E-04 -0.5016837E-05  0.7867727E-03 -0.6298772E-07
      1300     12 -0.7603201E-03  0.7474349E-04 -0.6848573E-04 -0.3919583E-05  0.4415085E-03 -0.3518355E-07
      1300     13 -0.4884106E-03  0.5036352E-04 -0.4630045E-04 -0.2695676E-05  0.1951821E-03 -0.1541091E-07
      1300     14 -0.2388192E-03  0.2534016E-04 -0.2336813E-04 -0.1384506E-05  0.4796425E-04 -0.3679969E-08
      1300     15  0.0000000E+00  0.0000000E+00  0.0000000E+00  0.0000000E+00  0.0000000E+00  0.0000000E+00
      1300     16  0.2398249E-03 -0.2535844E-04  0.2345868E-04  0.1456031E-05  0.5140937E-04 -0.4379335E-08
      1300     17  0.4924278E-03 -0.5043904E-04  0.4663111E-04  0.2979362E-05  0.2022872E-03 -0.1682540E-07
      1300     18  0.7693321E-03 -0.7492249E-04  0.6911195E-04  0.4547998E-05  0.4527027E-03 -0.3734471E-07
      1300     19  0.1081536E-02 -0.9844140E-04  0.9047502E-04  0.6106397E-05  0.8026988E-03 -0.6594290E-07
      1300     20 -0.4356152E-05  0.6077450E-06  0.3080476E-05 -0.7855469E-06 -0.1760586E+00 -0.8564401E-04
      1300     21 -0.1917966E-05  0.4845186E-06  0.2394582E-05 -0.5952286E-06 -0.1320913E+00 -0.6422603E-04
      1300     22 -0.3518279E-06  0.3336356E-06  0.1636382E-05 -0.4024738E-06 -0.8808655E-01 -0.4281376E-04
      1300     23  0.2877522E-06  0.1678543E-06  0.8290982E-06 -0.2040596E-06 -0.4405320E-01 -0.2140561E-04
      1300     24  0.0000000E+00  0.0000000E+00  0.0000000E+00  0.0000000E+00  0.0000000E+00  0.0000000E+00
      1300     25 -0.1164952E-05 -0.1575193E-06 -0.8242912E-06  0.2065648E-06  0.4406425E-01  0.2140466E-04
      1300     26 -0.3109941E-05 -0.2931632E-06 -0.1622087E-05  0.4097994E-06  0.8813074E-01  0.4280996E-04
      1300     27 -0.5695561E-05 -0.3966787E-06 -0.2380193E-05  0.6018720E-06  0.1321907E+00  0.6421749E-04
      1300     28 -0.8745813E-05 -0.4594864E-06 -0.3096505E-05  0.7738587E-06  0.1762352E+00  0.8562883E-04

      1400      0  0.0000000E+00  0.0000000E+00  0.0000000E+00  0.0000000E+00  0.0000000E+00  0.0000000E+00
      1400      1  0.0000000E+00  0.0000000E+00  0.0000000E+00  0.0000000E+00  0.0000000E+00  0.0000000E+00
      1400      2  0.2027578E-03  0.3743424E-05 -0.2022830E-03 -0.9826289E-04  0.2907407E-03 -0.4983950E-07
      1400      3  0.1530265E-03  0.2732564E-05 -0.1533260E-03 -0.7345361E-04  0.1647297E-03 -0.2806027E-07
      1400      4  0.1024044E-03  0.1789623E-05 -0.1029378E-03 -0.4885920E-04  0.7427318E-04 -0.1249408E-07
      1400      5  0.5127285E-04  0.8879026E-06 -0.5165302E-04 -0.2440150E-04  0.1936503E-04 -0.3140804E-08
      1400      6  0.0000000E+00  0.0000000E+00  0.0000000E+00  0.0000000E+00  0.0000000E+00  0.0000000E+00
      1400      7 -0.5105267E-04 -0.9017768E-06  0.5149556E-04  0.2442691E-04  0.1617406E-04 -0.3070948E-08
      1400      8 -0.1015242E-03 -0.1845002E-05  0.1023074E-03  0.4896051E-04  0.6788439E-04 -0.1235263E-07
      1400      9 -0.1510479E-03 -0.2856720E-05  0.1519055E-03  0.7368043E-04  0.1551295E-03 -0.2784373E-07
      1400     10 -0.1992456E-03 -0.3963019E-05  0.1997527E-03  0.9866324E-04  0.2779093E-03 -0.4954265E-07
      1400     11 -0.8528287E-03 -0.1011792E-03  0.1252629E-03 -0.1769254E-04  0.1339164E-02 -0.2303248E-06
      1400     12 -0.6842295E-03 -0.7477052E-04  0.9335118E-04 -0.1437391E-04  0.7525057E-03 -0.1291572E-06
      1400     13 -0.4774151E-03 -0.4928376E-04  0.6198113E-04 -0.1011501E-04  0.3336320E-03 -0.5702823E-07
      1400     14 -0.2452388E-03 -0.2446436E-04  0.3096069E-04 -0.5215813E-05  0.8273572E-04 -0.1396649E-07
      1400     15  0.0000000E+00  0.0000000E+00  0.0000000E+00  0.0000000E+00  0.0000000E+00  0.0000000E+00
      1400     16  0.2463200E-03  0.2445281E-04 -0.3123226E-04  0.5194641E-05  0.8559714E-04 -0.1515638E-07
      1400     17  0.4817828E-03  0.4924247E-04 -0.6304622E-04  0.1002497E-04  0.3396872E-03 -0.5946281E-07
      1400     18  0.6942106E-03  0.7469568E-04 -0.9566433E-04  0.1415182E-04  0.7624160E-03 -0.1329461E-06
      1400     19  0.8709292E-03  0.1010894E-03 -0.1291537E-03  0.1725128E-04  0.1353913E-02 -0.2356325E-06
      1400     20 -0.1199040E-05 -0.6027102E-06  0.2905777E-05 -0.4971875E-06 -0.2979134E+00 -0.4822259E-04
      1400     21 -0.3399135E-05 -0.4181604E-06  0.2029294E-05 -0.3997915E-06 -0.2234719E+00 -0.3615226E-04
      1400     22 -0.3748609E-05 -0.2336961E-06  0.1258972E-05 -0.2842030E-06 -0.1490027E+00 -0.2409366E-04
      1400     23 -0.2468522E-05 -0.8486985E-07  0.5854785E-06 -0.1515435E-06 -0.7451046E-01 -0.1204388E-04
      1400     24  0.0000000E+00  0.0000000E+00  0.0000000E+00  0.0000000E+00  0.0000000E+00  0.0000000E+00
      1400     25  0.3060171E-05  0.3080746E-08 -0.4964845E-06  0.1727714E-06  0.7452397E-01  0.1204090E-04
      1400     26  0.6038277E-05 -0.8094667E-07 -0.8894375E-06  0.3666494E-06  0.1490567E+00  0.2408176E-04
      1400     27  0.8268901E-05 -0.2442499E-06 -0.1153263E-05  0.5762110E-06  0.2235935E+00  0.3612548E-04
      1400     28  0.9178514E-05 -0.4666525E-06 -0.1259536E-05  0.7887809E-06  0.2981296E+00  0.4817501E-04

      1500      0  0.0000000E+00  0.0000000E+00  0.0000000E+00  0.0000000E+00  0.0000000E+00  0.0000000E+00
      1500      1  0.0000000E+00  0.0000000E+00  0.0000000E+00  0.0000000E+00  0.0000000E+00  0.0000000E+00
      1500      2 -0.1338414E-03  0.1377142E-04  0.4273063E-03  0.1558166E-04  0.3187273E-03 -0.9817431E-07
      1500      3 -0.9949778E-04  0.1046990E-04  0.3205871E-03  0.1116137E-04  0.1784339E-03 -0.5525326E-07
      1500      4 -0.6596339E-04  0.7047797E-05  0.2137593E-03  0.7199575E-05  0.7854903E-04 -0.2458422E-07
      1500      5 -0.3291318E-04  0.3544763E-05  0.1068819E-03  0.3533321E-05  0.1907117E-04 -0.6166780E-08
      1500      6  0.0000000E+00  0.0000000E+00  0.0000000E+00  0.0000000E+00  0.0000000E+00  0.0000000E+00
      1500      7  0.3313472E-04 -0.3547604E-05 -0.1068477E-03 -0.3562660E-05  0.2133621E-04 -0.6082437E-08
      1500      8  0.6685041E-04 -0.7059309E-05 -0.2136220E-03 -0.7316639E-05  0.8308148E-04 -0.2441213E-07
      1500      9  0.1014968E-03 -0.1049636E-04 -0.3202768E-03 -0.1142366E-04  0.1852384E-03 -0.5498661E-07
      1500     10  0.1374033E-03 -0.1381986E-04 -0.4267517E-03 -0.1604515E-04  0.3278104E-03 -0.9780288E-07
      1500     11  0.2027428E-02  0.2149379E-04  0.1751648E-04  0.7006990E-04  0.1532558E-02 -0.4566702E-06
      1500     12  0.1529075E-02  0.1364404E-04  0.1927214E-04  0.5366219E-04  0.8619303E-03 -0.2564485E-06
      1500     13  0.1022781E-02  0.7925284E-05  0.1571769E-04  0.3631242E-04  0.3828547E-03 -0.1135628E-06
      1500     14  0.5122739E-03  0.3619544E-05  0.8652745E-05  0.1833042E-04  0.9549283E-04 -0.2806284E-07
      1500     15  0.0000000E+00  0.0000000E+00  0.0000000E+00  0.0000000E+00  0.0000000E+00  0.0000000E+00
      1500     16 -0.5122581E-03 -0.3664123E-05 -0.8255275E-05 -0.1840393E-04  0.9652555E-04 -0.2942682E-07
      1500     17 -0.1022749E-02 -0.8104627E-05 -0.1412710E-04 -0.3659574E-04  0.3852126E-03 -0.1163973E-06
      1500     18 -0.1529105E-02 -0.1405114E-04 -0.1569715E-04 -0.5425894E-04  0.8661984E-03 -0.2609667E-06
      1500     19 -0.2027685E-02 -0.2222545E-04 -0.1119441E-04 -0.7102739E-04  0.1539614E-02 -0.4631920E-06
      1500     20  0.9033327E-05  0.3757649E-06 -0.6385166E-06  0.3507641E-06 -0.3394855E+00  0.2194336E-05
      1500     21  0.8205749E-05  0.1549651E-06 -0.1490586E-06  0.2948142E-06 -0.2546206E+00  0.1666047E-05
      1500     22  0.5860773E-05  0.8257220E-08  0.1116064E-06  0.2087637E-06 -0.1697522E+00  0.1121701E-05
      1500     23  0.2827901E-05 -0.4372750E-07  0.1550287E-06  0.1057580E-06 -0.8487917E-01  0.5650877E-06
      1500     24  0.0000000E+00  0.0000000E+00  0.0000000E+00  0.0000000E+00  0.0000000E+00  0.0000000E+00
      1500     25 -0.1816623E-05  0.1214437E-06 -0.3290297E-06 -0.9152152E-07  0.8488663E-01 -0.5697676E-06
      1500     26 -0.2033674E-05  0.2870608E-06 -0.7971666E-06 -0.1484133E-06  0.1697821E+00 -0.1140418E-05
      1500     27 -0.3770253E-06  0.4534634E-06 -0.1350583E-05 -0.1480814E-06  0.2546878E+00 -0.1708152E-05
      1500     28  0.3064605E-05  0.5746015E-06 -0.1908267E-05 -0.6897636E-07  0.3396051E+00 -0.2269168E-05

      1600      0  0.0000000E+00  0.0000000E+00  0.0000000E+00  0.0000000E+00  0.0000000E+00  0.0000000E+00
      1600      1  0.0000000E+00  0.0000000E+00  0.0000000E+00  0.0000000E+00  0.0000000E+00  0.0000000E+00
      1600      2 -0.2292013E-03 -0.2137896E-04 -0.2997514E-03  0.7358472E-04  0.2739059E-03 -0.1458636E-06
      1600      3 -0.1749140E-03 -0.1604267E-04 -0.2231109E-03  0.5550690E-04  0.1538717E-03 -0.8207286E-07
      1600      4 -0.1180295E-03 -0.1069892E-04 -0.1479458E-03  0.3714812E-04  0.6822046E-04 -0.3649931E-07
      1600      5 -0.5942929E-04 -0.5350815E-05 -0.7374775E-04  0.1861233E-04  0.1693514E-04 -0.9142176E-08
      1600      6  0.0000000E+00  0.0000000E+00  0.0000000E+00  0.0000000E+00  0.0000000E+00  0.0000000E+00
      1600      7  0.5936969E-04  0.5352623E-05  0.7381843E-04 -0.1859017E-04  0.1740024E-04 -0.9070638E-08
      1600      8  0.1177912E-03  0.1070614E-04  0.1482287E-03 -0.3705948E-04  0.6912205E-04 -0.3635124E-07
      1600      9  0.1743786E-03  0.1605886E-04  0.2237479E-03 -0.5530751E-04  0.1551526E-03 -0.8183827E-07
      1600     10  0.2282514E-03  0.2140758E-04  0.3008851E-03 -0.7323036E-04  0.2754798E-03 -0.1455275E-06
      1600     11 -0.1519479E-02  0.6857238E-04 -0.3276309E-03 -0.7682119E-04  0.1322661E-02 -0.6809866E-06
      1600     12 -0.1105034E-02  0.5336388E-04 -0.2542555E-03 -0.5651839E-04  0.7462425E-03 -0.3827298E-06
      1600     13 -0.7199090E-03  0.3647890E-04 -0.1735106E-03 -0.3714334E-04  0.3335467E-03 -0.1697670E-06
      1600     14 -0.3549392E-03  0.1851296E-04 -0.8794552E-04 -0.1841981E-04  0.8474395E-04 -0.4216634E-07
      1600     15  0.0000000E+00  0.0000000E+00  0.0000000E+00  0.0000000E+00  0.0000000E+00  0.0000000E+00
      1600     16  0.3554920E-03 -0.1855985E-04  0.8794008E-04  0.1849560E-04  0.7947820E-04 -0.4334442E-07
      1600     17  0.7221153E-03 -0.3667044E-04  0.1734759E-03  0.3743746E-04  0.3233419E-03 -0.1722802E-06
      1600     18  0.1109975E-02 -0.5380923E-04  0.2541310E-03  0.5714515E-04  0.7317560E-03 -0.3868920E-06
      1600     19  0.1528196E-02 -0.6939812E-04  0.3273003E-03  0.7784419E-04  0.1304887E-02 -0.6872688E-06
      1600     20 -0.9777760E-05  0.2148716E-06 -0.3717003E-05 -0.1463361E-07 -0.2895273E+00  0.5201910E-04
      1600     21 -0.6149330E-05  0.2631329E-06 -0.3049591E-05  0.4585841E-07 -0.2171164E+00  0.3903482E-04
      1600     22 -0.2984661E-05  0.2283589E-06 -0.2160898E-05  0.7642253E-07 -0.1447303E+00  0.2603446E-04
      1600     23 -0.8194033E-06  0.1311908E-06 -0.1121516E-05  0.6467666E-07 -0.7236092E-01  0.1302165E-04
      1600     24  0.0000000E+00  0.0000000E+00  0.0000000E+00  0.0000000E+00  0.0000000E+00  0.0000000E+00
      1600     25 -0.6496639E-06 -0.1330110E-06  0.1134886E-05 -0.1266799E-06  0.7236062E-01 -0.1302685E-04
      1600     26 -0.2660589E-05 -0.2360014E-06  0.2210683E-05 -0.3221452E-06  0.1447291E+00 -0.2605529E-04
      1600     27 -0.5712012E-05 -0.2815578E-06  0.3148629E-05 -0.5892754E-06  0.2171137E+00 -0.3908167E-04
      1600     28 -0.9311626E-05 -0.2502385E-06  0.3863818E-05 -0.9248723E-06  0.2895226E+00 -0.5210238E-04

      1700      0  0.0000000E+00  0.0000000E+00  0.0000000E+00  0.0000000E+00  0.0000000E+00  0.0000000E+00
      1700      1  0.0000000E+00  0.0000000E+00  0.0000000E+00  0.0000000E+00  0.0000000E+00  0.0000000E+00
      1700      2  0.5346209E-03  0.4386729E-05 -0.4621981E-04 -0.9465926E-04  0.1558036E-03 -0.1800546E-06
      1700      3  0.4023718E-03  0.3127386E-05 -0.3666117E-04 -0.7081363E-04  0.8843390E-04 -0.1012922E-06
      1700      4  0.2688672E-03  0.2011867E-05 -0.2533814E-04 -0.4712684E-04  0.4001121E-04 -0.4502977E-07
      1700      5  0.1345910E-03  0.9873600E-06 -0.1290283E-04 -0.2354240E-04  0.1053354E-04 -0.1126635E-07
      1700      6  0.0000000E+00  0.0000000E+00  0.0000000E+00  0.0000000E+00  0.0000000E+00  0.0000000E+00
      1700      7 -0.1344623E-03 -0.1004503E-05  0.1272913E-04  0.2356236E-04  0.8410770E-05 -0.1122804E-07
      1700      8 -0.2683527E-03 -0.2080238E-05  0.2464302E-04  0.4720632E-04  0.3576727E-04 -0.4494700E-07
      1700      9 -0.4012150E-03 -0.3280465E-05  0.3509602E-04  0.7099109E-04  0.8207230E-04 -0.1011526E-06
      1700     10 -0.5325672E-03 -0.4656961E-05  0.4343484E-04  0.9497130E-04  0.1473302E-03 -0.1798397E-06
      1700     11 -0.8133352E-04 -0.9602596E-04  0.5169512E-03 -0.6581737E-05  0.7417919E-03 -0.8428105E-06
      1700     12 -0.1145453E-03 -0.7148756E-04  0.3879926E-03 -0.8592671E-05  0.4180700E-03 -0.4739658E-06
      1700     13 -0.1020362E-03 -0.4735959E-04  0.2587032E-03 -0.7491868E-05  0.1864670E-03 -0.2104959E-06
      1700     14 -0.5892753E-04 -0.2357965E-04  0.1294044E-03 -0.4280831E-05  0.4707540E-04 -0.5247880E-07
      1700     15  0.0000000E+00  0.0000000E+00  0.0000000E+00  0.0000000E+00  0.0000000E+00  0.0000000E+00
      1700     16  0.6019349E-04  0.2357148E-04 -0.1298090E-03  0.4291347E-05  0.4535616E-04 -0.5315213E-07
      1700     17  0.1071374E-03  0.4733069E-04 -0.2602962E-03  0.7530775E-05  0.1832674E-03 -0.2120351E-06
      1700     18  0.1261470E-03  0.7143609E-04 -0.3914749E-03  0.8668593E-05  0.4138624E-03 -0.4767560E-06
      1700     19  0.1022053E-03  0.9596537E-04 -0.5228604E-03  0.6688683E-05  0.7372705E-03 -0.8474293E-06
      1700     20 -0.1490395E-05 -0.5906052E-06 -0.8959056E-06  0.5712754E-06 -0.1614670E+00  0.8781655E-04
      1700     21 -0.2451389E-05 -0.4153080E-06 -0.8486345E-06  0.3705275E-06 -0.1210487E+00  0.6587723E-04
      1700     22 -0.2459777E-05 -0.2516987E-06 -0.6884250E-06  0.2110768E-06 -0.8067378E-01  0.4392660E-04
      1700     23 -0.1600764E-05 -0.1102774E-06 -0.4074085E-06  0.8857575E-07 -0.4032872E-01  0.2196681E-04
      1700     24  0.0000000E+00  0.0000000E+00  0.0000000E+00  0.0000000E+00  0.0000000E+00  0.0000000E+00
      1700     25  0.2184798E-05  0.7204453E-07  0.5400791E-06 -0.5670176E-07  0.4032588E-01 -0.2197168E-04
      1700     26  0.4772573E-05  0.1008746E-06  0.1222012E-05 -0.8313269E-07  0.8066244E-01 -0.4394610E-04
      1700     27  0.7567768E-05  0.8377918E-07  0.2059214E-05 -0.8108089E-07  0.1210232E+00 -0.6592111E-04
      1700     28  0.1036915E-04  0.2040818E-07  0.3069716E-05 -0.5319520E-07  0.1614217E+00 -0.8789457E-04

      1800      0  0.0000000E+00  0.0000000E+00  0.0000000E+00  0.0000000E+00  0.0000000E+00  0.0000000E+00
      1800      1  0.0000000E+00  0.0000000E+00  0.0000000E+00  0.0000000E+00  0.0000000E+00  0.0000000E+00
      1800      2 -0.3723589E-03  0.2471182E-04  0.3062950E-03  0.3856826E-04 -0.1813910E-04 -0.1915411E-06
      1800      3 -0.2770562E-03  0.1875769E-04  0.2302965E-03  0.2835511E-04 -0.1113766E-04 -0.1077388E-06
      1800      4 -0.1837300E-03  0.1261147E-04  0.1537755E-03  0.1863830E-04 -0.5783027E-05 -0.4788221E-07
      1800      5 -0.9163770E-04  0.6337724E-05  0.7694562E-04  0.9244357E-05 -0.2072019E-05 -0.1196997E-07
      1800      6  0.0000000E+00  0.0000000E+00  0.0000000E+00  0.0000000E+00  0.0000000E+00  0.0000000E+00
      1800      7  0.9197971E-04 -0.6338727E-05 -0.7687839E-04 -0.9267685E-05  0.4389492E-06 -0.1196941E-07
      1800      8  0.1850958E-03 -0.1261564E-04 -0.1535071E-03 -0.1873106E-04 -0.7480956E-06 -0.4787456E-07
      1800      9  0.2801211E-03 -0.1876765E-04 -0.2296941E-03 -0.2856177E-04 -0.3552986E-05 -0.1077110E-06
      1800     10  0.3777872E-03 -0.2473100E-04 -0.3052283E-03 -0.3893045E-04 -0.7966548E-05 -0.1914735E-06
      1800     11  0.1406974E-02  0.4459100E-04 -0.2922054E-03  0.1265182E-03 -0.2406799E-04 -0.8984980E-06
      1800     12  0.1079329E-02  0.3093425E-04 -0.2040169E-03  0.9806544E-04 -0.1242829E-04 -0.5055467E-06
      1800     13  0.7301596E-03  0.1941558E-04 -0.1287148E-03  0.6686292E-04 -0.4471463E-05 -0.2247602E-06
      1800     14  0.3680694E-03  0.9344749E-05 -0.6220775E-04  0.3388150E-04 -0.2976104E-06 -0.5621560E-07
      1800     15  0.0000000E+00  0.0000000E+00  0.0000000E+00  0.0000000E+00  0.0000000E+00  0.0000000E+00
      1800     16 -0.3679817E-03 -0.9354181E-05  0.6258816E-04 -0.3394422E-04 -0.3664009E-05 -0.5621037E-07
      1800     17 -0.7298529E-03 -0.1945347E-04  0.1302084E-03 -0.6709786E-04 -0.1136649E-04 -0.2249536E-06
      1800     18 -0.1078781E-02 -0.3102040E-04  0.2072626E-03 -0.9853345E-04 -0.2317532E-04 -0.5063464E-06
      1800     19 -0.1406268E-02 -0.4474743E-04  0.2976539E-03 -0.1271962E-03 -0.3914906E-04 -0.9005156E-06
      1800     20  0.1028683E-04 -0.2362422E-06 -0.2729398E-05  0.1777656E-05  0.1016830E-01  0.9992602E-04
      1800     21  0.7610443E-05 -0.1747565E-06 -0.2138475E-05  0.1328637E-05  0.7679718E-02  0.7495102E-04
      1800     22  0.4993602E-05 -0.1142340E-06 -0.1489526E-05  0.8846225E-06  0.5145217E-02  0.4997177E-04
      1800     23  0.2451841E-05 -0.5568218E-07 -0.7779262E-06  0.4426718E-06  0.2580182E-02  0.2498814E-04
      1800     24  0.0000000E+00  0.0000000E+00  0.0000000E+00  0.0000000E+00  0.0000000E+00  0.0000000E+00
      1800     25 -0.2347205E-05  0.5203431E-07  0.8472636E-06 -0.4460025E-06 -0.2579943E-02 -0.2499277E-04
      1800     26 -0.4574687E-05  0.9977412E-07  0.1766439E-05 -0.8977567E-06 -0.5144258E-02 -0.4999029E-04
      1800     27 -0.6666567E-05  0.1427141E-06  0.2759838E-05 -0.1357482E-05 -0.7677550E-02 -0.7499270E-04
      1800     28 -0.8605839E-05  0.1804996E-06  0.3829635E-05 -0.1827183E-05 -0.1016442E-01 -0.1000001E-03

      1900      0  0.0000000E+00  0.0000000E+00  0.0000000E+00  0.0000000E+00  0.0000000E+00  0.0000000E+00
      1900      1  0.0000000E+00  0.0000000E+00  0.0000000E+00  0.0000000E+00  0.0000000E+00  0.0000000E+00
      1900      2 -0.2289251E-03 -0.3690844E-04 -0.2886944E-03  0.3751653E-04 -0.1745122E-03 -0.1772027E-06
      1900      3 -0.1772308E-03 -0.2768172E-04 -0.2150960E-03  0.2855586E-04 -0.9813736E-04 -0.9965752E-07
      1900      4 -0.1207772E-03 -0.1845394E-04 -0.1427297E-03  0.1922983E-04 -0.4358722E-04 -0.4427636E-07
      1900      5 -0.6116527E-04 -0.9226985E-05 -0.7117557E-04  0.9669219E-05 -0.1087180E-04 -0.1105787E-07
      1900      6  0.0000000E+00  0.0000000E+00  0.0000000E+00  0.0000000E+00  0.0000000E+00  0.0000000E+00
      1900      7  0.6111287E-04  0.9229193E-05  0.7123717E-04 -0.9654329E-05 -0.1097966E-04 -0.1110009E-07
      1900      8  0.1205697E-03  0.1846267E-04  0.1429763E-03 -0.1917039E-04 -0.4381763E-04 -0.4435483E-07
      1900      9  0.1767717E-03  0.2770095E-04  0.2156513E-03 -0.2842254E-04 -0.9851978E-04 -0.9976024E-07
      1900     10  0.2281287E-03  0.3694158E-04  0.2896830E-03 -0.3728056E-04 -0.1750909E-03 -0.1773117E-06
      1900     11 -0.1435393E-02  0.3131631E-04 -0.2880986E-03 -0.1664812E-03 -0.7730789E-03 -0.8330376E-06
      1900     12 -0.1054144E-02  0.2589335E-04 -0.2386983E-03 -0.1234699E-03 -0.4317019E-03 -0.4689582E-06
      1900     13 -0.6914116E-03  0.1839599E-04 -0.1698278E-03 -0.8156062E-04 -0.1890311E-03 -0.2087136E-06
      1900     14 -0.3422164E-03  0.9545228E-05 -0.8811411E-04 -0.4054244E-04 -0.4511303E-04 -0.5236874E-07
      1900     15  0.0000000E+00  0.0000000E+00  0.0000000E+00  0.0000000E+00  0.0000000E+00  0.0000000E+00
      1900     16  0.3425679E-03 -0.9615201E-05  0.8818597E-04  0.4057747E-04 -0.5374419E-04 -0.5169538E-07
      1900     17  0.6928373E-03 -0.1867777E-04  0.1701175E-03  0.8168724E-04 -0.2063915E-03 -0.2075543E-06
      1900     18  0.1057424E-02 -0.2653308E-04  0.2393578E-03  0.1237035E-03 -0.4579767E-03 -0.4676876E-06
      1900     19  0.1441400E-02 -0.3246276E-04  0.2892870E-03  0.1667666E-03 -0.8085196E-03 -0.8322177E-06
      1900     20  0.2527735E-05  0.3226137E-06 -0.7601993E-05  0.1040311E-05  0.1790592E+00  0.8507750E-04
      1900     21  0.9788285E-06  0.2642094E-06 -0.5778065E-05  0.6439427E-06  0.1343359E+00  0.6380708E-04
      1900     22  0.1600197E-08  0.1861986E-06 -0.3846570E-05  0.3383258E-06  0.8957621E-01  0.4253896E-04
      1900     23 -0.3348191E-06  0.9547764E-07 -0.1891686E-05  0.1247208E-06  0.4479321E-01  0.2127074E-04
      1900     24  0.0000000E+00  0.0000000E+00  0.0000000E+00  0.0000000E+00  0.0000000E+00  0.0000000E+00
      1900     25  0.9940047E-06 -0.9179016E-07  0.1742757E-05 -0.4342768E-07 -0.4479031E-01 -0.2127566E-04
      1900     26  0.2591881E-05 -0.1715748E-06  0.3255214E-05 -0.1756198E-07 -0.8956463E-01 -0.4255865E-04
      1900     27  0.4697522E-05 -0.2317892E-06  0.4464062E-05  0.6138624E-07 -0.1343098E+00 -0.6385140E-04
      1900     28  0.7179786E-05 -0.2662143E-06  0.5307912E-05  0.1733501E-06 -0.1790128E+00 -0.8515629E-04

      2000      0  0.0000000E+00  0.0000000E+00  0.0000000E+00  0.0000000E+00  0.0000000E+00  0.0000000E+00
      2000      1  0.0000000E+00  0.0000000E+00  0.0000000E+00  0.0000000E+00  0.0000000E+00  0.0000000E+00
      2000      2  0.7690253E-03  0.1485517E-04  0.6200768E-04 -0.6759579E-04 -0.2876548E-03 -0.1409162E-06
      2000      3  0.5796832E-03  0.1086932E-04  0.4450389E-04 -0.5058447E-04 -0.1613172E-03 -0.7923530E-07
      2000      4  0.3877890E-03  0.7121601E-05  0.2875890E-04 -0.3367039E-04 -0.7126805E-04 -0.3518991E-07
      2000      5  0.1942686E-03  0.3527345E-05  0.1413406E-04 -0.1682134E-04 -0.1749859E-04 -0.8778719E-08
      2000      6  0.0000000E+00  0.0000000E+00  0.0000000E+00  0.0000000E+00  0.0000000E+00  0.0000000E+00
      2000      7 -0.1941612E-03 -0.3547747E-05 -0.1426766E-04  0.1683328E-04 -0.1876314E-04 -0.8851589E-08
      2000      8 -0.3873566E-03 -0.7202875E-05 -0.2929269E-04  0.3371764E-04 -0.7377845E-04 -0.3533089E-07
      2000      9 -0.5786995E-03 -0.1105093E-04 -0.4570251E-04  0.5068894E-04 -0.1650357E-03 -0.7943486E-07
      2000     10 -0.7672495E-03 -0.1517487E-04 -0.6413201E-04  0.6777683E-04 -0.2925238E-03 -0.1411600E-06
      2000     11  0.4235533E-03 -0.6746596E-04  0.7725419E-03  0.6163564E-04 -0.1337374E-02 -0.6641133E-06
      2000     12  0.2689660E-03 -0.5065435E-04  0.5885396E-03  0.3969421E-04 -0.7533680E-03 -0.3740911E-06
      2000     13  0.1557254E-03 -0.3373494E-04  0.3963470E-03  0.2327745E-04 -0.3357183E-03 -0.1666994E-06
      2000     14  0.7051860E-04 -0.1684084E-04  0.1993543E-03  0.1066374E-04 -0.8455743E-04 -0.4198343E-07
      2000     15  0.0000000E+00  0.0000000E+00  0.0000000E+00  0.0000000E+00  0.0000000E+00  0.0000000E+00
      2000     16 -0.6911563E-04  0.1681302E-04 -0.1997487E-03 -0.1062920E-04 -0.8214845E-04 -0.4081737E-07
      2000     17 -0.1500849E-03  0.3362604E-04 -0.3978819E-03 -0.2314501E-04 -0.3310988E-03 -0.1645152E-06
      2000     18 -0.2561987E-03  0.5041763E-04 -0.5918216E-03 -0.3941801E-04 -0.7469477E-03 -0.3711847E-06
      2000     19 -0.4007814E-03  0.6706355E-04 -0.7779086E-03 -0.6120014E-04 -0.1329801E-02 -0.6609284E-06
      2000     20 -0.6224304E-05  0.5894822E-08 -0.2433045E-05 -0.7319592E-06  0.2996292E+00  0.4728049E-04
      2000     21 -0.4704628E-05 -0.5840803E-07 -0.8533158E-06 -0.5125032E-06  0.2247472E+00  0.3545321E-04
      2000     22 -0.2937831E-05 -0.8286469E-07  0.3564494E-07 -0.2755656E-06  0.1498436E+00  0.2363355E-04
      2000     23 -0.1257612E-05 -0.6254535E-07  0.2765375E-06 -0.8617044E-07  0.7492553E-01  0.1181724E-04
      2000     24  0.0000000E+00  0.0000000E+00  0.0000000E+00  0.0000000E+00  0.0000000E+00  0.0000000E+00
      2000     25  0.5510425E-06  0.9483201E-07 -0.5899307E-06 -0.5669463E-07 -0.7492594E-01 -0.1182244E-04
      2000     26  0.2121197E-06  0.2058572E-06 -0.1238654E-05 -0.2746817E-06 -0.1498452E+00 -0.2365438E-04
      2000     27 -0.1064731E-05  0.3130498E-06 -0.1670414E-05 -0.6480843E-06 -0.2247508E+00 -0.3550007E-04
      2000     28 -0.3176850E-05  0.3953511E-06 -0.1621874E-05 -0.1146119E-05 -0.2996356E+00 -0.4736382E-04
