# number of spin vectors:      29
# iteration vector   S_X            S_Y            S_Z
         0      0  0.0000000E+00  0.0000000E+00  0.0000000E+00
         0      1  0.0000000E+00  0.1000000E+01  0.6123234E-16
         0      2  0.0000000E+00  0.1000000E+01  0.6123234E-16
         0      3  0.0000000E+00  0.1000000E+01  0.6123234E-16
         0      4  0.0000000E+00  0.1000000E+01  0.6123234E-16
         0      5  0.0000000E+00  0.1000000E+01  0.6123234E-16
         0      6  0.0000000E+00  0.1000000E+01  0.6123234E-16
         0      7  0.0000000E+00  0.1000000E+01  0.6123234E-16
         0      8  0.0000000E+00  0.1000000E+01  0.6123234E-16
         0      9  0.0000000E+00  0.1000000E+01  0.6123234E-16
         0     10  0.0000000E+00  0.1000000E+01  0.6123234E-16
         0     11  0.0000000E+00  0.1000000E+01  0.6123234E-16
         0     12  0.0000000E+00  0.1000000E+01  0.6123234E-16
         0     13  0.0000000E+00  0.1000000E+01  0.6123234E-16
         0     14  0.0000000E+00  0.1000000E+01  0.6123234E-16
         0     15  0.0000000E+00  0.1000000E+01  0.6123234E-16
         0     16  0.0000000E+00  0.1000000E+01  0.6123234E-16
         0     17  0.0000000E+00  0.1000000E+01  0.6123234E-16
         0     18  0.0000000E+00  0.1000000E+01  0.6123234E-16
         0     19  0.0000000E+00  0.1000000E+01  0.6123234E-16
         0     20  0.0000000E+00  0.1000000E+01  0.6123234E-16
         0     21  0.0000000E+00  0.1000000E+01  0.6123234E-16
         0     22  0.0000000E+00  0.1000000E+01  0.6123234E-16
         0     23  0.0000000E+00  0.1000000E+01  0.6123234E-16
         0     24  0.0000000E+00  0.1000000E+01  0.6123234E-16
         0     25  0.0000000E+00  0.1000000E+01  0.6123234E-16
         0     26  0.0000000E+00  0.1000000E+01  0.6123234E-16
         0     27  0.0000000E+00  0.1000000E+01  0.6123234E-16
         0     28  0.0000000E+00  0.1000000E+01  0.6123234E-16

        10      0  0.0000000E+00  0.0000000E+00  0.0000000E+00
        10      1 -0.4609562E-16  0.1000000E+01 -0.4030625E-16
        10      2  0.1175321E-07  0.1000000E+01 -0.6040576E-04
        10      3  0.7791754E-08  0.1000000E+01 -0.4529811E-04
        10      4  0.4512807E-08  0.1000000E+01 -0.3019459E-04
        10      5  0.1915759E-08  0.1000000E+01 -0.1509522E-04
        10      6 -0.4609562E-16  0.1000000E+01 -0.4030625E-16
        10      7 -0.1235077E-08  0.1000000E+01  0.1509106E-04
        10      8 -0.1790079E-08  0.1000000E+01  0.3017794E-04
        10      9 -0.1665611E-08  0.1000000E+01  0.4526065E-04
        10     10 -0.8622785E-09  0.1000000E+01  0.6033916E-04
        10     11 -0.1675781E-05  0.1000000E+01  0.8105186E-04
        10     12 -0.1255070E-05  0.1000000E+01  0.6075901E-04
        10     13 -0.8355415E-06  0.1000000E+01  0.4048606E-04
        10     14 -0.4171874E-06  0.1000000E+01  0.2023304E-04
        10     15 -0.4609562E-16  0.1000000E+01 -0.4030625E-16
        10     16  0.4160288E-06  0.1000000E+01 -0.2021300E-04
        10     17  0.8309068E-06  0.1000000E+01 -0.4040591E-04
        10     18  0.1244642E-05  0.1000000E+01 -0.6057869E-04
        10     19  0.1657243E-05  0.1000000E+01 -0.8073128E-04
        10     20  0.1544180E-04  0.1000000E+01 -0.5579790E-05
        10     21  0.1158097E-04  0.1000000E+01 -0.4184317E-05
        10     22  0.7720396E-05  0.1000000E+01 -0.2789194E-05
        10     23  0.3860071E-05  0.1000000E+01 -0.1394422E-05
        10     24 -0.4609562E-16  0.1000000E+01 -0.4030625E-16
        10     25 -0.3859818E-05  0.1000000E+01  0.1394071E-05
        10     26 -0.7719384E-05  0.1000000E+01  0.2787793E-05
        10     27 -0.1157870E-04  0.1000000E+01  0.4181164E-05
        10     28 -0.1543776E-04  0.1000000E+01  0.5574186E-05

        20      0  0.0000000E+00  0.0000000E+00  0.0000000E+00
        20      1  0.6068497E-16  0.1000000E+01 -0.8169088E-17
        20      2 -0.2579342E-06  0.1000000E+01  0.6390186E-05
        20      3 -0.1930361E-06  0.1000000E+01  0.4794495E-05
        20      4 -0.1284149E-06  0.1000000E+01  0.3197554E-05
        20      5 -0.6406977E-07  0.1000000E+01  0.1599382E-05
        20      6  0.6068497E-16  0.1000000E+01 -0.8169088E-17
        20      7  0.6379523E-07  0.1000000E+01 -0.1600570E-05
        20      8  0.1273167E-06  0.1000000E+01 -0.3202309E-05
        20      9  0.1905652E-06  0.1000000E+01 -0.4805195E-05
        20     10  0.2535415E-06  0.1000000E+01 -0.6409207E-05
        20     11  0.1816657E-05  0.1000000E+01  0.6482616E-04
        20     12  0.1357449E-05  0.1000000E+01  0.4864688E-04
        20     13  0.9016046E-06  0.1000000E+01  0.3244946E-04
        20     14  0.4491218E-06  0.1000000E+01  0.1623385E-04
        20     15  0.6068497E-16  0.1000000E+01 -0.8169088E-17
        20     16 -0.4457620E-06  0.1000000E+01 -0.1625213E-04
        20     17 -0.8881652E-06  0.1000000E+01 -0.3252259E-04
        20     18 -0.1327211E-05  0.1000000E+01 -0.4881142E-04
        20     19 -0.1762899E-05  0.1000000E+01 -0.6511867E-04
        20     20  0.1050036E-04  0.1000000E+01  0.1032388E-04
        20     21  0.7875627E-05  0.1000000E+01  0.7745511E-05
        20     22  0.5250656E-05  0.1000000E+01  0.5165411E-05
        20     23  0.2625447E-05  0.1000000E+01  0.2583574E-05
        20     24  0.6068497E-16  0.1000000E+01 -0.8169088E-17
        20     25 -0.2625684E-05  0.1000000E+01 -0.2585312E-05
        20     26 -0.5251605E-05  0.1000000E+01 -0.5172362E-05
        20     27 -0.7877762E-05  0.1000000E+01 -0.7761151E-05
        20     28 -0.1050416E-04  0.1000000E+01 -0.1035168E-04

        30      0  0.0000000E+00  0.0000000E+00  0.0000000E+00
        30      1 -0.3379626E-16  0.1000000E+01  0.5106087E-16
        30      2  0.3960171E-06  0.1000000E+01  0.2312352E-04
        30      3  0.2972337E-06  0.1000000E+01  0.1733753E-04
        30      4  0.1983034E-06  0.1000000E+01  0.1155496E-04
        30      5  0.9922565E-07  0.1000000E+01  0.5775788E-05
        30      6 -0.3379626E-16  0.1000000E+01  0.5106087E-16
        30      7 -0.9937415E-07  0.1000000E+01 -0.5772424E-05
        30      8 -0.1988973E-06  0.1000000E+01 -0.1154150E-04
        30      9 -0.2985702E-06  0.1000000E+01 -0.1730725E-04
        30     10 -0.3983931E-06  0.1000000E+01 -0.2306970E-04
        30     11 -0.2395180E-06  0.1000000E+01 -0.1590478E-03
        30     12 -0.1807175E-06  0.1000000E+01 -0.1192669E-03
        30     13 -0.1211930E-06  0.1000000E+01 -0.7949849E-04
        30     14 -0.6095148E-07  0.1000000E+01 -0.3974275E-04
        30     15 -0.3379626E-16  0.1000000E+01  0.5106087E-16
        30     16  0.6165425E-07  0.1000000E+01  0.3972949E-04
        30     17  0.1240040E-06  0.1000000E+01  0.7944543E-04
        30     18  0.1870420E-06  0.1000000E+01  0.1191476E-03
        30     19  0.2507609E-06  0.1000000E+01  0.1588356E-03
        30     20  0.1447070E-05  0.1000000E+01 -0.4669615E-05
        30     21  0.1084828E-05  0.1000000E+01 -0.3502845E-05
        30     22  0.7229027E-06  0.1000000E+01 -0.2335653E-05
        30     23  0.3612934E-06  0.1000000E+01 -0.1168038E-05
        30     24 -0.3379626E-16  0.1000000E+01  0.5106087E-16
        30     25 -0.3609776E-06  0.1000000E+01  0.1168460E-05
        30     26 -0.7216395E-06  0.1000000E+01  0.2337343E-05
        30     27 -0.1081986E-05  0.1000000E+01  0.3506648E-05
        30     28 -0.1442017E-05  0.1000000E+01  0.4676375E-05

        40      0  0.0000000E+00  0.0000000E+00  0.0000000E+00
        40      1 -0.1619213E-16  0.1000000E+01 -0.5905264E-16
        40      2 -0.2788421E-06  0.1000000E+01  0.5484173E-04
        40      3 -0.2111091E-06  0.1000000E+01  0.4113583E-04
        40      4 -0.1420581E-06  0.1000000E+01  0.2742690E-04
        40      5 -0.7168857E-07  0.1000000E+01  0.1371496E-04
        40      6 -0.1619213E-16  0.1000000E+01 -0.5905264E-16
        40      7  0.7300820E-07  0.1000000E+01 -0.1371797E-04
        40      8  0.1473366E-06  0.1000000E+01 -0.2743894E-04
        40      9  0.2229857E-06  0.1000000E+01 -0.4116291E-04
        40     10  0.2999562E-06  0.1000000E+01 -0.5488987E-04
        40     11 -0.1673215E-05  0.1000000E+01  0.3376188E-04
        40     12 -0.1250265E-05  0.1000000E+01  0.2526739E-04
        40     13 -0.8304197E-06  0.1000000E+01  0.1680872E-04
        40     14 -0.4136687E-06  0.1000000E+01  0.8386155E-05
        40     15 -0.1619213E-16  0.1000000E+01 -0.5905264E-16
        40     16  0.4105979E-06  0.1000000E+01 -0.8349451E-05
        40     17  0.8181367E-06  0.1000000E+01 -0.1666190E-04
        40     18  0.1222628E-05  0.1000000E+01 -0.2493706E-04
        40     19  0.1624083E-05  0.1000000E+01 -0.3317462E-04
        40     20  0.1808815E-04  0.1000000E+01 -0.2159440E-05
        40     21  0.1356573E-04  0.1000000E+01 -0.1623106E-05
        40     22  0.9043557E-05  0.1000000E+01 -0.1084421E-05
        40     23  0.4521649E-05  0.1000000E+01 -0.5433854E-06
        40     24 -0.1619213E-16  0.1000000E+01 -0.5905264E-16
        40     25 -0.4521388E-05  0.1000000E+01  0.5457356E-06
        40     26 -0.9042516E-05  0.1000000E+01  0.1093821E-05
        40     27 -0.1356338E-04  0.1000000E+01  0.1644257E-05
        40     28 -0.1808399E-04  0.1000000E+01  0.2197043E-05

        50      0  0.0000000E+00  0.0000000E+00  0.0000000E+00
        50      1  0.5511323E-16  0.1000000E+01  0.2668205E-16
        50      2  0.1786967E-07  0.1000000E+01 -0.8283834E-04
        50      3  0.1438315E-07  0.1000000E+01 -0.6213252E-04
        50      4  0.1024293E-07  0.1000000E+01 -0.4142417E-04
        50      5  0.5448665E-08  0.1000000E+01 -0.2071332E-04
        50      6  0.5511323E-16  0.1000000E+01  0.2668205E-16
        50      7 -0.6103427E-08  0.1000000E+01  0.2071578E-04
        50      8 -0.1286198E-07  0.1000000E+01  0.4143398E-04
        50      9 -0.2027602E-07  0.1000000E+01  0.6215458E-04
        50     10 -0.2834592E-07  0.1000000E+01  0.8287757E-04
        50     11  0.2236945E-05  0.1000000E+01 -0.1593524E-05
        50     12  0.1670330E-05  0.1000000E+01 -0.1179901E-05
        50     13  0.1108643E-05  0.1000000E+01 -0.7765409E-06
        50     14  0.5518715E-06  0.1000000E+01 -0.3832909E-06
        50     15  0.5511323E-16  0.1000000E+01  0.2668205E-16
        50     16 -0.5469852E-06  0.1000000E+01  0.3734834E-06
        50     17 -0.1089098E-05  0.1000000E+01  0.7373107E-06
        50     18 -0.1626353E-05  0.1000000E+01  0.1091633E-05
        50     19 -0.2158765E-05  0.1000000E+01  0.1436603E-05
        50     20  0.4938887E-05  0.1000000E+01  0.9063742E-05
        50     21  0.3705093E-05  0.1000000E+01  0.6800073E-05
        50     22  0.2470680E-05  0.1000000E+01  0.4534892E-05
        50     23  0.1235650E-05  0.1000000E+01  0.2268200E-05
        50     24  0.5511323E-16  0.1000000E+01  0.2668205E-16
        50     25 -0.1236269E-05  0.1000000E+01 -0.2269707E-05
        50     26 -0.2473157E-05  0.1000000E+01 -0.4540920E-05
        50     27 -0.3710664E-05  0.1000000E+01 -0.6813637E-05
        50     28 -0.4948792E-05  0.1000000E+01 -0.9087856E-05

        60      0  0.0000000E+00  0.0000000E+00  0.0000000E+00
        60      1 -0.5636454E-16  0.1000000E+01  0.2392567E-16
        60      2  0.3565700E-06  0.1000000E+01  0.1002449E-04
        60      3  0.2676263E-06  0.1000000E+01  0.7515923E-05
        60      4  0.1785500E-06  0.1000000E+01  0.5008969E-05
        60      5  0.8934119E-07  0.1000000E+01  0.2503653E-05
        60      6 -0.5636454E-16  0.1000000E+01  0.2392567E-16
        60      7 -0.8947350E-07  0.1000000E+01 -0.2501966E-05
        60      8 -0.1790792E-06  0.1000000E+01 -0.5002219E-05
        60      9 -0.2688170E-06  0.1000000E+01 -0.7500734E-05
        60     10 -0.3586869E-06  0.1000000E+01 -0.9997488E-05
        60     11 -0.9345993E-06  0.1000000E+01  0.1619573E-03
        60     12 -0.7031533E-06  0.1000000E+01  0.1214937E-03
        60     13 -0.4702411E-06  0.1000000E+01  0.8101325E-04
        60     14 -0.2358581E-06  0.1000000E+01  0.4051545E-04
        60     15 -0.5636454E-16  0.1000000E+01  0.2392567E-16
        60     16  0.2373378E-06  0.1000000E+01 -0.4053344E-04
        60     17  0.4761598E-06  0.1000000E+01 -0.8108522E-04
        60     18  0.7164704E-06  0.1000000E+01 -0.1216557E-03
        60     19  0.9582739E-06  0.1000000E+01 -0.1622451E-03
        60     20  0.5227253E-05  0.1000000E+01 -0.6936297E-05
        60     21  0.3919111E-05  0.1000000E+01 -0.5200561E-05
        60     22  0.2611855E-05  0.1000000E+01 -0.3465931E-05
        60     23  0.1305485E-05  0.1000000E+01 -0.1732411E-05
        60     24 -0.5636454E-16  0.1000000E+01  0.2392567E-16
        60     25 -0.1304599E-05  0.1000000E+01  0.1731300E-05
        60     26 -0.2608314E-05  0.1000000E+01  0.3461488E-05
        60     27 -0.3911143E-05  0.1000000E+01  0.5190564E-05
        60     28 -0.5213089E-05  0.1000000E+01  0.6918525E-05

        70      0  0.0000000E+00  0.0000000E+00  0.0000000E+00
        70      1  0.1909080E-16  0.1000000E+01 -0.5818024E-16
        70      2 -0.7419985E-06  0.1000000E+01 -0.3683245E-05
        70      3 -0.5590837E-06  0.1000000E+01 -0.2752298E-05
        70      4 -0.3744452E-06  0.1000000E+01 -0.1828119E-05
        70      5 -0.1880837E-06  0.1000000E+01 -0.9106924E-06
        70      6  0.1909080E-16  0.1000000E+01 -0.5818024E-16
        70      7  0.1898050E-06  0.1000000E+01  0.9039752E-06
        70      8  0.3813304E-06  0.1000000E+01  0.1801250E-05
        70      9  0.5745755E-06  0.1000000E+01  0.2691843E-05
        70     10  0.7695394E-06  0.1000000E+01  0.3575771E-05
        70     11 -0.1285088E-05  0.1000000E+01 -0.1778723E-03
        70     12 -0.9579865E-06  0.1000000E+01 -0.1334203E-03
        70     13 -0.6347718E-06  0.1000000E+01 -0.8895741E-04
        70     14 -0.3154433E-06  0.1000000E+01 -0.4448391E-04
        70     15  0.1909080E-16  0.1000000E+01 -0.5818024E-16
        70     16  0.3115591E-06  0.1000000E+01  0.4449412E-04
        70     17  0.6192349E-06  0.1000000E+01  0.8899823E-04
        70     18  0.9230285E-06  0.1000000E+01  0.1335121E-03
        70     19  0.1222941E-05  0.1000000E+01  0.1780356E-03
        70     20  0.1753859E-04  0.1000000E+01  0.3126512E-05
        70     21  0.1315426E-04  0.1000000E+01  0.2345027E-05
        70     22  0.8769720E-05  0.1000000E+01  0.1563447E-05
        70     23  0.4384966E-05  0.1000000E+01  0.7817719E-06
        70     24  0.1909080E-16  0.1000000E+01 -0.5818024E-16
        70     25 -0.4385179E-05  0.1000000E+01 -0.7818696E-06
        70     26 -0.8770571E-05  0.1000000E+01 -0.1563838E-05
        70     27 -0.1315618E-04  0.1000000E+01 -0.2345906E-05
        70     28 -0.1754199E-04  0.1000000E+01 -0.3128076E-05

        80      0  0.0000000E+00  0.0000000E+00  0.0000000E+00
        80      1  0.3123146E-16  0.1000000E+01  0.5266873E-16
        80      2  0.8809794E-06  0.1000000E+01  0.7890712E-04
        80      3  0.6622180E-06  0.1000000E+01  0.5917740E-04
        80      4  0.4424677E-06  0.1000000E+01  0.3944966E-04
        80      5  0.2217285E-06  0.1000000E+01  0.1972388E-04
        80      6  0.3123146E-16  0.1000000E+01  0.5266873E-16
        80      7 -0.2227180E-06  0.1000000E+01 -0.1972201E-04
        80      8 -0.4464256E-06  0.1000000E+01 -0.3944221E-04
        80      9 -0.6711231E-06  0.1000000E+01 -0.5916062E-04
        80     10 -0.8968107E-06  0.1000000E+01 -0.7887730E-04
        80     11  0.3246740E-05  0.1000000E+01  0.1851745E-04
        80     12  0.2427256E-05  0.1000000E+01  0.1385950E-04
        80     13  0.1612977E-05  0.1000000E+01  0.9220591E-05
        80     14  0.8038942E-06  0.1000000E+01  0.4600747E-05
        80     15  0.3123146E-16  0.1000000E+01  0.5266873E-16
        80     16 -0.7987136E-06  0.1000000E+01 -0.4581621E-05
        80     17 -0.1592255E-05  0.1000000E+01 -0.9144086E-05
        80     18 -0.2380631E-05  0.1000000E+01 -0.1368737E-04
        80     19 -0.3163852E-05  0.1000000E+01 -0.1821144E-04
        80     20  0.4962858E-06  0.1000000E+01  0.5314514E-05
        80     21  0.3730752E-06  0.1000000E+01  0.3982849E-05
        80     22  0.2492916E-06  0.1000000E+01  0.2653208E-05
        80     23  0.1249337E-06  0.1000000E+01  0.1325592E-05
        80     24  0.3123146E-16  0.1000000E+01  0.5266873E-16
        80     25 -0.1255107E-06  0.1000000E+01 -0.1323567E-05
        80     26 -0.2515999E-06  0.1000000E+01 -0.2645109E-05
        80     27 -0.3782688E-06  0.1000000E+01 -0.3964625E-05
        80     28 -0.5055188E-06  0.1000000E+01 -0.5282116E-05

        90      0  0.0000000E+00  0.0000000E+00  0.0000000E+00
        90      1 -0.6020709E-16  0.1000000E+01 -0.1115824E-16
        90      2 -0.6440685E-06  0.1000000E+01 -0.6540691E-04
        90      3 -0.4832171E-06  0.1000000E+01 -0.4906017E-04
        90      4 -0.3222547E-06  0.1000000E+01 -0.3271012E-04
        90      5 -0.1611820E-06  0.1000000E+01 -0.1635674E-04
        90      6 -0.6020709E-16  0.1000000E+01 -0.1115824E-16
        90      7  0.1612905E-06  0.1000000E+01  0.1636012E-04
        90      8  0.3226885E-06  0.1000000E+01  0.3272365E-04
        90      9  0.4841932E-06  0.1000000E+01  0.4909060E-04
        90     10  0.6458037E-06  0.1000000E+01  0.6546101E-04
        90     11 -0.3823963E-05  0.1000000E+01 -0.2646116E-04
        90     12 -0.2871242E-05  0.1000000E+01 -0.1979544E-04
        90     13 -0.1916346E-05  0.1000000E+01 -0.1316399E-04
        90     14 -0.9592686E-06  0.1000000E+01 -0.6565830E-05
        90     15 -0.6020709E-16  0.1000000E+01 -0.1115824E-16
        90     16  0.9614684E-06  0.1000000E+01  0.6534470E-05
        90     17  0.1925146E-05  0.1000000E+01  0.1303855E-04
        90     18  0.2891040E-05  0.1000000E+01  0.1951320E-04
        90     19  0.3859162E-05  0.1000000E+01  0.2595940E-04
        90     20  0.9998759E-05  0.1000000E+01 -0.9088106E-05
        90     21  0.7497028E-05  0.1000000E+01 -0.6814284E-05
        90     22  0.4996659E-05  0.1000000E+01 -0.4541660E-05
        90     23  0.2497650E-05  0.1000000E+01 -0.2270232E-05
        90     24 -0.6020709E-16  0.1000000E+01 -0.1115824E-16
        90     25 -0.2496292E-05  0.1000000E+01  0.2269037E-05
        90     26 -0.4991228E-05  0.1000000E+01  0.4536880E-05
        90     27 -0.7484809E-05  0.1000000E+01  0.6803530E-05
        90     28 -0.9977036E-05  0.1000000E+01  0.9068987E-05

       100      0  0.0000000E+00  0.0000000E+00  0.0000000E+00
       100      1  0.4803128E-16  0.1000000E+01 -0.3797888E-16
       100      2  0.3275194E-06  0.1000000E+01 -0.1545438E-04
       100      3  0.2434678E-06  0.1000000E+01 -0.1158958E-04
       100      4  0.1608639E-06  0.1000000E+01 -0.7725551E-05
       100      5  0.7970798E-07  0.1000000E+01 -0.3862342E-05
       100      6  0.4803128E-16  0.1000000E+01 -0.3797888E-16
       100      7 -0.7825995E-07  0.1000000E+01  0.3861427E-05
       100      8 -0.1550718E-06  0.1000000E+01  0.7721891E-05
       100      9 -0.2304354E-06  0.1000000E+01  0.1158134E-04
       100     10 -0.3043509E-06  0.1000000E+01  0.1543973E-04
       100     11  0.2596010E-05  0.1000000E+01  0.1614466E-03
       100     12  0.1953155E-05  0.1000000E+01  0.1210816E-03
       100     13  0.1306212E-05  0.1000000E+01  0.8071939E-04
       100     14  0.6551649E-06  0.1000000E+01  0.4035913E-04
       100     15  0.4803128E-16  0.1000000E+01 -0.3797888E-16
       100     16 -0.6592971E-06  0.1000000E+01 -0.4035884E-04
       100     17 -0.1322741E-05  0.1000000E+01 -0.8071824E-04
       100     18 -0.1990345E-05  0.1000000E+01 -0.1210790E-03
       100     19 -0.2662124E-05  0.1000000E+01 -0.1614420E-03
       100     20  0.1383258E-04  0.1000000E+01  0.9080650E-05
       100     21  0.1037599E-04  0.1000000E+01  0.6809228E-05
       100     22  0.6918367E-05  0.1000000E+01  0.4538645E-05
       100     23  0.3459703E-05  0.1000000E+01  0.2268902E-05
       100     24  0.4803128E-16  0.1000000E+01 -0.3797888E-16
       100     25 -0.3460743E-05  0.1000000E+01 -0.2268060E-05
       100     26 -0.6922529E-05  0.1000000E+01 -0.4535276E-05
       100     27 -0.1038536E-04  0.1000000E+01 -0.6801648E-05
       100     28 -0.1384923E-04  0.1000000E+01 -0.9067174E-05

       110      0  0.0000000E+00  0.0000000E+00  0.0000000E+00
       110      1 -0.3026188E-17  0.1000000E+01  0.6115752E-16
       110      2 -0.2021055E-06  0.1000000E+01 -0.2874557E-05
       110      3 -0.1504549E-06  0.1000000E+01 -0.2138889E-05
       110      4 -0.9955418E-07  0.1000000E+01 -0.1414656E-05
       110      5 -0.4940277E-07  0.1000000E+01 -0.7017345E-06
       110      6 -0.3026188E-17  0.1000000E+01  0.6115752E-16
       110      7  0.4865481E-07  0.1000000E+01  0.6906714E-06
       110      8  0.9656234E-07  0.1000000E+01  0.1370404E-05
       110      9  0.1437233E-06  0.1000000E+01  0.2039320E-05
       110     10  0.1901384E-06  0.1000000E+01  0.2697546E-05
       110     11 -0.2966368E-06  0.1000000E+01 -0.9282831E-04
       110     12 -0.2287040E-06  0.1000000E+01 -0.6963703E-04
       110     13 -0.1566156E-06  0.1000000E+01 -0.4643527E-04
       110     14 -0.8037859E-07  0.1000000E+01 -0.2322295E-04
       110     15 -0.3026188E-17  0.1000000E+01  0.6115752E-16
       110     16  0.8451304E-07  0.1000000E+01  0.2323364E-04
       110     17  0.1731532E-06  0.1000000E+01  0.4647805E-04
       110     18  0.2659132E-06  0.1000000E+01  0.6973331E-04
       110     19  0.3627855E-06  0.1000000E+01  0.9299949E-04
       110     20 -0.1498434E-05  0.1000000E+01 -0.1892751E-06
       110     21 -0.1123938E-05  0.1000000E+01 -0.1364736E-06
       110     22 -0.7493644E-06  0.1000000E+01 -0.8732530E-07
       110     23 -0.3747173E-06  0.1000000E+01 -0.4183311E-07
       110     24 -0.3026188E-17  0.1000000E+01  0.6115752E-16
       110     25  0.3747839E-06  0.1000000E+01  0.3817107E-07
       110     26  0.7496309E-06  0.1000000E+01  0.7267707E-07
       110     27  0.1124537E-05  0.1000000E+01  0.1035150E-06
       110     28  0.1499500E-05  0.1000000E+01  0.1306817E-06

       120      0  0.0000000E+00  0.0000000E+00  0.0000000E+00
       120      1 -0.4404730E-16  0.1000000E+01 -0.4253510E-16
       120      2  0.2633597E-06  0.1000000E+01  0.6437591E-04
       120      3  0.1974022E-06  0.1000000E+01  0.4827118E-04
       120      4  0.1315242E-06  0.1000000E+01  0.3217369E-04
       120      5  0.6572402E-07  0.1000000E+01  0.1608334E-04
       120      6 -0.4404730E-16  0.1000000E+01 -0.4253510E-16
       120      7 -0.6564956E-07  0.1000000E+01 -0.1607644E-04
       120      8 -0.1312264E-06  0.1000000E+01 -0.3214610E-04
       120      9 -0.1967321E-06  0.1000000E+01 -0.4820910E-04
       120     10 -0.2621684E-06  0.1000000E+01 -0.6426555E-04
       120     11 -0.1274353E-05  0.1000000E+01 -0.6620355E-04
       120     12 -0.9584349E-06  0.1000000E+01 -0.4963261E-04
       120     13 -0.6407395E-06  0.1000000E+01 -0.3307453E-04
       120     14 -0.3212626E-06  0.1000000E+01 -0.1653008E-04
       120     15 -0.4404730E-16  0.1000000E+01 -0.4253510E-16
       120     16  0.3230524E-06  0.1000000E+01  0.1651494E-04
       120     17  0.6478989E-06  0.1000000E+01  0.3301396E-04
       120     18  0.9745436E-06  0.1000000E+01  0.4949632E-04
       120     19  0.1302991E-05  0.1000000E+01  0.6596123E-04
       120     20  0.1401134E-04  0.1000000E+01 -0.6159994E-05
       120     21  0.1050648E-04  0.1000000E+01 -0.4625988E-05
       120     22  0.7002972E-05  0.1000000E+01 -0.3087986E-05
       120     23  0.3500813E-05  0.1000000E+01 -0.1545990E-05
       120     24 -0.4404730E-16  0.1000000E+01 -0.4253510E-16
       120     25 -0.3499471E-05  0.1000000E+01  0.1549983E-05
       120     26 -0.6997603E-05  0.1000000E+01  0.3103957E-05
       120     27 -0.1049440E-04  0.1000000E+01  0.4661921E-05
       120     28 -0.1398987E-04  0.1000000E+01  0.6223875E-05

       130      0  0.0000000E+00  0.0000000E+00  0.0000000E+00
       130      1  0.6101454E-16  0.1000000E+01 -0.5159970E-17
       130      2 -0.4092116E-06  0.1000000E+01 -0.1496994E-04
       130      3 -0.3082765E-06  0.1000000E+01 -0.1122972E-04
       130      4 -0.2064302E-06  0.1000000E+01 -0.7488037E-05
       130      5 -0.1036717E-06  0.1000000E+01 -0.3744826E-05
       130      6  0.6101454E-16  0.1000000E+01 -0.5159970E-17
       130      7  0.1045858E-06  0.1000000E+01  0.3746522E-05
       130      8  0.2100865E-06  0.1000000E+01  0.7494824E-05
       130      9  0.3165033E-06  0.1000000E+01  0.1124499E-04
       130     10  0.4238369E-06  0.1000000E+01  0.1499709E-04
       130     11  0.1092129E-05  0.1000000E+01  0.6026512E-05
       130     12  0.8222083E-06  0.1000000E+01  0.4546349E-05
       130     13  0.5502075E-06  0.1000000E+01  0.3047273E-05
       130     14  0.2761352E-06  0.1000000E+01  0.1531189E-05
       130     15  0.6101454E-16  0.1000000E+01 -0.5159970E-17
       130     16 -0.2781894E-06  0.1000000E+01 -0.1544388E-05
       130     17 -0.5584245E-06  0.1000000E+01 -0.3100070E-05
       130     18 -0.8406963E-06  0.1000000E+01 -0.4665141E-05
       130     19 -0.1124996E-05  0.1000000E+01 -0.6237694E-05
       130     20  0.7990440E-05  0.1000000E+01  0.9133555E-05
       130     21  0.5995538E-05  0.1000000E+01  0.6850405E-05
       130     22  0.3998834E-05  0.1000000E+01  0.4567095E-05
       130     23  0.2000323E-05  0.1000000E+01  0.2283627E-05
       130     24  0.6101454E-16  0.1000000E+01 -0.5159970E-17
       130     25 -0.2002141E-05  0.1000000E+01 -0.2283783E-05
       130     26 -0.4006104E-05  0.1000000E+01 -0.4567721E-05
       130     27 -0.6011895E-05  0.1000000E+01 -0.6851813E-05
       130     28 -0.8019519E-05  0.1000000E+01 -0.9136056E-05

       140      0  0.0000000E+00  0.0000000E+00  0.0000000E+00
       140      1 -0.3627846E-16  0.1000000E+01  0.4932821E-16
       140      2  0.6179931E-06  0.1000000E+01 -0.5623048E-04
       140      3  0.4640175E-06  0.1000000E+01 -0.4216663E-04
       140      4  0.3096948E-06  0.1000000E+01 -0.2810685E-04
       140      5  0.1550229E-06  0.1000000E+01 -0.1405126E-04
       140      6 -0.3627846E-16  0.1000000E+01  0.4932821E-16
       140      7 -0.1553758E-06  0.1000000E+01  0.1404681E-04
       140      8 -0.3111062E-06  0.1000000E+01  0.2808903E-04
       140      9 -0.4671933E-06  0.1000000E+01  0.4212655E-04
       140     10 -0.6236387E-06  0.1000000E+01  0.5615922E-04
       140     11  0.4424110E-06  0.1000000E+01  0.9512564E-04
       140     12  0.3299797E-06  0.1000000E+01  0.7130865E-04
       140     13  0.2187780E-06  0.1000000E+01  0.4751607E-04
       140     14  0.1087900E-06  0.1000000E+01  0.2374687E-04
       140     15 -0.3627846E-16  0.1000000E+01  0.4932821E-16
       140     16 -0.1076080E-06  0.1000000E+01 -0.2372557E-04
       140     17 -0.2140502E-06  0.1000000E+01 -0.4743087E-04
       140     18 -0.3193425E-06  0.1000000E+01 -0.7111695E-04
       140     19 -0.4235012E-06  0.1000000E+01 -0.9478486E-04
       140     20 -0.5734912E-06  0.1000000E+01 -0.4195972E-05
       140     21 -0.4319280E-06  0.1000000E+01 -0.3143872E-05
       140     22 -0.2891529E-06  0.1000000E+01 -0.2093844E-05
       140     23 -0.1451742E-06  0.1000000E+01 -0.1045887E-05
       140     24 -0.3627846E-16  0.1000000E+01  0.4932821E-16
       140     25  0.1463616E-06  0.1000000E+01  0.1043820E-05
       140     26  0.2939024E-06  0.1000000E+01  0.2085573E-05
       140     27  0.4426143E-06  0.1000000E+01  0.3125262E-05
       140     28  0.5924892E-06  0.1000000E+01  0.4162887E-05

       150      0  0.0000000E+00  0.0000000E+00  0.0000000E+00
       150      1 -0.1325387E-16  0.1000000E+01 -0.5978072E-16
       150      2 -0.6864331E-06  0.1000000E+01  0.1284497E-04
       150      3 -0.5152904E-06  0.1000000E+01  0.9640820E-05
       150      4 -0.3438387E-06  0.1000000E+01  0.6431821E-05
       150      5 -0.1720760E-06  0.1000000E+01  0.3218153E-05
       150      6 -0.1325387E-16  0.1000000E+01 -0.5978072E-16
       150      7  0.1723912E-06  0.1000000E+01 -0.3222455E-05
       150      8  0.3450998E-06  0.1000000E+01 -0.6449028E-05
       150      9  0.5181279E-06  0.1000000E+01 -0.9679535E-05
       150     10  0.6914774E-06  0.1000000E+01 -0.1291379E-04
       150     11 -0.2118306E-05  0.1000000E+01  0.3423344E-04
       150     12 -0.1591303E-05  0.1000000E+01  0.2569046E-04
       150     13 -0.1062601E-05  0.1000000E+01  0.1713721E-04
       150     14 -0.5321750E-06  0.1000000E+01  0.8573721E-05
       150     15 -0.1325387E-16  0.1000000E+01 -0.5978072E-16
       150     16  0.5339491E-06  0.1000000E+01 -0.8583927E-05
       150     17  0.1069698E-05  0.1000000E+01 -0.1717804E-04
       150     18  0.1607271E-05  0.1000000E+01 -0.2578230E-04
       150     19  0.2146695E-05  0.1000000E+01 -0.3439668E-04
       150     20  0.1565868E-04  0.1000000E+01 -0.1282488E-05
       150     21  0.1174322E-04  0.1000000E+01 -0.9623270E-06
       150     22  0.7828299E-05  0.1000000E+01 -0.6418558E-06
       150     23  0.3913893E-05  0.1000000E+01 -0.3210786E-06
       150     24 -0.1325387E-16  0.1000000E+01 -0.5978072E-16
       150     25 -0.3913387E-05  0.1000000E+01  0.3213753E-06
       150     26 -0.7826276E-05  0.1000000E+01  0.6430427E-06
       150     27 -0.1173867E-04  0.1000000E+01  0.9649975E-06
       150     28 -0.1565059E-04  0.1000000E+01  0.1287235E-05

       160      0  0.0000000E+00  0.0000000E+00  0.0000000E+00
       160      1  0.5372721E-16  0.1000000E+01  0.2937322E-16
       160      2  0.3962249E-06  0.1000000E+01  0.2844151E-04
       160      3  0.2970709E-06  0.1000000E+01  0.2132059E-04
       160      4  0.1979834E-06  0.1000000E+01  0.1420677E-04
       160      5  0.9896033E-07  0.1000000E+01  0.7099951E-05
       160      6  0.5372721E-16  0.1000000E+01  0.2937322E-16
       160      7 -0.9889950E-07  0.1000000E+01 -0.7093199E-05
       160      8 -0.1977401E-06  0.1000000E+01 -0.1417976E-04
       160      9 -0.2965236E-06  0.1000000E+01 -0.2125982E-04
       160     10 -0.3952520E-06  0.1000000E+01 -0.2833347E-04
       160     11  0.2887964E-05  0.1000000E+01 -0.1576180E-03
       160     12  0.2165178E-05  0.1000000E+01 -0.1181872E-03
       160     13  0.1442943E-05  0.1000000E+01 -0.7877320E-04
       160     14  0.7212267E-06  0.1000000E+01 -0.3937705E-04
       160     15  0.5372721E-16  0.1000000E+01  0.2937322E-16
       160     16 -0.7207683E-06  0.1000000E+01  0.3935673E-04
       160     17 -0.1441109E-05  0.1000000E+01  0.7869192E-04
       160     18 -0.2161052E-05  0.1000000E+01  0.1180043E-03
       160     19 -0.2880629E-05  0.1000000E+01  0.1572928E-03
       160     20  0.1741187E-05  0.1000000E+01  0.8323370E-05
       160     21  0.1308666E-05  0.1000000E+01  0.6242117E-05
       160     22  0.8743031E-06  0.1000000E+01  0.4161137E-05
       160     23  0.4380850E-06  0.1000000E+01  0.2080432E-05
       160     24  0.5372721E-16  0.1000000E+01  0.2937322E-16
       160     25 -0.4399637E-06  0.1000000E+01 -0.2080158E-05
       160     26 -0.8818182E-06  0.1000000E+01 -0.4160043E-05
       160     27 -0.1325575E-05  0.1000000E+01 -0.6239656E-05
       160     28 -0.1771247E-05  0.1000000E+01 -0.8318996E-05

       170      0  0.0000000E+00  0.0000000E+00  0.0000000E+00
       170      1 -0.5747811E-16  0.1000000E+01  0.2111082E-16
       170      2  0.1240818E-06  0.1000000E+01  0.4268928E-04
       170      3  0.9257416E-07  0.1000000E+01  0.3202194E-04
       170      4  0.6138992E-07  0.1000000E+01  0.2135125E-04
       170      5  0.3053115E-07  0.1000000E+01  0.1067725E-04
       170      6 -0.5747811E-16  0.1000000E+01  0.2111082E-16
       170      7 -0.3020139E-07  0.1000000E+01 -0.1068046E-04
       170      8 -0.6007088E-07  0.1000000E+01 -0.2136407E-04
       170      9 -0.8960629E-07  0.1000000E+01 -0.3205078E-04
       170     10 -0.1188055E-06  0.1000000E+01 -0.4274055E-04
       170     11 -0.1966745E-05  0.1000000E+01  0.5001056E-04
       170     12 -0.1473932E-05  0.1000000E+01  0.3746507E-04
       170     13 -0.9818855E-06  0.1000000E+01  0.2494689E-04
       170     14 -0.4905824E-06  0.1000000E+01  0.1245791E-04
       170     15 -0.5747811E-16  0.1000000E+01  0.2111082E-16
       170     16  0.4898845E-06  0.1000000E+01 -0.1242494E-04
       170     17  0.9790938E-06  0.1000000E+01 -0.2481503E-04
       170     18  0.1467650E-05  0.1000000E+01 -0.3716838E-04
       170     19  0.1955577E-05  0.1000000E+01 -0.4948311E-04
       170     20  0.2644875E-05  0.1000000E+01 -0.8740584E-05
       170     21  0.1980424E-05  0.1000000E+01 -0.6556380E-05
       170     22  0.1318137E-05  0.1000000E+01 -0.4371546E-05
       170     23  0.6580006E-06  0.1000000E+01 -0.2186085E-05
       170     24 -0.5747811E-16  0.1000000E+01  0.2111082E-16
       170     25 -0.6558794E-06  0.1000000E+01  0.2186706E-05
       170     26 -0.1309652E-05  0.1000000E+01  0.4374031E-05
       170     27 -0.1961332E-05  0.1000000E+01  0.6561972E-05
       170     28 -0.2610935E-05  0.1000000E+01  0.8750525E-05

       180      0  0.0000000E+00  0.0000000E+00  0.0000000E+00
       180      1  0.2194282E-16  0.1000000E+01 -0.5716565E-16
       180      2 -0.4801514E-06  0.1000000E+01 -0.8505736E-04
       180      3 -0.3608601E-06  0.1000000E+01 -0.6379367E-04
       180      4 -0.2410695E-06  0.1000000E+01 -0.4252948E-04
       180      5 -0.1207821E-06  0.1000000E+01 -0.2126489E-04
       180      6  0.2194282E-16  0.1000000E+01 -0.5716565E-16
       180      7  0.1212743E-06  0.1000000E+01  0.2126508E-04
       180      8  0.2430387E-06  0.1000000E+01  0.4253024E-04
       180      9  0.3652907E-06  0.1000000E+01  0.6379539E-04
       180     10  0.4880281E-06  0.1000000E+01  0.8506041E-04
       180     11 -0.4086675E-06  0.1000000E+01  0.9297599E-05
       180     12 -0.3084461E-06  0.1000000E+01  0.6973669E-05
       180     13 -0.2069198E-06  0.1000000E+01  0.4649511E-05
       180     14 -0.1041005E-06  0.1000000E+01  0.2324998E-05
       180     15  0.2194282E-16  0.1000000E+01 -0.5716565E-16
       180     16  0.1053698E-06  0.1000000E+01 -0.2325612E-05
       180     17  0.2119969E-06  0.1000000E+01 -0.4651968E-05
       180     18  0.3198693E-06  0.1000000E+01 -0.6979198E-05
       180     19  0.4289749E-06  0.1000000E+01 -0.9307434E-05
       180     20  0.1414247E-04  0.1000000E+01  0.3887279E-05
       180     21  0.1060796E-04  0.1000000E+01  0.2914083E-05
       180     22  0.7072723E-05  0.1000000E+01  0.1941804E-05
       180     23  0.3536741E-05  0.1000000E+01  0.9704415E-06
       180     24  0.2194282E-16  0.1000000E+01 -0.5716565E-16
       180     25 -0.3537515E-05  0.1000000E+01 -0.9695183E-06
       180     26 -0.7075818E-05  0.1000000E+01 -0.1938111E-05
       180     27 -0.1061493E-04  0.1000000E+01 -0.2905775E-05
       180     28 -0.1415485E-04  0.1000000E+01 -0.3872507E-05

       190      0  0.0000000E+00  0.0000000E+00  0.0000000E+00
       190      1  0.2859034E-16  0.1000000E+01  0.5414787E-16
       190      2  0.5592190E-06  0.1000000E+01  0.1719453E-04
       190      3  0.4203425E-06  0.1000000E+01  0.1289217E-04
       190      4  0.2808457E-06  0.1000000E+01  0.8592222E-05
       190      5  0.1407309E-06  0.1000000E+01  0.4294796E-05
       190      6  0.2859034E-16  0.1000000E+01  0.5414787E-16
       190      7 -0.1413447E-06  0.1000000E+01 -0.4292059E-05
       190      8 -0.2833010E-06  0.1000000E+01 -0.8581273E-05
       190      9 -0.4258670E-06  0.1000000E+01 -0.1286753E-04
       190     10 -0.5690404E-06  0.1000000E+01 -0.1715074E-04
       190     11  0.2778876E-05  0.1000000E+01  0.1416706E-03
       190     12  0.2078943E-05  0.1000000E+01  0.1062842E-03
       190     13  0.1382483E-05  0.1000000E+01  0.7087751E-04
       190     14  0.6895005E-06  0.1000000E+01  0.3544974E-04
       190     15  0.2859034E-16  0.1000000E+01  0.5414787E-16
       190     16 -0.6860149E-06  0.1000000E+01 -0.3547258E-04
       190     17 -0.1368541E-05  0.1000000E+01 -0.7096885E-04
       190     18 -0.2047573E-05  0.1000000E+01 -0.1064897E-03
       190     19 -0.2723109E-05  0.1000000E+01 -0.1420359E-03
       190     20 -0.3193652E-05  0.1000000E+01  0.5547644E-05
       190     21 -0.2393551E-05  0.1000000E+01  0.4165006E-05
       190     22 -0.1594561E-05  0.1000000E+01  0.2779522E-05
       190     23 -0.7967034E-06  0.1000000E+01  0.1391187E-05
       190     24  0.2859034E-16  0.1000000E+01  0.5414787E-16
       190     25  0.7955276E-06  0.1000000E+01 -0.1394042E-05
       190     26  0.1589858E-05  0.1000000E+01 -0.2790942E-05
       190     27  0.2382969E-05  0.1000000E+01 -0.4190703E-05
       190     28  0.3174839E-05  0.1000000E+01 -0.5593326E-05

       200      0  0.0000000E+00  0.0000000E+00  0.0000000E+00
       200      1 -0.5958206E-16  0.1000000E+01 -0.1412013E-16
       200      2 -0.4761862E-06  0.1000000E+01  0.3049980E-05
       200      3 -0.3587209E-06  0.1000000E+01  0.2295812E-05
       200      4 -0.2401997E-06  0.1000000E+01  0.1536078E-05
       200      5 -0.1206253E-06  0.1000000E+01  0.7707996E-06
       200      6 -0.5958206E-16  0.1000000E+01 -0.1412013E-16
       200      7  0.1216737E-06  0.1000000E+01 -0.7762979E-06
       200      8  0.2443934E-06  0.1000000E+01 -0.1558071E-05
       200      9  0.3681566E-06  0.1000000E+01 -0.2345296E-05
       200     10  0.4929610E-06  0.1000000E+01 -0.3137948E-05
       200     11 -0.3451368E-05  0.1000000E+01 -0.1871219E-03
       200     12 -0.2584807E-05  0.1000000E+01 -0.1403572E-03
       200     13 -0.1720722E-05  0.1000000E+01 -0.9358146E-04
       200     14 -0.8591180E-06  0.1000000E+01 -0.4679548E-04
       200     15 -0.5958206E-16  0.1000000E+01 -0.1412013E-16
       200     16  0.8566263E-06  0.1000000E+01  0.4680422E-04
       200     17  0.1710756E-05  0.1000000E+01  0.9361644E-04
       200     18  0.2562383E-05  0.1000000E+01  0.1404359E-03
       200     19  0.3411502E-05  0.1000000E+01  0.1872618E-03
       200     20  0.6799007E-05  0.1000000E+01 -0.9271357E-05
       200     21  0.5095445E-05  0.1000000E+01 -0.6953420E-05
       200     22  0.3394439E-05  0.1000000E+01 -0.4635544E-05
       200     23  0.1695965E-05  0.1000000E+01 -0.2317735E-05
       200     24 -0.5958206E-16  0.1000000E+01 -0.1412013E-16
       200     25 -0.1693479E-05  0.1000000E+01  0.2317654E-05
       200     26 -0.3384496E-05  0.1000000E+01  0.4635221E-05
       200     27 -0.5073073E-05  0.1000000E+01  0.6952692E-05
       200     28 -0.6759234E-05  0.1000000E+01  0.9270062E-05
