# number of rays:      29
# iteration   ray    X              A              Y              B              T              D
         0      0  0.0000000E+00  0.0000000E+00  0.0000000E+00  0.0000000E+00  0.0000000E+00  0.0000000E+00
         0      1  0.0000000E+00  0.0000000E+00  0.0000000E+00  0.0000000E+00  0.0000000E+00  0.0000000E+00
         0      2 -0.1000000E-02  0.0000000E+00  0.0000000E+00  0.0000000E+00  0.0000000E+00  0.0000000E+00
         0      3 -0.7500000E-03  0.0000000E+00  0.0000000E+00  0.0000000E+00  0.0000000E+00  0.0000000E+00
         0      4 -0.5000000E-03  0.0000000E+00  0.0000000E+00  0.0000000E+00  0.0000000E+00  0.0000000E+00
         0      5 -0.2500000E-03  0.0000000E+00  0.0000000E+00  0.0000000E+00  0.0000000E+00  0.0000000E+00
         0      6  0.0000000E+00  0.0000000E+00  0.0000000E+00  0.0000000E+00  0.0000000E+00  0.0000000E+00
         0      7  0.2500000E-03  0.0000000E+00  0.0000000E+00  0.0000000E+00  0.0000000E+00  0.0000000E+00
         0      8  0.5000000E-03  0.0000000E+00  0.0000000E+00  0.0000000E+00  0.0000000E+00  0.0000000E+00
         0      9  0.7500000E-03  0.0000000E+00  0.0000000E+00  0.0000000E+00  0.0000000E+00  0.0000000E+00
         0     10  0.1000000E-02  0.0000000E+00  0.0000000E+00  0.0000000E+00  0.0000000E+00  0.0000000E+00
         0     11  0.0000000E+00  0.0000000E+00 -0.1000000E-02  0.0000000E+00  0.0000000E+00  0.0000000E+00
         0     12  0.0000000E+00  0.0000000E+00 -0.7500000E-03  0.0000000E+00  0.0000000E+00  0.0000000E+00
         0     13  0.0000000E+00  0.0000000E+00 -0.5000000E-03  0.0000000E+00  0.0000000E+00  0.0000000E+00
         0     14  0.0000000E+00  0.0000000E+00 -0.2500000E-03  0.0000000E+00  0.0000000E+00  0.0000000E+00
         0     15  0.0000000E+00  0.0000000E+00  0.0000000E+00  0.0000000E+00  0.0000000E+00  0.0000000E+00
         0     16  0.0000000E+00  0.0000000E+00  0.2500000E-03  0.0000000E+00  0.0000000E+00  0.0000000E+00
         0     17  0.0000000E+00  0.0000000E+00  0.5000000E-03  0.0000000E+00  0.0000000E+00  0.0000000E+00
         0     18  0.0000000E+00  0.0000000E+00  0.7500000E-03  0.0000000E+00  0.0000000E+00  0.0000000E+00
         0     19  0.0000000E+00  0.0000000E+00  0.1000000E-02  0.0000000E+00  0.0000000E+00  0.0000000E+00
         0     20  0.0000000E+00  0.0000000E+00  0.0000000E+00  0.0000000E+00  0.0000000E+00 -0.1000000E-03
         0     21  0.0000000E+00  0.0000000E+00  0.0000000E+00  0.0000000E+00  0.0000000E+00 -0.7500000E-04
         0     22  0.0000000E+00  0.0000000E+00  0.0000000E+00  0.0000000E+00  0.0000000E+00 -0.5000000E-04
         0     23  0.0000000E+00  0.0000000E+00  0.0000000E+00  0.0000000E+00  0.0000000E+00 -0.2500000E-04
         0     24  0.0000000E+00  0.0000000E+00  0.0000000E+00  0.0000000E+00  0.0000000E+00  0.0000000E+00
         0     25  0.0000000E+00  0.0000000E+00  0.0000000E+00  0.0000000E+00  0.0000000E+00  0.2500000E-04
         0     26  0.0000000E+00  0.0000000E+00  0.0000000E+00  0.0000000E+00  0.0000000E+00  0.5000000E-04
         0     27  0.0000000E+00  0.0000000E+00  0.0000000E+00  0.0000000E+00  0.0000000E+00  0.7500000E-04
         0     28  0.0000000E+00  0.0000000E+00  0.0000000E+00  0.0000000E+00  0.0000000E+00  0.1000000E-03

        10      0  0.0000000E+00  0.0000000E+00  0.0000000E+00  0.0000000E+00  0.0000000E+00  0.0000000E+00
        10      1  0.0000000E+00  0.0000000E+00  0.0000000E+00  0.0000000E+00  0.0000000E+00  0.0000000E+00
        10      2  0.3823129E-03 -0.2550977E-04  0.2469851E-03  0.7278604E-04  0.1347992E-04 -0.1696457E-09
        10      3  0.2868014E-03 -0.1912303E-04  0.1850853E-03  0.5460980E-04  0.6709561E-05 -0.9766646E-10
        10      4  0.1912502E-03 -0.1274218E-04  0.1232868E-03  0.3642008E-04  0.2206876E-05 -0.4540446E-10
        10      5  0.9565214E-04 -0.6367688E-05  0.6159123E-04  0.1821683E-04 -0.2924644E-07 -0.1285181E-10
        10      6  0.0000000E+00  0.0000000E+00  0.0000000E+00  0.0000000E+00  0.0000000E+00  0.0000000E+00
        10      7 -0.9571342E-04  0.6360423E-05 -0.6148535E-04 -0.1823045E-04  0.2293336E-05 -0.6839812E-11
        10      8 -0.1914953E-03  0.1271312E-04 -0.1228633E-03 -0.3647457E-04  0.6849398E-05 -0.3336137E-10
        10      9 -0.2873529E-03  0.1905763E-04 -0.1841324E-03 -0.5473241E-04  0.1366673E-04 -0.7955412E-10
        10     10 -0.3832933E-03  0.2539349E-04 -0.2452910E-03 -0.7300400E-04  0.2274381E-04 -0.1454068E-09
        10     11  0.1185789E-02  0.7276115E-04  0.4787133E-03 -0.9336258E-04 -0.3799749E-05  0.2528161E-09
        10     12  0.8883644E-03  0.5459664E-04  0.3590716E-03 -0.7006669E-04 -0.3768390E-05  0.1679019E-09
        10     13  0.5915864E-03  0.3641439E-04  0.2394019E-03 -0.4674179E-04 -0.3118738E-05  0.9741824E-10
        10     14  0.2954625E-03  0.1821523E-04  0.1197097E-03 -0.2338664E-04 -0.1859624E-05  0.4142955E-10
        10     15  0.0000000E+00  0.0000000E+00  0.0000000E+00  0.0000000E+00  0.0000000E+00  0.0000000E+00
        10     16 -0.2947942E-03 -0.1823048E-04 -0.1197220E-03  0.2341938E-04  0.2451066E-05 -0.2680664E-10
        10     17 -0.5889133E-03 -0.3647537E-04 -0.2394513E-03  0.4687272E-04  0.5484385E-05 -0.3892695E-10
        10     18 -0.8823510E-03 -0.5473384E-04 -0.3591827E-03  0.7036124E-04  0.9090646E-05 -0.3629790E-10
        10     19 -0.1175101E-02 -0.7300502E-04 -0.4789110E-03  0.9388615E-04  0.1326042E-04 -0.1885683E-10
        10     20  0.1053275E-04  0.1031276E-06  0.5109085E-05 -0.1707096E-05 -0.1782012E-01 -0.9987595E-04
        10     21  0.7686791E-05  0.8991131E-07  0.3768140E-05 -0.1282566E-05 -0.1336745E-01 -0.7490694E-04
        10     22  0.4988557E-05  0.6833761E-07  0.2469699E-05 -0.8562446E-06 -0.8913203E-02 -0.4993795E-04
        10     23  0.2429237E-05  0.3837031E-07  0.1213696E-05 -0.4285745E-06 -0.4457384E-02 -0.2496897E-04
        10     24  0.0000000E+00  0.0000000E+00  0.0000000E+00  0.0000000E+00  0.0000000E+00  0.0000000E+00
        10     25 -0.2307975E-05 -0.4675624E-07 -0.1171586E-05  0.4290350E-06  0.4458944E-02  0.2496896E-04
        10     26 -0.4503478E-05 -0.1018550E-06 -0.2301321E-05  0.8580869E-06  0.8919440E-02  0.4993791E-04
        10     27 -0.6595241E-05 -0.1652270E-06 -0.3389527E-05  0.1286713E-05  0.1338148E-01  0.7490684E-04
        10     28 -0.8591916E-05 -0.2367772E-06 -0.4436587E-05  0.1714474E-05  0.1784507E-01  0.9987577E-04

        20      0  0.0000000E+00  0.0000000E+00  0.0000000E+00  0.0000000E+00  0.0000000E+00  0.0000000E+00
        20      1  0.0000000E+00  0.0000000E+00  0.0000000E+00  0.0000000E+00  0.0000000E+00  0.0000000E+00
        20      2  0.1250430E-03 -0.1610684E-04 -0.4250694E-03 -0.1010973E-04  0.1859896E-04 -0.4309765E-09
        20      3  0.9391298E-04 -0.1208114E-04 -0.3187522E-03 -0.7621815E-05  0.1137496E-04 -0.2449457E-09
        20      4  0.6269286E-04 -0.8054696E-05 -0.2124676E-03 -0.5108269E-05  0.5867740E-05 -0.1111234E-09
        20      5  0.3138705E-04 -0.4027611E-05 -0.1062166E-03 -0.2568021E-05  0.2076418E-05 -0.2948407E-10
        20      6  0.0000000E+00  0.0000000E+00  0.0000000E+00  0.0000000E+00  0.0000000E+00  0.0000000E+00
        20      7 -0.3146383E-04  0.4028028E-05  0.1061811E-03  0.2596864E-05 -0.3626176E-06 -0.2264139E-10
        20      8 -0.6300002E-04  0.8056362E-05  0.2123257E-03  0.5223644E-05  0.9873567E-06 -0.9737629E-10
        20      9 -0.9460415E-04  0.1208489E-04  0.3184329E-03  0.7881411E-05  0.4048606E-05 -0.2241706E-09
        20     10 -0.1262718E-03  0.1611351E-04  0.4245016E-03  0.1057124E-04  0.8819705E-05 -0.4029881E-09
        20     11 -0.2035631E-02 -0.1092070E-04 -0.3936307E-04 -0.8147697E-04  0.1104263E-03 -0.4148641E-09
        20     12 -0.1527020E-02 -0.8067771E-05 -0.2975236E-04 -0.6107855E-04  0.6087120E-04 -0.1806824E-09
        20     13 -0.1018215E-02 -0.5301568E-05 -0.1995995E-04 -0.4069796E-04  0.2595885E-04 -0.3367711E-10
        20     14 -0.5092108E-03 -0.2614754E-05 -0.1002832E-04 -0.2033763E-04  0.5673614E-05  0.2645030E-10
        20     15  0.0000000E+00  0.0000000E+00  0.0000000E+00  0.0000000E+00  0.0000000E+00  0.0000000E+00
        20     16  0.5094238E-03  0.2550015E-05  0.1008248E-04  0.2031246E-04  0.8922645E-05 -0.1127263E-09
        20     17  0.1019068E-02  0.5042594E-05  0.2017659E-04  0.4059727E-04  0.3242629E-04 -0.3114255E-09
        20     18  0.1528938E-02  0.7485016E-05  0.3023981E-04  0.6085194E-04  0.7049580E-04 -0.5957929E-09
        20     19  0.2039043E-02  0.9884531E-05  0.4022968E-04  0.8107393E-04  0.1231161E-03 -0.9655223E-09
        20     20 -0.9584289E-05  0.3144525E-06  0.2903216E-05 -0.1308042E-05 -0.3559116E-01 -0.9947656E-04
        20     21 -0.7244811E-05  0.2550038E-06  0.2186992E-05 -0.9828290E-06 -0.2669808E-01 -0.7460735E-04
        20     22 -0.4866424E-05  0.1827244E-06  0.1463295E-05 -0.6568806E-06 -0.1780185E-01 -0.4973819E-04
        20     23 -0.2450814E-05  0.9770270E-07  0.7336989E-06 -0.3294920E-06 -0.8902486E-02 -0.2486907E-04
        20     24  0.0000000E+00  0.0000000E+00  0.0000000E+00  0.0000000E+00  0.0000000E+00  0.0000000E+00
        20     25  0.2483595E-05 -0.1103468E-06 -0.7357973E-06  0.3322131E-06  0.8905595E-02  0.2486903E-04
        20     26  0.4997076E-05 -0.2333215E-06 -0.1471501E-05  0.6677151E-06  0.1781429E-01  0.4973801E-04
        20     27  0.7537017E-05 -0.3689242E-06 -0.2204748E-05  0.1007021E-05  0.2672606E-01  0.7460694E-04
        20     28  0.1009941E-04 -0.5171679E-06 -0.2933027E-05  0.1350588E-05  0.3564091E-01  0.9947583E-04

        30      0  0.0000000E+00  0.0000000E+00  0.0000000E+00  0.0000000E+00  0.0000000E+00  0.0000000E+00
        30      1  0.0000000E+00  0.0000000E+00  0.0000000E+00  0.0000000E+00  0.0000000E+00  0.0000000E+00
        30      2  0.5230952E-03  0.4285854E-04  0.1014527E-03 -0.2509078E-04  0.2542744E-04 -0.6895144E-09
        30      3  0.3916681E-03  0.3216138E-04  0.7606542E-04 -0.1881065E-04  0.1451803E-04 -0.3924175E-09
        30      4  0.2606682E-03  0.2145262E-04  0.5069518E-04 -0.1253525E-04  0.6643683E-05 -0.1784909E-09
        30      5  0.1301081E-03  0.1073218E-04  0.2534051E-04 -0.6264925E-05  0.1804413E-05 -0.4769846E-10
        30      6  0.0000000E+00  0.0000000E+00  0.0000000E+00  0.0000000E+00  0.0000000E+00  0.0000000E+00
        30      7 -0.1296435E-03 -0.1074401E-04 -0.2532779E-04  0.6259188E-05  0.1230014E-05 -0.3535090E-10
        30      8 -0.2588100E-03 -0.2149990E-04 -0.5064428E-04  0.1251230E-04  0.5493810E-05 -0.1537022E-09
        30      9 -0.3874870E-03 -0.3226776E-04 -0.7595088E-04  0.1875901E-04  0.1279053E-04 -0.3550008E-09
        30     10 -0.5156620E-03 -0.4304764E-04 -0.1012490E-03  0.2499897E-04  0.2311909E-04 -0.6391890E-09
        30     11  0.4829809E-03 -0.2496935E-04  0.5586083E-03  0.1964589E-03  0.1347884E-03 -0.2558098E-08
        30     12  0.3627413E-03 -0.1874427E-04  0.4191507E-03  0.1472821E-03  0.7164922E-04 -0.1362022E-08
        30     13  0.2421912E-03 -0.1250670E-04  0.2795205E-03  0.9815339E-04  0.2814009E-04 -0.5372759E-09
        30     14  0.1212908E-03 -0.6258117E-05  0.1397822E-03  0.4906272E-04  0.4257772E-05 -0.8341508E-10
        30     15  0.0000000E+00  0.0000000E+00  0.0000000E+00  0.0000000E+00  0.0000000E+00  0.0000000E+00
        30     16 -0.1217217E-03  0.6266131E-05 -0.1397617E-03 -0.4904483E-04  0.1536543E-04 -0.2865974E-09
        30     17 -0.2439152E-03  0.1253874E-04 -0.2794385E-03 -0.9808183E-04  0.5035365E-04 -0.9427802E-09
        30     18 -0.3666213E-03  0.1881624E-04 -0.4189663E-03 -0.1471211E-03  0.1049652E-03 -0.1968128E-08
        30     19 -0.4898812E-03  0.2509705E-04 -0.5582809E-03 -0.1961725E-03  0.1792015E-03 -0.3362226E-08
        30     20  0.2412307E-05 -0.1610344E-06  0.9294340E-05 -0.4297870E-06 -0.5326425E-01 -0.9880295E-04
        30     21  0.1336891E-05 -0.1174731E-06  0.6986715E-05 -0.3452965E-06 -0.3995520E-01 -0.7410205E-04
        30     22  0.5724248E-06 -0.7542925E-07  0.4667405E-05 -0.2455655E-06 -0.2664146E-01 -0.4940126E-04
        30     23  0.1251219E-06 -0.3592584E-07  0.2338001E-05 -0.1305099E-06 -0.1332306E-01 -0.2470058E-04
        30     24  0.0000000E+00  0.0000000E+00  0.0000000E+00  0.0000000E+00  0.0000000E+00  0.0000000E+00
        30     25  0.2008881E-06  0.3129697E-07 -0.2345150E-05  0.1461412E-06  0.1332769E-01  0.2470047E-04
        30     26  0.7304198E-06  0.5689937E-07 -0.4696009E-05  0.3081381E-06  0.2665999E-01  0.4940085E-04
        30     27  0.1590014E-05  0.7572701E-07 -0.7051104E-05  0.4862619E-06  0.3999689E-01  0.7410111E-04
        30     28  0.2779844E-05  0.8668542E-07 -0.9408889E-05  0.6808278E-06  0.5333836E-01  0.9880128E-04

        40      0  0.0000000E+00  0.0000000E+00  0.0000000E+00  0.0000000E+00  0.0000000E+00  0.0000000E+00
        40      1  0.0000000E+00  0.0000000E+00  0.0000000E+00  0.0000000E+00  0.0000000E+00  0.0000000E+00
        40      2 -0.7655158E-03 -0.4748073E-05  0.7172513E-04 -0.6664307E-04  0.4938853E-04 -0.1247366E-08
        40      3 -0.5740288E-03 -0.3558078E-05  0.5390832E-04 -0.4997197E-04  0.2819577E-04 -0.7075993E-09
        40      4 -0.3826111E-03 -0.2370939E-05  0.3601875E-04 -0.3330723E-04  0.1290123E-04 -0.3198184E-09
        40      5 -0.1912668E-03 -0.1185349E-05  0.1805109E-04 -0.1664964E-04  0.3503281E-05 -0.8397185E-10
        40      6  0.0000000E+00  0.0000000E+00  0.0000000E+00  0.0000000E+00  0.0000000E+00  0.0000000E+00
        40      7  0.1911851E-03  0.1186417E-05 -0.1813987E-04  0.1664090E-04  0.2389173E-05 -0.6783503E-10
        40      8  0.3822843E-03  0.2375209E-05 -0.3637387E-04  0.3327226E-04  0.1066830E-04 -0.2874008E-09
        40      9  0.5732933E-03  0.3567682E-05 -0.5470735E-04  0.4989328E-04  0.2483457E-04 -0.6586128E-09
        40     10  0.7642078E-03  0.4765140E-05 -0.7314565E-04  0.6650313E-04  0.4488492E-04 -0.1181378E-08
        40     11  0.3531019E-03 -0.6656677E-04 -0.7359344E-03 -0.4890503E-04  0.1369338E-03 -0.4619566E-08
        40     12  0.2635808E-03 -0.4993119E-04 -0.5521052E-03 -0.3662871E-04  0.7696590E-04 -0.2492313E-08
        40     13  0.1749447E-03 -0.3329012E-04 -0.3681633E-03 -0.2439546E-04  0.3415943E-04 -0.1013630E-08
        40     14  0.8711182E-04 -0.1664568E-04 -0.1841234E-03 -0.1219074E-04  0.8506543E-05 -0.1830179E-09
        40     15  0.0000000E+00  0.0000000E+00  0.0000000E+00  0.0000000E+00  0.0000000E+00  0.0000000E+00
        40     16 -0.8647312E-04  0.1664479E-04  0.1841923E-03  0.1219134E-04  0.8633195E-05 -0.4641194E-09
        40     17 -0.1723900E-03  0.3328656E-04  0.3684388E-03  0.2439786E-04  0.3440016E-04 -0.1574941E-08
        40     18 -0.2578333E-03  0.4992316E-04  0.5527246E-03  0.3663413E-04  0.7729554E-04 -0.3332049E-08
        40     19 -0.3428856E-03  0.6655245E-04  0.7370346E-03  0.4891469E-04  0.1373147E-03 -0.5735050E-08
        40     20 -0.2438849E-05 -0.3680452E-06 -0.1325566E-06 -0.5468092E-06 -0.7079043E-01 -0.9785697E-04
        40     21 -0.2015484E-05 -0.2678340E-06 -0.5780661E-07 -0.3760993E-06 -0.5310209E-01 -0.7339244E-04
        40     22 -0.1471563E-05 -0.1736913E-06 -0.5176322E-08 -0.2286227E-06 -0.3540755E-01 -0.4892811E-04
        40     23 -0.8022807E-06 -0.8469572E-07  0.1680575E-07 -0.1035745E-06 -0.1770685E-01 -0.2446396E-04
        40     24  0.0000000E+00  0.0000000E+00  0.0000000E+00  0.0000000E+00  0.0000000E+00  0.0000000E+00
        40     25  0.9455772E-06  0.8115476E-07 -0.6333331E-07  0.8320358E-07  0.1771297E-01  0.2446377E-04
        40     26  0.2047213E-05  0.1594245E-06 -0.1805210E-06  0.1472860E-06  0.3543202E-01  0.4892736E-04
        40     27  0.3319922E-05  0.2353486E-06 -0.3584612E-06  0.1936436E-06  0.5315715E-01  0.7339076E-04
        40     28  0.4780735E-05  0.3093373E-06 -0.6036034E-06  0.2238188E-06  0.7088833E-01  0.9785398E-04

        50      0  0.0000000E+00  0.0000000E+00  0.0000000E+00  0.0000000E+00  0.0000000E+00  0.0000000E+00
        50      1  0.0000000E+00  0.0000000E+00  0.0000000E+00  0.0000000E+00  0.0000000E+00  0.0000000E+00
        50      2 -0.9983807E-04 -0.6612360E-05  0.2050218E-03  0.1002516E-03  0.4108771E-04 -0.2016868E-08
        50      3 -0.7484527E-04 -0.4963881E-05  0.1536139E-03  0.7520245E-04  0.2205498E-04 -0.1143176E-08
        50      4 -0.4987065E-04 -0.3312272E-05  0.1023004E-03  0.5014493E-04  0.8864225E-05 -0.5158579E-09
        50      5 -0.2492022E-04 -0.1657617E-05  0.5109219E-04  0.2507783E-04  0.1513362E-05 -0.1348309E-09
        50      6  0.0000000E+00  0.0000000E+00  0.0000000E+00  0.0000000E+00  0.0000000E+00  0.0000000E+00
        50      7  0.2488397E-04  0.1660494E-05 -0.5096529E-04 -0.2508972E-04  0.4321465E-05 -0.1112575E-09
        50      8  0.4972565E-04  0.3323779E-05 -0.1017928E-03 -0.5019249E-04  0.1447479E-04 -0.4684827E-09
        50      9  0.7451901E-04  0.4989767E-05 -0.1524717E-03 -0.7530944E-04  0.3045672E-04 -0.1071542E-08
        50     10  0.9925803E-04  0.6658370E-05 -0.2029912E-03 -0.1004417E-03  0.5226371E-04 -0.1920290E-08
        50     11  0.9851306E-03  0.1002231E-03 -0.2089680E-04  0.7322351E-05  0.2204183E-03 -0.7109024E-08
        50     12  0.7380970E-03  0.7517771E-04 -0.1545573E-04  0.5514034E-05  0.1224718E-03 -0.3867630E-08
        50     13  0.4913824E-03  0.5012989E-04 -0.1017035E-04  0.3684690E-05  0.5309346E-04 -0.1602792E-08
        50     14  0.2452590E-03  0.2507289E-04 -0.5024008E-05  0.1843598E-05  0.1227311E-04 -0.3138082E-09
        50     15  0.0000000E+00  0.0000000E+00  0.0000000E+00  0.0000000E+00  0.0000000E+00  0.0000000E+00
        50     16 -0.2441204E-03 -0.2509542E-04  0.4918428E-05 -0.1836903E-05  0.1626293E-04 -0.6607121E-09
        50     17 -0.4868271E-03 -0.5021992E-04  0.9748056E-05 -0.3657954E-05  0.6105023E-04 -0.2295313E-08
        50     18 -0.7278444E-03 -0.7537995E-04  0.1450568E-04 -0.5454046E-05  0.1343497E-03 -0.4903193E-08
        50     19 -0.9668956E-03 -0.1005819E-03  0.1920808E-04 -0.7216123E-05  0.2361488E-03 -0.8483767E-08
        50     20  0.1086617E-04  0.3484173E-06  0.4291330E-05 -0.8255834E-06 -0.8812173E-01 -0.9664123E-04
        50     21  0.8185617E-05  0.2501817E-06  0.3193033E-05 -0.6232647E-06 -0.6610272E-01 -0.7248047E-04
        50     22  0.5472087E-05  0.1591011E-06  0.2108392E-05 -0.4168683E-06 -0.4407608E-01 -0.4832002E-04
        50     23  0.2739196E-05  0.7556034E-07  0.1042728E-05 -0.2083955E-06 -0.2204183E-01 -0.2415986E-04
        50     24  0.0000000E+00  0.0000000E+00  0.0000000E+00  0.0000000E+00  0.0000000E+00  0.0000000E+00
        50     25 -0.2732567E-05 -0.6707740E-07 -0.1017237E-05  0.2060521E-06  0.2204938E-01  0.2415957E-04
        50     26 -0.5445245E-05 -0.1251054E-06 -0.2007859E-05  0.4074236E-06  0.4410627E-01  0.4831886E-04
        50     27 -0.8123986E-05 -0.1734559E-06 -0.2972183E-05  0.6017480E-06  0.6617066E-01  0.7247785E-04
        50     28 -0.1075350E-04 -0.2114456E-06 -0.3911963E-05  0.7866734E-06  0.8824250E-01  0.9663657E-04

        60      0  0.0000000E+00  0.0000000E+00  0.0000000E+00  0.0000000E+00  0.0000000E+00  0.0000000E+00
        60      1  0.0000000E+00  0.0000000E+00  0.0000000E+00  0.0000000E+00  0.0000000E+00  0.0000000E+00
        60      2  0.3614848E-03 -0.3939586E-04 -0.2204108E-03 -0.1437618E-04  0.5238444E-04 -0.2724393E-08
        60      3  0.2711204E-03 -0.2953887E-04 -0.1652567E-03 -0.1079217E-04  0.3006075E-04 -0.1541363E-08
        60      4  0.1807610E-03 -0.1968682E-04 -0.1101355E-03 -0.7202734E-05  0.1388976E-04 -0.6930303E-09
        60      5  0.9039230E-04 -0.9840328E-05 -0.5504919E-04 -0.3605971E-05  0.3870097E-05 -0.1792845E-09
        60      6  0.0000000E+00  0.0000000E+00  0.0000000E+00  0.0000000E+00  0.0000000E+00  0.0000000E+00
        60      7 -0.9043025E-04  0.9833536E-05  0.5500990E-04  0.3617063E-05  0.2277340E-05 -0.1550329E-09
        60      8 -0.1809128E-03  0.1965965E-04  0.1099783E-03  0.7247101E-05  0.1069960E-04 -0.6442215E-09
        60      9 -0.2714620E-03  0.2947773E-04  0.1649030E-03  0.1089199E-04  0.2526390E-04 -0.1467387E-08
        60     10 -0.3620923E-03  0.3928712E-04  0.2197818E-03  0.1455361E-04  0.4596695E-04 -0.2624331E-08
        60     11 -0.1054381E-02 -0.1466536E-04  0.2770147E-03 -0.1943616E-03  0.3001851E-03 -0.1119063E-07
        60     12 -0.7910986E-03 -0.1094137E-04  0.2073067E-03 -0.1457908E-03  0.1681495E-03 -0.6137010E-08
        60     13 -0.5275757E-03 -0.7262850E-05  0.1379868E-03 -0.9719725E-04  0.7410957E-04 -0.2587950E-08
        60     14 -0.2638604E-03 -0.3619257E-05  0.6892728E-04 -0.4859552E-04  0.1806078E-04 -0.5425660E-09
        60     15  0.0000000E+00  0.0000000E+00  0.0000000E+00  0.0000000E+00  0.0000000E+00  0.0000000E+00
        60     16  0.2639588E-03  0.3605556E-05 -0.6892318E-04  0.4857486E-04  0.1992544E-04 -0.9594207E-09
        60     17  0.5279697E-03  0.7208079E-05 -0.1379705E-03  0.9711459E-04  0.7783670E-04 -0.3420024E-08
        60     18  0.7919865E-03  0.1081826E-04 -0.2072701E-03  0.1456046E-03  0.1737348E-03 -0.7381031E-08
        60     19  0.1055962E-02  0.1444679E-04 -0.2769500E-03  0.1940304E-03  0.3076219E-03 -0.1284169E-07
        60     20 -0.6036340E-05  0.6848595E-07  0.3186617E-05 -0.2030712E-05 -0.1052101E+00 -0.9515907E-04
        60     21 -0.4642834E-05  0.8336367E-07  0.2216706E-05 -0.1516815E-05 -0.7892112E-01 -0.7136866E-04
        60     22 -0.3141285E-05  0.7654700E-07  0.1364001E-05 -0.1006408E-05 -0.5262306E-01 -0.4757868E-04
        60     23 -0.1578510E-05  0.4851884E-07  0.6257899E-06 -0.5004615E-06 -0.2631601E-01 -0.2378913E-04
        60     24  0.0000000E+00  0.0000000E+00  0.0000000E+00  0.0000000E+00  0.0000000E+00  0.0000000E+00
        60     25  0.1550272E-05 -0.6805189E-07 -0.5148805E-06  0.4938528E-06  0.2632493E-01  0.2378871E-04
        60     26  0.3030080E-05 -0.1544415E-06 -0.9199159E-06  0.9798283E-06  0.5265875E-01  0.4757701E-04
        60     27  0.4399207E-05 -0.2577336E-06 -0.1215868E-05  0.1456475E-05  0.7900141E-01  0.7136490E-04
        60     28  0.5619771E-05 -0.3762503E-06 -0.1403371E-05  0.1922128E-05  0.1053529E+00  0.9515239E-04

        70      0  0.0000000E+00  0.0000000E+00  0.0000000E+00  0.0000000E+00  0.0000000E+00  0.0000000E+00
        70      1  0.0000000E+00  0.0000000E+00  0.0000000E+00  0.0000000E+00  0.0000000E+00  0.0000000E+00
        70      2  0.3417112E-03  0.4403965E-04 -0.1692682E-03  0.6203064E-05  0.7493328E-04 -0.3652236E-08
        70      3  0.2557171E-03  0.3303607E-04 -0.1269894E-03  0.4641995E-05  0.4255799E-04 -0.2064947E-08
        70      4  0.1700735E-03  0.2202879E-04 -0.8468573E-04  0.3086621E-05  0.1927864E-04 -0.9272375E-09
        70      5  0.8482092E-04  0.1101703E-04 -0.4235625E-04  0.1538703E-05  0.5093421E-05 -0.2389744E-09
        70      6  0.0000000E+00  0.0000000E+00  0.0000000E+00  0.0000000E+00  0.0000000E+00  0.0000000E+00
        70      7 -0.8434861E-04 -0.1102306E-04  0.4238398E-04 -0.1527725E-05  0.3995539E-05 -0.2101323E-09
        70      8 -0.1681842E-03 -0.2205291E-04  0.8479663E-04 -0.3042709E-05  0.1707669E-04 -0.8691645E-09
        70      9 -0.2514659E-03 -0.3309032E-04  0.1272389E-03 -0.4543186E-05  0.3923958E-04 -0.1976865E-08
        70     10 -0.3341530E-03 -0.4413601E-04  0.1697116E-03 -0.6027394E-05  0.7047985E-04 -0.3532978E-08
        70     11 -0.8164992E-03  0.6048572E-05  0.2702387E-03  0.2137687E-03  0.2568003E-03 -0.1561549E-07
        70     12 -0.6116513E-03  0.4563903E-05  0.2032567E-03  0.1603117E-03  0.1406152E-03 -0.8603618E-08
        70     13 -0.4072983E-03  0.3055968E-05  0.1357961E-03  0.1068734E-03  0.5909021E-04 -0.3664369E-08
        70     14 -0.2034208E-03  0.1532195E-05  0.6799716E-04  0.5344067E-04  0.1221975E-04 -0.7967959E-09
        70     15  0.0000000E+00  0.0000000E+00  0.0000000E+00  0.0000000E+00  0.0000000E+00  0.0000000E+00
        70     16  0.2029826E-03 -0.1533229E-05 -0.6805495E-04 -0.5346200E-04  0.2242873E-04 -0.1273138E-08
        70     17  0.4055450E-03 -0.3060138E-05 -0.1360271E-03 -0.1069587E-03  0.7950535E-04 -0.4615423E-08
        70     18  0.6077047E-03 -0.4573413E-05 -0.2037758E-03 -0.1605035E-03  0.1712309E-03 -0.1002612E-07
        70     19  0.8094784E-03 -0.6065795E-05 -0.2711600E-03 -0.2141094E-03  0.2976081E-03 -0.1750456E-07
        70     20 -0.2297034E-05  0.1758161E-06  0.7600008E-05  0.2497269E-07 -0.1220089E+00 -0.9341459E-04
        70     21 -0.1869110E-05  0.1397080E-06  0.5868467E-05 -0.2933745E-07 -0.9152217E-01 -0.7006007E-04
        70     22 -0.1358244E-05  0.9931066E-07  0.4013376E-05 -0.5371500E-07 -0.6102506E-01 -0.4670614E-04
        70     23 -0.7409071E-06  0.5326654E-07  0.2051360E-05 -0.4489249E-07 -0.3051766E-01 -0.2335278E-04
        70     24  0.0000000E+00  0.0000000E+00  0.0000000E+00  0.0000000E+00  0.0000000E+00  0.0000000E+00
        70     25  0.8745489E-06 -0.6222620E-07 -0.2122254E-05  0.8341907E-07  0.3052788E-01  0.2335222E-04
        70     26  0.1885305E-05 -0.1352511E-06 -0.4296163E-05  0.2073866E-06  0.6106594E-01  0.4670388E-04
        70     27  0.3026976E-05 -0.2209524E-06 -0.6501776E-05  0.3734625E-06  0.9161414E-01  0.7005499E-04
        70     28  0.4286200E-05 -0.3211806E-06 -0.8718525E-05  0.5827113E-06  0.1221724E+00  0.9340556E-04

        80      0  0.0000000E+00  0.0000000E+00  0.0000000E+00  0.0000000E+00  0.0000000E+00  0.0000000E+00
        80      1  0.0000000E+00  0.0000000E+00  0.0000000E+00  0.0000000E+00  0.0000000E+00  0.0000000E+00
        80      2 -0.2246249E-03  0.2336176E-05  0.2166557E-03 -0.9528640E-04  0.8126020E-04 -0.4864531E-08
        80      3 -0.1683619E-03  0.1752364E-05  0.1626048E-03 -0.7144320E-04  0.4615292E-04 -0.2748114E-08
        80      4 -0.1121690E-03  0.1167730E-05  0.1084890E-03 -0.4761268E-04  0.2090902E-04 -0.1232008E-08
        80      5 -0.5604775E-04  0.5832752E-06  0.5429272E-04 -0.2379742E-04  0.5525779E-05 -0.3160389E-09
        80      6  0.0000000E+00  0.0000000E+00  0.0000000E+00  0.0000000E+00  0.0000000E+00  0.0000000E+00
        80      7  0.5597253E-04 -0.5810944E-06 -0.5440494E-04  0.2377698E-04  0.4328025E-05 -0.2836530E-09
        80      8  0.1118681E-03 -0.1159007E-05 -0.1089379E-03  0.4753091E-04  0.1850572E-04 -0.1166727E-08
        80      9  0.1676849E-03 -0.1732735E-05 -0.1636145E-03  0.7125917E-04  0.4252850E-04 -0.2648919E-08
        80     10  0.2234212E-03 -0.2301280E-05 -0.2184507E-03  0.9495913E-04  0.7639126E-04 -0.4729893E-08
        80     11  0.1054885E-02 -0.9513542E-04 -0.1380326E-03 -0.2598489E-04  0.3266834E-03 -0.1996696E-07
        80     12  0.7883756E-03 -0.7137006E-04 -0.1037397E-03 -0.1948418E-04  0.1826473E-03 -0.1102431E-07
        80     13  0.5239352E-03 -0.4758560E-04 -0.6929887E-04 -0.1298955E-04  0.8019732E-04 -0.4716322E-08
        80     14  0.2612490E-03 -0.2379220E-04 -0.3471679E-04 -0.6496372E-05  0.1931959E-04 -0.1041898E-08
        80     15  0.0000000E+00  0.0000000E+00  0.0000000E+00  0.0000000E+00  0.0000000E+00  0.0000000E+00
        80     16 -0.2601306E-03  0.2378078E-04  0.3484486E-04  0.6504263E-05  0.2222426E-04 -0.1589656E-08
        80     17 -0.5194629E-03  0.4753987E-04  0.6981101E-04  0.1302114E-04  0.8597789E-04 -0.5809963E-08
        80     18 -0.7783178E-03  0.7126691E-04  0.1048915E-03  0.1955541E-04  0.1912463E-03 -0.1266008E-07
        80     19 -0.1037017E-02  0.9495143E-04  0.1400792E-03  0.2611185E-04  0.3380145E-03 -0.2213924E-07
        80     20  0.1141830E-05 -0.6041683E-06  0.2647627E-05 -0.8524834E-06 -0.1384714E+00 -0.9141260E-04
        80     21  0.1138997E-06 -0.4471244E-06  0.1952678E-05 -0.6120160E-06 -0.1038708E+00 -0.6855831E-04
        80     22 -0.4170823E-06 -0.2931492E-06  0.1293142E-05 -0.3898838E-06 -0.6925873E-01 -0.4570479E-04
        80     23 -0.4545048E-06 -0.1436308E-06  0.6488310E-06 -0.1861675E-06 -0.3463510E-01 -0.2285202E-04
        80     24  0.0000000E+00  0.0000000E+00  0.0000000E+00  0.0000000E+00  0.0000000E+00  0.0000000E+00
        80     25  0.9462636E-06  0.1362101E-06 -0.6720951E-06  0.1704087E-06  0.3464654E-01  0.2285129E-04
        80     26  0.2385010E-05  0.2633102E-06 -0.1384666E-05  0.3277303E-06  0.6930448E-01  0.4570186E-04
        80     27  0.4317027E-05  0.3794094E-06 -0.2152884E-05  0.4754608E-06  0.1039738E+00  0.6855173E-04
        80     28  0.6742107E-05  0.4823801E-06 -0.2989408E-05  0.6178473E-06  0.1386544E+00  0.9140090E-04

        90      0  0.0000000E+00  0.0000000E+00  0.0000000E+00  0.0000000E+00  0.0000000E+00  0.0000000E+00
        90      1  0.0000000E+00  0.0000000E+00  0.0000000E+00  0.0000000E+00  0.0000000E+00  0.0000000E+00
        90      2 -0.6767762E-03  0.8192280E-06  0.7059502E-04  0.8001094E-04  0.7111200E-04 -0.6052166E-08
        90      3 -0.5076009E-03  0.6113883E-06  0.5285669E-04  0.6001013E-04  0.3927044E-04 -0.3418608E-08
        90      4 -0.3384125E-03  0.4047036E-06  0.3516769E-04  0.4000888E-04  0.1680622E-04 -0.1532212E-08
        90      5 -0.1692120E-03  0.2004742E-06  0.1754359E-04  0.2000592E-04  0.3717018E-05 -0.3927615E-09
        90      6  0.0000000E+00  0.0000000E+00  0.0000000E+00  0.0000000E+00  0.0000000E+00  0.0000000E+00
        90      7  0.1692225E-03 -0.1954200E-06 -0.1744746E-04 -0.2001014E-04  0.5651770E-05 -0.3536318E-09
        90      8  0.3384544E-03 -0.3844880E-06 -0.3478317E-04 -0.4002574E-04  0.2066838E-04 -0.1453321E-08
        90      9  0.5076949E-03 -0.5659083E-06 -0.5199151E-04 -0.6004801E-04  0.4504536E-04 -0.3298692E-08
        90     10  0.6769427E-03 -0.7383879E-06 -0.6905685E-04 -0.8007818E-04  0.7877764E-04 -0.5889329E-08
        90     11  0.3364185E-03  0.8004277E-04 -0.6507903E-03  0.3452028E-04  0.4301952E-03 -0.2577273E-07
        90     12  0.2527809E-03  0.6001794E-04 -0.4878009E-03  0.2605543E-04  0.2413808E-03 -0.1426567E-07
        90     13  0.1685629E-03  0.4000780E-04 -0.3250299E-03  0.1745236E-04  0.1067506E-03 -0.6135379E-08
        90     14  0.8416772E-04  0.2000445E-04 -0.1624416E-03  0.8753169E-05  0.2629357E-04 -0.1380571E-08
        90     15  0.0000000E+00  0.0000000E+00  0.0000000E+00  0.0000000E+00  0.0000000E+00  0.0000000E+00
        90     16 -0.8353445E-04 -0.2001346E-04  0.1623316E-03 -0.8764988E-05  0.2786120E-04 -0.1992492E-08
        90     17 -0.1660284E-03 -0.4004375E-04  0.3245901E-03 -0.1749963E-04  0.1098696E-03 -0.7356938E-08
        90     18 -0.2470733E-03 -0.6009862E-04  0.4868124E-03 -0.2616176E-04  0.2460188E-03 -0.1609230E-07
        90     19 -0.3262590E-03 -0.8018566E-04  0.6490350E-03 -0.3470925E-04  0.4363034E-03 -0.2819759E-07
        90     20  0.5320701E-05  0.3932243E-06  0.8883623E-06 -0.2873952E-06 -0.1545524E+00 -0.8915861E-04
        90     21  0.4410422E-05  0.2786088E-06  0.7989643E-06 -0.1786652E-06 -0.1159333E+00 -0.6686752E-04
        90     22  0.3185412E-05  0.1728129E-06  0.6222719E-06 -0.9494768E-07 -0.7730150E-01 -0.4457740E-04
        90     23  0.1696073E-05  0.7900798E-07  0.3568086E-06 -0.3553523E-07 -0.3865705E-01 -0.2228823E-04
        90     24  0.0000000E+00  0.0000000E+00  0.0000000E+00  0.0000000E+00  0.0000000E+00  0.0000000E+00
        90     25 -0.1838491E-05 -0.6180176E-07 -0.4522044E-06  0.1193700E-07  0.3866961E-01  0.2228732E-04
        90     26 -0.3748820E-05 -0.1044225E-06 -0.1005582E-05  0.5545385E-09  0.7735174E-01  0.4457374E-04
        90     27 -0.5654629E-05 -0.1263678E-06 -0.1667749E-05 -0.3370821E-07  0.1160463E+00  0.6685927E-04
        90     28 -0.7474368E-05 -0.1266762E-06 -0.2448140E-05 -0.9008510E-07  0.1547534E+00  0.8914395E-04

       100      0  0.0000000E+00  0.0000000E+00  0.0000000E+00  0.0000000E+00  0.0000000E+00  0.0000000E+00
       100      1  0.0000000E+00  0.0000000E+00  0.0000000E+00  0.0000000E+00  0.0000000E+00  0.0000000E+00
       100      2  0.5820224E-03 -0.4228586E-04  0.4733269E-04  0.1616477E-04  0.9422067E-04 -0.7329622E-08
       100      3  0.4363854E-03 -0.3169986E-04  0.3547779E-04  0.1213124E-04  0.5290382E-04 -0.4137959E-08
       100      4  0.2908639E-03 -0.2112238E-04  0.2363513E-04  0.8092610E-05  0.2342986E-04 -0.1852643E-08
       100      5  0.1454161E-03 -0.1055517E-04  0.1180808E-04  0.4048862E-05  0.5796308E-05 -0.4734232E-09
       100      6  0.0000000E+00  0.0000000E+00  0.0000000E+00  0.0000000E+00  0.0000000E+00  0.0000000E+00
       100      7 -0.1454264E-03  0.1054134E-04 -0.1178572E-04 -0.4053971E-05  0.6037054E-05 -0.4320246E-09
       100      8 -0.2909052E-03  0.2106707E-04 -0.2354570E-04 -0.8113046E-05  0.2390289E-04 -0.1769098E-08
       100      9 -0.4364782E-03  0.3157537E-04 -0.3527654E-04 -0.1217721E-04  0.5359221E-04 -0.4010773E-08
       100     10 -0.5821877E-03  0.4206443E-04 -0.4697487E-04 -0.1624646E-04  0.9509903E-04 -0.7156551E-08
       100     11  0.2257371E-03  0.1631600E-04  0.6021603E-03 -0.1955874E-03  0.4140272E-03 -0.3236856E-07
       100     12  0.1695234E-03  0.1221641E-04  0.4509355E-03 -0.1468264E-03  0.2319533E-03 -0.1795226E-07
       100     13  0.1131125E-03  0.8130474E-05  0.3002960E-03 -0.9795105E-04  0.1022584E-03 -0.7752993E-08
       100     14  0.5657947E-04  0.4058295E-05  0.1500488E-03 -0.4899707E-04  0.2494036E-04 -0.1769343E-08
       100     15  0.0000000E+00  0.0000000E+00  0.0000000E+00  0.0000000E+00  0.0000000E+00  0.0000000E+00
       100     16 -0.5654998E-04 -0.4044238E-05 -0.1500446E-03  0.4900464E-04  0.2744119E-04 -0.2443755E-08
       100     17 -0.1129944E-03 -0.8074194E-05 -0.3002792E-03  0.9798132E-04  0.1072709E-03 -0.9099502E-08
       100     18 -0.1692572E-03 -0.1208959E-04 -0.4508976E-03  0.1468944E-03  0.2394990E-03 -0.1996624E-07
       100     19 -0.2252626E-03 -0.1609008E-04 -0.6020931E-03  0.1957082E-03  0.4241386E-03 -0.3504305E-07
       100     20  0.1901022E-05  0.5091636E-07  0.5176251E-05 -0.2118403E-05 -0.1702076E+00 -0.8665884E-04
       100     21  0.1212276E-05  0.5263596E-07  0.3510347E-05 -0.1608883E-05 -0.1276762E+00 -0.6499236E-04
       100     22  0.7045792E-06  0.4487870E-07  0.2090155E-05 -0.1080466E-05 -0.8513113E-01 -0.4332708E-04
       100     23  0.3201376E-06  0.2721172E-07  0.9199036E-06 -0.5413850E-06 -0.4257238E-01 -0.2166297E-04
       100     24  0.0000000E+00  0.0000000E+00  0.0000000E+00  0.0000000E+00  0.0000000E+00  0.0000000E+00
       100     25 -0.3130386E-06 -0.3559990E-07 -0.6729449E-06  0.5352457E-06  0.4258596E-01  0.2166185E-04
       100     26 -0.6715596E-06 -0.7766747E-07 -0.1106163E-05  0.1055872E-05  0.8518545E-01  0.4332261E-04
       100     27 -0.1120700E-05 -0.1235680E-06 -0.1310833E-05  0.1553428E-05  0.1277984E+00  0.6498230E-04
       100     28 -0.1695423E-05 -0.1700253E-06 -0.1302222E-05  0.2019578E-05  0.1704248E+00  0.8664095E-04

       110      0  0.0000000E+00  0.0000000E+00  0.0000000E+00  0.0000000E+00  0.0000000E+00  0.0000000E+00
       110      1  0.0000000E+00  0.0000000E+00  0.0000000E+00  0.0000000E+00  0.0000000E+00  0.0000000E+00
       110      2  0.1181038E-03  0.2382992E-04 -0.4007146E-03  0.3770039E-05  0.1122465E-03 -0.8927142E-08
       110      3  0.8844157E-04  0.1786824E-04 -0.3005366E-03  0.2806391E-05  0.6391042E-04 -0.5037303E-08
       110      4  0.5884647E-04  0.1190989E-04 -0.2003587E-03  0.1852911E-05  0.2909344E-04 -0.2253042E-08
       110      5  0.2935406E-04  0.5954086E-05 -0.1001800E-03  0.9154842E-06  0.7791518E-05 -0.5740602E-09
       110      6  0.0000000E+00  0.0000000E+00  0.0000000E+00  0.0000000E+00  0.0000000E+00  0.0000000E+00
       110      7 -0.2918006E-04 -0.5953167E-05  0.1001820E-03 -0.8876501E-06  0.5713571E-05 -0.5304434E-09
       110      8 -0.5815045E-04 -0.1190621E-04  0.2003665E-03 -0.1741574E-05  0.2492626E-04 -0.2164912E-08
       110      9 -0.8687546E-04 -0.1785993E-04  0.3005540E-03 -0.2555880E-05  0.5763142E-04 -0.4902866E-08
       110     10 -0.1153194E-03 -0.2381510E-04  0.4007451E-03 -0.3324678E-05  0.1038218E-03 -0.8743706E-08
       110     11 -0.1922645E-02  0.2932644E-05 -0.4035630E-04  0.1154446E-03  0.4194508E-03 -0.3866588E-07
       110     12 -0.1441778E-02  0.2365550E-05 -0.2994103E-04  0.8660578E-04  0.2334483E-03 -0.2147332E-07
       110     13 -0.9610693E-03  0.1670740E-05 -0.1981047E-04  0.5775672E-04  0.1015463E-03 -0.9299150E-08
       110     14 -0.4804880E-03  0.8737225E-06 -0.9863860E-05  0.2889046E-04  0.2373383E-04 -0.2141841E-08
       110     15  0.0000000E+00  0.0000000E+00  0.0000000E+00  0.0000000E+00  0.0000000E+00  0.0000000E+00
       110     16  0.4804285E-03 -0.9249595E-06  0.9882785E-05 -0.2892165E-04  0.3033401E-04 -0.2872362E-08
       110     17  0.9608309E-03 -0.1875749E-05  0.1988663E-04 -0.5788142E-04  0.1147252E-03 -0.1075779E-07
       110     18  0.1441240E-02 -0.2827050E-05  0.3011416E-04 -0.8688612E-04  0.2531632E-03 -0.2365529E-07
       110     19  0.1921685E-02 -0.3753655E-05  0.4066844E-04 -0.1159424E-03  0.4456375E-03 -0.4156399E-07
       110     20 -0.9311253E-05  0.2346803E-06  0.4278171E-05 -0.1551399E-06 -0.1853939E+00 -0.8392017E-04
       110     21 -0.6790803E-05  0.2123332E-06  0.3426021E-05 -0.1430665E-06 -0.1390673E+00 -0.6293800E-04
       110     22 -0.4380325E-05  0.1653124E-06  0.2416713E-05 -0.1183518E-06 -0.9272612E-01 -0.4195727E-04
       110     23 -0.2106881E-05  0.9433608E-07  0.1267067E-05 -0.7297000E-07 -0.4637033E-01 -0.2097795E-04
       110     24  0.0000000E+00  0.0000000E+00  0.0000000E+00  0.0000000E+00  0.0000000E+00  0.0000000E+00
       110     25  0.1906572E-05 -0.1171156E-06 -0.1356394E-05  0.1061328E-06  0.4638483E-01  0.2097662E-04
       110     26  0.3573712E-05 -0.2563173E-06 -0.2769859E-05  0.2494405E-06  0.9278410E-01  0.4195194E-04
       110     27  0.4956421E-05 -0.4166541E-06 -0.4205100E-05  0.4321863E-06  0.1391978E+00  0.6292599E-04
       110     28  0.6004059E-05 -0.5967659E-06 -0.5625007E-05  0.6547321E-06  0.1856258E+00  0.8389882E-04

       120      0  0.0000000E+00  0.0000000E+00  0.0000000E+00  0.0000000E+00  0.0000000E+00  0.0000000E+00
       120      1  0.0000000E+00  0.0000000E+00  0.0000000E+00  0.0000000E+00  0.0000000E+00  0.0000000E+00
       120      2  0.2714365E-03  0.2201807E-04  0.2810846E-03 -0.7581600E-04  0.1027484E-03 -0.1056218E-07
       120      3  0.2034545E-03  0.1651896E-04  0.2108307E-03 -0.5684665E-04  0.5803354E-04 -0.5958484E-08
       120      4  0.1355397E-03  0.1101640E-04  0.1405782E-03 -0.3788466E-04  0.2600595E-04 -0.2663802E-08
       120      5  0.6771414E-04  0.5510160E-05  0.7030772E-04 -0.1893433E-04  0.6662639E-05 -0.6777831E-09
       120      6  0.0000000E+00  0.0000000E+00  0.0000000E+00  0.0000000E+00  0.0000000E+00  0.0000000E+00
       120      7 -0.6758062E-04 -0.5514306E-05 -0.7036421E-04  0.1891402E-04  0.6013737E-05 -0.6299574E-09
       120      8 -0.1350055E-03 -0.1103298E-04 -0.1408041E-03  0.3780340E-04  0.2469889E-04 -0.2567089E-08
       120      9 -0.2022524E-03 -0.1655625E-04 -0.2113388E-03  0.5666379E-04  0.5604980E-04 -0.5810758E-08
       120     10 -0.2692990E-03 -0.2208432E-04 -0.2819874E-03  0.7549083E-04  0.1000602E-03 -0.1036026E-07
       120     11  0.1357952E-02 -0.7561444E-04  0.3805354E-03  0.7669452E-04  0.5262834E-03 -0.4598636E-07
       120     12  0.1016148E-02 -0.5675896E-04  0.2855647E-03  0.5738636E-04  0.2934615E-03 -0.2556882E-07
       120     13  0.6761883E-03 -0.3785736E-04  0.1904109E-03  0.3818406E-04  0.1281473E-03 -0.1109970E-07
       120     14  0.3376241E-03 -0.1893068E-04  0.9518564E-04  0.1906338E-04  0.3033026E-04 -0.2577287E-08
       120     15  0.0000000E+00  0.0000000E+00  0.0000000E+00  0.0000000E+00  0.0000000E+00  0.0000000E+00
       120     16 -0.3371428E-03  0.1891348E-04 -0.9503522E-04 -0.1903038E-04  0.3714643E-04 -0.3366374E-08
       120     17 -0.6742659E-03  0.3778839E-04 -0.1898094E-03 -0.3805199E-04  0.1417596E-03 -0.1267507E-07
       120     18 -0.1011832E-02  0.5660310E-04 -0.2842121E-03 -0.5708889E-04  0.3138299E-03 -0.2792489E-07
       120     19 -0.1350305E-02  0.7533567E-04 -0.3781326E-03 -0.7616491E-04  0.5533475E-03 -0.4911474E-07
       120     20  0.5403721E-05 -0.5036663E-06  0.5807983E-05 -0.4768747E-06 -0.2000693E+00 -0.8095017E-04
       120     21  0.3054481E-05 -0.3905799E-06  0.4373647E-05 -0.3900878E-06 -0.1500751E+00 -0.6071011E-04
       120     22  0.1346350E-05 -0.2651677E-06  0.2927650E-05 -0.2817660E-06 -0.1000654E+00 -0.4047176E-04
       120     23  0.3200075E-06 -0.1330231E-06  0.1470148E-05 -0.1520468E-06 -0.5004038E-01 -0.2023507E-04
       120     24  0.0000000E+00  0.0000000E+00  0.0000000E+00  0.0000000E+00  0.0000000E+00  0.0000000E+00
       120     25  0.3942827E-06  0.1278482E-06 -0.1483782E-05  0.1763884E-06  0.5005567E-01  0.2023351E-04
       120     26  0.1493505E-05  0.2443407E-06 -0.2980603E-05  0.3801446E-06  0.1001266E+00  0.4046550E-04
       120     27  0.3270099E-05  0.3432591E-06 -0.4486950E-05  0.6151474E-06  0.1502127E+00  0.6069603E-04
       120     28  0.5677271E-05  0.4184615E-06 -0.5995216E-05  0.8858861E-06  0.2003141E+00  0.8092514E-04

       130      0  0.0000000E+00  0.0000000E+00  0.0000000E+00  0.0000000E+00  0.0000000E+00  0.0000000E+00
       130      1  0.0000000E+00  0.0000000E+00  0.0000000E+00  0.0000000E+00  0.0000000E+00  0.0000000E+00
       130      2 -0.9877125E-03 -0.3731648E-05 -0.2858187E-05  0.1745243E-04  0.1127705E-03 -0.1218988E-07
       130      3 -0.7407800E-03 -0.2786848E-05 -0.2157569E-05  0.1308424E-04  0.6327106E-04 -0.6875703E-08
       130      4 -0.4938475E-03 -0.1852304E-05 -0.1450735E-05  0.8720231E-05  0.2797824E-04 -0.3072945E-08
       130      5 -0.2469194E-03 -0.9245199E-06 -0.7330806E-06  0.4359210E-05  0.6889142E-05 -0.7812043E-09
       130      6  0.0000000E+00  0.0000000E+00  0.0000000E+00  0.0000000E+00  0.0000000E+00  0.0000000E+00
       130      7  0.2469060E-03  0.9247481E-06  0.7531085E-06 -0.4358577E-05  0.7306180E-05 -0.7287666E-09
       130      8  0.4937941E-03  0.1853213E-05  0.1530846E-05 -0.8717694E-05  0.2880217E-04 -0.2966857E-08
       130      9  0.7406593E-03  0.2788879E-05  0.2337815E-05 -0.1307852E-04  0.6448157E-04 -0.6713541E-08
       130     10  0.9874965E-03  0.3735223E-05  0.3178616E-05 -0.1744221E-04  0.1143371E-03 -0.1196801E-07
       130     11 -0.1525357E-04  0.1749781E-04 -0.9888036E-03 -0.1178770E-04  0.5561779E-03 -0.5448177E-07
       130     12 -0.1107946E-04  0.1310236E-04 -0.7416284E-03 -0.8556592E-05  0.3133042E-03 -0.3032424E-07
       130     13 -0.7221603E-05  0.8724977E-05 -0.4944252E-03 -0.5568546E-05  0.1396558E-03 -0.1319264E-07
       130     14 -0.3566433E-05  0.4359570E-05 -0.2472107E-03 -0.2743185E-05  0.3522304E-04 -0.3085119E-08
       130     15  0.0000000E+00  0.0000000E+00  0.0000000E+00  0.0000000E+00  0.0000000E+00  0.0000000E+00
       130     16  0.3592261E-05 -0.4359895E-05  0.2471925E-03  0.2741596E-05  0.3398481E-04 -0.3935757E-08
       130     17  0.7325736E-05 -0.8726264E-05  0.4943525E-03  0.5562211E-05  0.1371796E-03 -0.1489102E-07
       130     18  0.1131683E-04 -0.1310521E-04  0.7414651E-03  0.8542424E-05  0.3095905E-03 -0.3286459E-07
       130     19  0.1568318E-04 -0.1750278E-04  0.9885142E-03  0.1176273E-04  0.5512276E-03 -0.5785542E-07
       130     20  0.1338447E-06  0.1159153E-06 -0.2114447E-05 -0.3895731E-06 -0.2141935E+00 -0.7775700E-04
       130     21  0.3807602E-06  0.8394031E-07 -0.1443970E-05 -0.1862276E-06 -0.1606692E+00 -0.5831482E-04
       130     22  0.4182870E-06  0.5088928E-07 -0.8401464E-06 -0.5611618E-07 -0.1071288E+00 -0.3887464E-04
       130     23  0.2743604E-06  0.2153416E-07 -0.3455558E-06  0.4360898E-08 -0.5357242E-01 -0.1943638E-04
       130     24  0.0000000E+00  0.0000000E+00  0.0000000E+00  0.0000000E+00  0.0000000E+00  0.0000000E+00
       130     25 -0.3335982E-06 -0.1046880E-07  0.1595652E-06 -0.6316475E-07  0.5358839E-01  0.1943458E-04
       130     26 -0.6386749E-06 -0.7719057E-08  0.9926135E-07 -0.1777928E-06  0.1071927E+00  0.3886741E-04
       130     27 -0.8152132E-06  0.9128796E-08 -0.2112729E-06 -0.3351597E-06  0.1608130E+00  0.5829857E-04
       130     28 -0.7559205E-06  0.3953284E-07 -0.7982118E-06 -0.5250914E-06  0.2144491E+00  0.7772812E-04

       140      0  0.0000000E+00  0.0000000E+00  0.0000000E+00  0.0000000E+00  0.0000000E+00  0.0000000E+00
       140      1  0.0000000E+00  0.0000000E+00  0.0000000E+00  0.0000000E+00  0.0000000E+00  0.0000000E+00
       140      2  0.4984595E-03 -0.2781199E-04  0.2065300E-03  0.6754920E-04  0.1284390E-03 -0.1411194E-07
       140      3  0.3737683E-03 -0.2085028E-04  0.1548197E-03  0.5066776E-04  0.7146247E-04 -0.7958426E-08
       140      4  0.2491577E-03 -0.1389295E-04  0.1031475E-03  0.3378439E-04  0.3106675E-04 -0.3555584E-08
       140      5  0.1245832E-03 -0.6942138E-05  0.5153405E-04  0.1689613E-04  0.7247620E-05 -0.9029584E-09
       140      6  0.0000000E+00  0.0000000E+00  0.0000000E+00  0.0000000E+00  0.0000000E+00  0.0000000E+00
       140      7 -0.1246363E-03  0.6931295E-05 -0.5143394E-04 -0.1690696E-04  0.9317935E-05 -0.8460648E-09
       140      8 -0.2493704E-03  0.1384957E-04 -0.1027471E-03 -0.3382770E-04  0.3519460E-04 -0.3440412E-08
       140      9 -0.3742468E-03  0.2075263E-04 -0.1539186E-03 -0.5076512E-04  0.7762229E-04 -0.7782205E-08
       140     10 -0.4993098E-03  0.2763827E-04 -0.2049278E-03 -0.6772215E-04  0.1365924E-03 -0.1387051E-07
       140     11  0.9876708E-03  0.6770310E-04  0.5802764E-03 -0.1059940E-03  0.5255541E-03 -0.6268424E-07
       140     12  0.7414054E-03  0.5073914E-04  0.4347313E-03 -0.7968275E-04  0.2943503E-03 -0.3491889E-07
       140     13  0.4944182E-03  0.3380921E-04  0.2895952E-03 -0.5321965E-04  0.1296924E-03 -0.1521766E-07
       140     14  0.2471394E-03  0.1690044E-04  0.1447309E-03 -0.2664525E-04  0.3157652E-04 -0.3578613E-08
       140     15  0.0000000E+00  0.0000000E+00  0.0000000E+00  0.0000000E+00  0.0000000E+00  0.0000000E+00
       140     16 -0.2465679E-03 -0.1690484E-04 -0.1447367E-03  0.2667566E-04  0.3496185E-04 -0.4480288E-08
       140     17 -0.4921307E-03 -0.3382665E-04 -0.2896185E-03  0.5334121E-04  0.1364626E-03 -0.1701815E-07
       140     18 -0.7362536E-03 -0.5077784E-04 -0.4347846E-03  0.7995596E-04  0.3045042E-03 -0.3761249E-07
       140     19 -0.9784997E-03 -0.6777056E-04 -0.5803734E-03  0.1064789E-03  0.5390902E-03 -0.6626239E-07
       140     20  0.7476518E-05  0.2954515E-06  0.5789434E-05 -0.1465261E-05 -0.2277275E+00 -0.7434949E-04
       140     21  0.5798418E-05  0.2015305E-06  0.4026825E-05 -0.1150897E-05 -0.1708205E+00 -0.5575874E-04
       140     22  0.3977892E-05  0.1202920E-06  0.2455159E-05 -0.7933175E-06 -0.1138969E+00 -0.3717030E-04
       140     23  0.2038315E-05  0.5264191E-07  0.1106179E-05 -0.4050851E-06 -0.5695671E-01 -0.1858408E-04
       140     24  0.0000000E+00  0.0000000E+00  0.0000000E+00  0.0000000E+00  0.0000000E+00  0.0000000E+00
       140     25 -0.2115069E-05 -0.3567462E-07 -0.8554495E-06  0.4074228E-06  0.5697323E-01  0.1858203E-04
       140     26 -0.4278381E-05 -0.5193386E-07 -0.1464698E-05  0.8025050E-06  0.1139630E+00  0.3716208E-04
       140     27 -0.6450257E-05 -0.4596742E-07 -0.1844701E-05  0.1170985E-05  0.1709692E+00  0.5574024E-04
       140     28 -0.8575757E-05 -0.1480350E-07 -0.2024477E-05  0.1499624E-05  0.2279918E+00  0.7431659E-04

       150      0  0.0000000E+00  0.0000000E+00  0.0000000E+00  0.0000000E+00  0.0000000E+00  0.0000000E+00
       150      1  0.0000000E+00  0.0000000E+00  0.0000000E+00  0.0000000E+00  0.0000000E+00  0.0000000E+00
       150      2  0.1182415E-03 -0.8033380E-05 -0.4401108E-03 -0.1713438E-04  0.1325262E-03 -0.1614633E-07
       150      3  0.8875323E-04 -0.6030239E-05 -0.3300421E-03 -0.1286422E-04  0.7550863E-04 -0.9102557E-08
       150      4  0.5922079E-04 -0.4022889E-05 -0.2199967E-03 -0.8591097E-05  0.3441829E-04 -0.4063941E-08
       150      5  0.2963835E-04 -0.2012439E-05 -0.1099806E-03 -0.4306018E-05  0.9250540E-05 -0.1029965E-08
       150      6  0.0000000E+00  0.0000000E+00  0.0000000E+00  0.0000000E+00  0.0000000E+00  0.0000000E+00
       150      7 -0.2970018E-04  0.2013315E-05  0.1099389E-03  0.4335938E-05  0.6660487E-05 -0.9733082E-09
       150      8 -0.5946810E-04  0.4026392E-05  0.2198297E-03  0.8710767E-05  0.2922503E-04 -0.3949043E-08
       150      9 -0.8930970E-04  0.6038117E-05  0.3296662E-03  0.1313345E-04  0.6768587E-04 -0.8926251E-08
       150     10 -0.1192309E-03  0.8047377E-05  0.4394417E-03  0.1761292E-04  0.1220345E-03 -0.1590387E-07
       150     11 -0.2106426E-02 -0.1829029E-04 -0.5154757E-04 -0.4544777E-04  0.6181427E-03 -0.7135533E-07
       150     12 -0.1580555E-02 -0.1346228E-04 -0.3911395E-04 -0.3408853E-04  0.3466913E-03 -0.3977692E-07
       150     13 -0.1054115E-02 -0.8833304E-05 -0.2631053E-04 -0.2271946E-04  0.1531911E-03 -0.1735959E-07
       150     14 -0.5272254E-03 -0.4360285E-05 -0.1323872E-04 -0.1135261E-04  0.3763112E-04 -0.4101250E-08
       150     15  0.0000000E+00  0.0000000E+00  0.0000000E+00  0.0000000E+00  0.0000000E+00  0.0000000E+00
       150     16  0.5274522E-03  0.4290843E-05  0.1330422E-04  0.1132635E-04  0.4028591E-04 -0.5054153E-08
       150     17  0.1055023E-02  0.8555546E-05  0.2657279E-04  0.2261442E-04  0.1584765E-03 -0.1926223E-07
       150     18  0.1582603E-02  0.1283736E-04  0.3970490E-04  0.3385210E-04  0.3545588E-03 -0.4262296E-07
       150     19  0.2110079E-02  0.1717945E-04  0.5260032E-04  0.4502724E-04  0.6285193E-03 -0.7513529E-07
       150     20 -0.1188772E-04  0.5583489E-07  0.2425100E-05 -0.8725209E-06 -0.2406339E+00 -0.7073702E-04
       150     21 -0.8868167E-05  0.1056554E-06  0.1784409E-05 -0.6535578E-06 -0.1805009E+00 -0.5304892E-04
       150     22 -0.5783662E-05  0.1120140E-06  0.1167082E-05 -0.4378337E-06 -0.1203509E+00 -0.3536346E-04
       150     23 -0.2780705E-05  0.7604216E-07  0.5703538E-06 -0.2211211E-06 -0.6018393E-01 -0.1768052E-04
       150     24  0.0000000E+00  0.0000000E+00  0.0000000E+00  0.0000000E+00  0.0000000E+00  0.0000000E+00
       150     25  0.2425205E-05 -0.1126990E-06 -0.5309373E-06  0.2275337E-06  0.6020088E-01  0.1767821E-04
       150     26  0.4371315E-05 -0.2574504E-06 -0.1003996E-05  0.4615548E-06  0.1204187E+00  0.3535420E-04
       150     27  0.5727321E-05 -0.4284235E-06 -0.1397612E-05  0.6998202E-06  0.1806535E+00  0.5302809E-04
       150     28  0.6398571E-05 -0.6185473E-06 -0.1689812E-05  0.9375333E-06  0.2409051E+00  0.7069997E-04

       160      0  0.0000000E+00  0.0000000E+00  0.0000000E+00  0.0000000E+00  0.0000000E+00  0.0000000E+00
       160      1  0.0000000E+00  0.0000000E+00  0.0000000E+00  0.0000000E+00  0.0000000E+00  0.0000000E+00
       160      2  0.4475115E-03  0.4237666E-04  0.1596532E-03 -0.3206926E-04  0.1312585E-03 -0.1811043E-07
       160      3  0.3351991E-03  0.3179108E-04  0.1196913E-03 -0.2404737E-04  0.7395638E-04 -0.1020892E-07
       160      4  0.2231309E-03  0.2120077E-04  0.7976896E-04 -0.1602666E-04  0.3298120E-04 -0.4557087E-08
       160      5  0.1113750E-03  0.1060424E-04  0.3987544E-04 -0.8009932E-05  0.8330288E-05 -0.1154347E-08
       160      6  0.0000000E+00  0.0000000E+00  0.0000000E+00  0.0000000E+00  0.0000000E+00  0.0000000E+00
       160      7 -0.1109256E-03 -0.1061341E-04 -0.3986807E-04  0.8000320E-05  0.7985677E-05 -0.1093222E-08
       160      8 -0.2213329E-03 -0.2123744E-04 -0.7973944E-04  0.1598821E-04  0.3228164E-04 -0.4433067E-08
       160      9 -0.3311529E-03 -0.3187352E-04 -0.1196247E-03  0.2396083E-04  0.7288121E-04 -0.1001847E-07
       160     10 -0.4403166E-03 -0.4252306E-04 -0.1595346E-03  0.3191536E-04  0.1297767E-03 -0.1784823E-07
       160     11  0.7646797E-03 -0.3187384E-04  0.5038665E-03  0.1916924E-03  0.6524135E-03 -0.8142235E-07
       160     12  0.5731516E-03 -0.2395415E-04  0.3789728E-03  0.1435713E-03  0.3635125E-03 -0.4542311E-07
       160     13  0.3820344E-03 -0.1599280E-04  0.2531459E-03  0.9561230E-04  0.1584819E-03 -0.1985442E-07
       160     14  0.1910709E-03 -0.8003505E-05  0.1267130E-03  0.4777041E-04  0.3731275E-04 -0.4714060E-08
       160     15  0.0000000E+00  0.0000000E+00  0.0000000E+00  0.0000000E+00  0.0000000E+00  0.0000000E+00
       160     16 -0.1914420E-03  0.8003889E-05 -0.1266678E-03 -0.4774473E-04  0.4654269E-04 -0.5710452E-08
       160     17 -0.3835202E-03  0.1599419E-04 -0.2529652E-03 -0.9550957E-04  0.1769438E-03 -0.2184385E-07
       160     18 -0.5765002E-03  0.2395671E-04 -0.3785672E-03 -0.1433401E-03  0.3912103E-03 -0.4839888E-07
       160     19 -0.7706466E-03  0.3187698E-04 -0.5031481E-03 -0.1912812E-03  0.6893529E-03 -0.8537442E-07
       160     20  0.4403621E-05 -0.1886554E-06  0.6449843E-05  0.2961491E-06 -0.2528773E+00 -0.6692954E-04
       160     21  0.2717051E-05 -0.1612188E-06  0.5136149E-05  0.1376478E-06 -0.1896838E+00 -0.5019283E-04
       160     22  0.1359836E-05 -0.1164134E-06  0.3594784E-05  0.3008790E-07 -0.1264731E+00 -0.3345909E-04
       160     23  0.4317518E-06 -0.6030879E-07  0.1867919E-05 -0.1825084E-07 -0.6324518E-01 -0.1672819E-04
       160     24  0.0000000E+00  0.0000000E+00  0.0000000E+00  0.0000000E+00  0.0000000E+00  0.0000000E+00
       160     25  0.9556319E-07  0.5677772E-07 -0.1961782E-05  0.9124551E-07  0.6326243E-01  0.1672561E-04
       160     26  0.7108005E-06  0.1020709E-06 -0.3966972E-05  0.2607516E-06  0.1265421E+00  0.3344877E-04
       160     27  0.1798418E-05  0.1281632E-06 -0.5961459E-05  0.5123459E-06  0.1898391E+00  0.5016962E-04
       160     28  0.3271994E-05  0.1280564E-06 -0.7887393E-05  0.8480106E-06  0.2531533E+00  0.6688827E-04

       170      0  0.0000000E+00  0.0000000E+00  0.0000000E+00  0.0000000E+00  0.0000000E+00  0.0000000E+00
       170      1  0.0000000E+00  0.0000000E+00  0.0000000E+00  0.0000000E+00  0.0000000E+00  0.0000000E+00
       170      2 -0.8373379E-03 -0.9028846E-05  0.6777464E-04 -0.5172975E-04  0.1526871E-03 -0.2028399E-07
       170      3 -0.6279468E-03 -0.6755786E-05  0.5087042E-04 -0.3879585E-04  0.8613941E-04 -0.1143240E-07
       170      4 -0.4185808E-03 -0.4496381E-05  0.3395309E-04 -0.2586086E-04  0.3851185E-04 -0.5101654E-08
       170      5 -0.2092589E-03 -0.2245998E-05  0.1700288E-04 -0.1292788E-04  0.9800414E-05 -0.1291110E-08
       170      6  0.0000000E+00  0.0000000E+00  0.0000000E+00  0.0000000E+00  0.0000000E+00  0.0000000E+00
       170      7  0.2091770E-03  0.2246248E-05 -0.1707534E-04  0.1291966E-04  0.9104443E-05 -0.1227412E-08
       170      8  0.4182530E-03  0.4497380E-05 -0.3424291E-04  0.2582796E-04  0.3710651E-04 -0.4972294E-08
       170      9  0.6272087E-03  0.6758021E-05 -0.5152246E-04  0.3872176E-04  0.8399789E-04 -0.1123346E-07
       170     10  0.8360248E-03  0.9032794E-05 -0.6893372E-04  0.5159791E-04  0.1497692E-03 -0.2000957E-07
       170     11  0.3346223E-03 -0.5155601E-04 -0.8087783E-03 -0.6418795E-04  0.6348694E-03 -0.9139069E-07
       170     12  0.2488995E-03 -0.3871395E-04 -0.6070256E-03 -0.4783888E-04  0.3579074E-03 -0.5100980E-07
       170     13  0.1648213E-03 -0.2583154E-04 -0.4049062E-03 -0.3174877E-04  0.1597812E-03 -0.2231924E-07
       170     14  0.8198864E-04 -0.1292237E-04 -0.2025288E-03 -0.1583132E-04  0.4048102E-04 -0.5316665E-08
       170     15  0.0000000E+00  0.0000000E+00  0.0000000E+00  0.0000000E+00  0.0000000E+00  0.0000000E+00
       170     16 -0.8154760E-04  0.1292204E-04  0.2025738E-03  0.1583177E-04  0.3833494E-04 -0.6367488E-08
       170     17 -0.1630579E-03  0.2583020E-04  0.4050861E-03  0.3175054E-04  0.1554861E-03 -0.2441767E-07
       170     18 -0.2449345E-03  0.3871086E-04  0.6074285E-03  0.4784278E-04  0.3514572E-03 -0.5414939E-07
       170     19 -0.3275801E-03  0.5155035E-04  0.8094905E-03  0.6419472E-04  0.6262556E-03 -0.9556178E-07
       170     20  0.3257736E-06 -0.2831499E-06 -0.2226878E-05 -0.7249808E-06 -0.2644236E+00 -0.6293755E-04
       170     21 -0.2430567E-06 -0.2130235E-06 -0.1715798E-05 -0.4134621E-06 -0.1983438E+00 -0.4719834E-04
       170     22 -0.4865921E-06 -0.1425917E-06 -0.1119123E-05 -0.1893377E-06 -0.1322465E+00 -0.3146245E-04
       170     23 -0.4100310E-06 -0.7155515E-07 -0.5203229E-06 -0.5286374E-07 -0.6613196E-01 -0.1572972E-04
       170     24  0.0000000E+00  0.0000000E+00  0.0000000E+00  0.0000000E+00  0.0000000E+00  0.0000000E+00
       170     25  0.7725047E-06  0.7121655E-07  0.3671203E-06 -0.2254675E-07  0.6614939E-01  0.1572687E-04
       170     26  0.1947011E-05  0.1401424E-06  0.5151186E-06 -0.1083843E-06  0.1323162E+00  0.3145106E-04
       170     27  0.3566591E-05  0.2034954E-06  0.3897169E-06 -0.2418313E-06  0.1985006E+00  0.4717271E-04
       170     28  0.5669404E-05  0.2565413E-06 -0.4901610E-07 -0.4041433E-06  0.2647024E+00  0.6289199E-04

       180      0  0.0000000E+00  0.0000000E+00  0.0000000E+00  0.0000000E+00  0.0000000E+00  0.0000000E+00
       180      1  0.0000000E+00  0.0000000E+00  0.0000000E+00  0.0000000E+00  0.0000000E+00  0.0000000E+00
       180      2  0.4056632E-04 -0.1014220E-04  0.1859768E-03  0.1029118E-03  0.1452562E-03 -0.2266799E-07
       180      3  0.3042759E-04 -0.7608171E-05  0.1394293E-03  0.7718327E-04  0.8062802E-04 -0.1277534E-07
       180      4  0.2030114E-04 -0.5072967E-05  0.9288976E-04  0.5145801E-04  0.3487961E-04 -0.5700296E-08
       180      5  0.1016570E-04 -0.2536827E-05  0.4639951E-04  0.2573167E-04  0.8005675E-05 -0.1442136E-08
       180      6  0.0000000E+00  0.0000000E+00  0.0000000E+00  0.0000000E+00  0.0000000E+00  0.0000000E+00
       180      7 -0.1021728E-04  0.2537264E-05 -0.4626731E-04 -0.2574128E-04  0.1085544E-04 -0.1372872E-08
       180      8 -0.2050745E-04  0.5074709E-05 -0.9236094E-04 -0.5149639E-04  0.4056396E-04 -0.5559583E-08
       180      9 -0.3089181E-04  0.7612073E-05 -0.1382394E-03 -0.7726954E-04  0.8911660E-04 -0.1255881E-07
       180     10 -0.4139164E-04  0.1014909E-04 -0.1838612E-03 -0.1030649E-03  0.1565035E-03 -0.2236906E-07
       180     11  0.8886731E-03  0.1030307E-03  0.1124504E-03 -0.8403526E-05  0.6827403E-03 -0.1012982E-06
       180     12  0.6679641E-03  0.7722480E-04  0.8446757E-04 -0.6309716E-05  0.3830807E-03 -0.5656782E-07
       180     13  0.4456588E-03  0.5146503E-04  0.5639953E-04 -0.4212542E-05  0.1694058E-03 -0.2477625E-07
       180     14  0.2226919E-03  0.2573042E-04  0.2824438E-04 -0.2109963E-05  0.4171351E-04 -0.5921040E-08
       180     15  0.0000000E+00  0.0000000E+00  0.0000000E+00  0.0000000E+00  0.0000000E+00  0.0000000E+00
       180     16 -0.2214777E-03 -0.2574707E-04 -0.2833587E-04  0.2119214E-05  0.4426026E-04 -0.7011270E-08
       180     17 -0.4407986E-03 -0.5153138E-04 -0.5676556E-04  0.4249367E-05  0.1744879E-03 -0.2695330E-07
       180     18 -0.6570165E-03 -0.7737310E-04 -0.8529147E-04  0.6391915E-05  0.3906749E-03 -0.5982488E-07
       180     19 -0.8691806E-03 -0.1032919E-03 -0.1139160E-03  0.8548019E-05  0.6928122E-03 -0.1056251E-06
       180     20  0.6826853E-05  0.5458803E-06  0.3279544E-05 -0.6152933E-06 -0.2752414E+00 -0.5877207E-04
       180     21  0.6055067E-05  0.3730399E-06  0.2421594E-05 -0.4858026E-06 -0.2064570E+00 -0.4407371E-04
       180     22  0.4584959E-05  0.2200308E-06  0.1566670E-05 -0.3351363E-06 -0.1376554E+00 -0.2937904E-04
       180     23  0.2524798E-05  0.9366869E-07  0.7511825E-06 -0.1701336E-06 -0.6883638E-01 -0.1468786E-04
       180     24  0.0000000E+00  0.0000000E+00  0.0000000E+00  0.0000000E+00  0.0000000E+00  0.0000000E+00
       180     25 -0.2846876E-05 -0.5581318E-07 -0.6758751E-06  0.1646641E-06  0.6885384E-01  0.1468475E-04
       180     26 -0.5856104E-05 -0.6967769E-07 -0.1280600E-05  0.3129573E-06  0.1377252E+00  0.2936657E-04
       180     27 -0.8851353E-05 -0.3882284E-07 -0.1833673E-05  0.4348416E-06  0.2066141E+00  0.4404565E-04
       180     28 -0.1164144E-04  0.3788810E-07 -0.2368961E-05  0.5223165E-06  0.2755207E+00  0.5872219E-04

       190      0  0.0000000E+00  0.0000000E+00  0.0000000E+00  0.0000000E+00  0.0000000E+00  0.0000000E+00
       190      1  0.0000000E+00  0.0000000E+00  0.0000000E+00  0.0000000E+00  0.0000000E+00  0.0000000E+00
       190      2  0.3696152E-03 -0.3370560E-04 -0.2669727E-03 -0.2354951E-04  0.1498853E-03 -0.2493996E-07
       190      3  0.2770914E-03 -0.2527788E-04 -0.2001864E-03 -0.1765664E-04  0.8501427E-04 -0.1405272E-07
       190      4  0.1846868E-03 -0.1684943E-04 -0.1334219E-03 -0.1177250E-04  0.3841269E-04 -0.6267527E-08
       190      5  0.9234265E-04 -0.8422666E-05 -0.6668965E-04 -0.5889482E-05  0.1007635E-04 -0.1583604E-08
       190      6  0.0000000E+00  0.0000000E+00  0.0000000E+00  0.0000000E+00  0.0000000E+00  0.0000000E+00
       190      7 -0.9240017E-04  0.8416136E-05  0.6663657E-04  0.5903531E-05  0.8177311E-05 -0.1515598E-08
       190      8 -0.1849169E-03  0.1682330E-04  0.1332095E-03  0.1182868E-04  0.3460087E-04 -0.6129112E-08
       190      9 -0.2776091E-03  0.2521904E-04  0.1997082E-03  0.1778300E-04  0.7926220E-04 -0.1383909E-07
       190     10 -0.3705359E-03  0.3360088E-04  0.2661219E-03  0.2377402E-04  0.1421517E-03 -0.2464390E-07
       190     11 -0.1274935E-02 -0.2416649E-04  0.2691534E-03 -0.1704389E-03  0.7614718E-03 -0.1125050E-06
       190     12 -0.9573036E-03 -0.1795768E-04  0.2005993E-03 -0.1279544E-03  0.4281302E-03 -0.6285574E-07
       190     13 -0.6387727E-03 -0.1188553E-04  0.1331259E-03 -0.8535503E-04  0.1901061E-03 -0.2755686E-07
       190     14 -0.3195911E-03 -0.5912304E-05  0.6637821E-04 -0.4268800E-04  0.4739618E-04 -0.6605708E-08
       190     15  0.0000000E+00  0.0000000E+00  0.0000000E+00  0.0000000E+00  0.0000000E+00  0.0000000E+00
       190     16  0.3197640E-03  0.5889546E-05 -0.6636592E-04  0.4266242E-04  0.4792038E-04 -0.7737747E-08
       190     17  0.6394660E-03  0.1179462E-04 -0.1330768E-03  0.8525261E-04  0.1911633E-03 -0.2981728E-07
       190     18  0.9588697E-03  0.1775358E-04 -0.2004890E-03  0.1277236E-03  0.4297377E-03 -0.6623724E-07
       190     19  0.1277735E-02  0.2380478E-04 -0.2689578E-03  0.1700278E-03  0.7636557E-03 -0.1169966E-06
       190     20 -0.7652493E-05 -0.8567924E-07  0.3149895E-05 -0.1483630E-05 -0.2853004E+00 -0.5444456E-04
       190     21 -0.6043717E-05 -0.7512158E-08  0.1936754E-05 -0.1134997E-05 -0.2140010E+00 -0.4082755E-04
       190     22 -0.4098177E-05  0.3337008E-07  0.1007261E-05 -0.7643709E-06 -0.1426846E+00 -0.2721460E-04
       190     23 -0.2016486E-05  0.3548182E-07  0.3621807E-06 -0.3823661E-06 -0.7135092E-01 -0.1360549E-04
       190     24  0.0000000E+00  0.0000000E+00  0.0000000E+00  0.0000000E+00  0.0000000E+00  0.0000000E+00
       190     25  0.1760142E-05 -0.6926501E-07 -0.8357799E-07  0.3709168E-06  0.7136829E-01  0.1360211E-04
       190     26  0.3093930E-05 -0.1659979E-06  0.1030379E-06  0.7175049E-06  0.1427541E+00  0.2720105E-04
       190     27  0.3863168E-05 -0.2816175E-06  0.5453339E-06  0.1025726E-05  0.2141574E+00  0.4079706E-04
       190     28  0.3971657E-05 -0.4056391E-06  0.1220283E-05  0.1280532E-05  0.2855784E+00  0.5439037E-04

       200      0  0.0000000E+00  0.0000000E+00  0.0000000E+00  0.0000000E+00  0.0000000E+00  0.0000000E+00
       200      1  0.0000000E+00  0.0000000E+00  0.0000000E+00  0.0000000E+00  0.0000000E+00  0.0000000E+00
       200      2  0.3044971E-03  0.4767865E-04 -0.1095173E-03 -0.9921205E-06  0.1659558E-03 -0.2731542E-07
       200      3  0.2279666E-03  0.3575977E-04 -0.8217693E-04 -0.7419255E-06  0.9366129E-04 -0.1538998E-07
       200      4  0.1516333E-03  0.2384171E-04 -0.5481069E-04 -0.4956219E-06  0.4190660E-04 -0.6862855E-08
       200      5  0.7560766E-04  0.1192245E-04 -0.2741843E-04 -0.2495385E-06  0.1068787E-04 -0.1733204E-08
       200      6  0.0000000E+00  0.0000000E+00  0.0000000E+00  0.0000000E+00  0.0000000E+00  0.0000000E+00
       200      7 -0.7507908E-04 -0.1192761E-04  0.2744474E-04  0.2566707E-06  0.9836633E-05 -0.1662029E-08
       200      8 -0.1495189E-03 -0.2386234E-04  0.5491591E-04  0.5241503E-06  0.4019016E-04 -0.6717891E-08
       200      9 -0.2232084E-03 -0.3580610E-04  0.8241361E-04  0.8061127E-06  0.9105168E-04 -0.1516600E-07
       200     10 -0.2960368E-03 -0.4776079E-04  0.1099379E-03  0.1106227E-05  0.1624111E-03 -0.2700457E-07
       200     11 -0.5302798E-03 -0.1159601E-05  0.2532123E-03  0.2286572E-03  0.7062620E-03 -0.1240471E-06
       200     12 -0.3969651E-03 -0.8171399E-06  0.1916337E-03  0.1713818E-03  0.3941162E-03 -0.6933684E-07
       200     13 -0.2641400E-03 -0.5205214E-06  0.1285898E-03  0.1142051E-03  0.1723633E-03 -0.3042734E-07
       200     14 -0.1318148E-03 -0.2535419E-06  0.6455424E-04  0.5709029E-04  0.4099285E-04 -0.7315836E-08
       200     15  0.0000000E+00  0.0000000E+00  0.0000000E+00  0.0000000E+00  0.0000000E+00  0.0000000E+00
       200     16  0.1312937E-03  0.2562536E-06 -0.6459963E-04 -0.5710362E-04  0.4938535E-04 -0.8477877E-08
       200     17  0.2620543E-03  0.5312661E-06 -0.1287710E-03 -0.1142583E-03  0.1891551E-03 -0.3274791E-07
       200     18  0.3922683E-03  0.8409335E-06 -0.1920398E-03 -0.1715014E-03  0.4193210E-03 -0.7280894E-07
       200     19  0.5219197E-03  0.1200952E-05 -0.2539307E-03 -0.2288693E-03  0.7399002E-03 -0.1286602E-06
       200     20 -0.2271203E-05  0.4714894E-07  0.4178057E-05  0.7836056E-06 -0.2945733E+00 -0.4996696E-04
       200     21 -0.1666075E-05  0.4403417E-07  0.3696349E-05  0.5140425E-06 -0.2209552E+00 -0.3746881E-04
       200     22 -0.1114356E-05  0.3676107E-07  0.2801220E-05  0.2796666E-06 -0.1473204E+00 -0.2497511E-04
       200     23 -0.5675541E-06  0.2317052E-07  0.1546012E-05  0.1021516E-06 -0.7366871E-01 -0.1248559E-04
       200     24  0.0000000E+00  0.0000000E+00  0.0000000E+00  0.0000000E+00  0.0000000E+00  0.0000000E+00
       200     25  0.5838624E-06 -0.3658724E-07 -0.1754167E-05 -0.1215816E-07  0.7368588E-01  0.1248194E-04
       200     26  0.1145224E-05 -0.9037872E-07 -0.3623344E-05  0.7575621E-07  0.1473891E+00  0.2496049E-04
       200     27  0.1610122E-05 -0.1644340E-06 -0.5507196E-05  0.2686305E-06  0.2211097E+00  0.3743592E-04
       200     28  0.1872416E-05 -0.2603965E-06 -0.7302045E-05  0.5655929E-06  0.2948479E+00  0.4990849E-04
