# number of spin vectors:      29
# iteration vector   S_X            S_Y            S_Z
         0      0  0.0000000E+00  0.0000000E+00  0.0000000E+00
         0      1  0.0000000E+00  0.1000000E+01  0.6123234E-16
         0      2  0.0000000E+00  0.1000000E+01  0.6123234E-16
         0      3  0.0000000E+00  0.1000000E+01  0.6123234E-16
         0      4  0.0000000E+00  0.1000000E+01  0.6123234E-16
         0      5  0.0000000E+00  0.1000000E+01  0.6123234E-16
         0      6  0.0000000E+00  0.1000000E+01  0.6123234E-16
         0      7  0.0000000E+00  0.1000000E+01  0.6123234E-16
         0      8  0.0000000E+00  0.1000000E+01  0.6123234E-16
         0      9  0.0000000E+00  0.1000000E+01  0.6123234E-16
         0     10  0.0000000E+00  0.1000000E+01  0.6123234E-16
         0     11  0.0000000E+00  0.1000000E+01  0.6123234E-16
         0     12  0.0000000E+00  0.1000000E+01  0.6123234E-16
         0     13  0.0000000E+00  0.1000000E+01  0.6123234E-16
         0     14  0.0000000E+00  0.1000000E+01  0.6123234E-16
         0     15  0.0000000E+00  0.1000000E+01  0.6123234E-16
         0     16  0.0000000E+00  0.1000000E+01  0.6123234E-16
         0     17  0.0000000E+00  0.1000000E+01  0.6123234E-16
         0     18  0.0000000E+00  0.1000000E+01  0.6123234E-16
         0     19  0.0000000E+00  0.1000000E+01  0.6123234E-16
         0     20  0.0000000E+00  0.1000000E+01  0.6123234E-16
         0     21  0.0000000E+00  0.1000000E+01  0.6123234E-16
         0     22  0.0000000E+00  0.1000000E+01  0.6123234E-16
         0     23  0.0000000E+00  0.1000000E+01  0.6123234E-16
         0     24  0.0000000E+00  0.1000000E+01  0.6123234E-16
         0     25  0.0000000E+00  0.1000000E+01  0.6123234E-16
         0     26  0.0000000E+00  0.1000000E+01  0.6123234E-16
         0     27  0.0000000E+00  0.1000000E+01  0.6123234E-16
         0     28  0.0000000E+00  0.1000000E+01  0.6123234E-16

       100      0  0.0000000E+00  0.0000000E+00  0.0000000E+00
       100      1  0.4803128E-16  0.1000000E+01 -0.3797888E-16
       100      2  0.3461856E-06  0.1000000E+01 -0.1541361E-04
       100      3  0.2539687E-06  0.1000000E+01 -0.1156669E-04
       100      4  0.1655315E-06  0.1000000E+01 -0.7715399E-05
       100      5  0.8087499E-07  0.1000000E+01 -0.3859809E-05
       100      6  0.4803128E-16  0.1000000E+01 -0.3797888E-16
       100      7 -0.7709275E-07  0.1000000E+01  0.3863949E-05
       100      8 -0.1504027E-06  0.1000000E+01  0.7731955E-05
       100      9 -0.2199293E-06  0.1000000E+01  0.1160393E-04
       100     10 -0.2856723E-06  0.1000000E+01  0.1547979E-04
       100     11  0.2557532E-05  0.1000000E+01  0.1611010E-03
       100     12  0.1931555E-05  0.1000000E+01  0.1209317E-03
       100     13  0.1296629E-05  0.1000000E+01  0.8067251E-04
       100     14  0.6527728E-06  0.1000000E+01  0.4035234E-04
       100     15  0.4803128E-16  0.1000000E+01 -0.3797888E-16
       100     16 -0.6616830E-06  0.1000000E+01 -0.4035578E-04
       100     17 -0.1332275E-05  0.1000000E+01 -0.8068624E-04
       100     18 -0.2011778E-05  0.1000000E+01 -0.1209626E-03
       100     19 -0.2700200E-05  0.1000000E+01 -0.1611559E-03
       100     20  0.1384076E-04  0.1000000E+01  0.9052283E-05
       100     21  0.1038061E-04  0.1000000E+01  0.6803574E-05
       100     22  0.6920420E-05  0.1000000E+01  0.4540752E-05
       100     23  0.3460216E-05  0.1000000E+01  0.2270592E-05
       100     24  0.4803128E-16  0.1000000E+01 -0.3797888E-16
       100     25 -0.3460232E-05  0.1000000E+01 -0.2264024E-05
       100     26 -0.6920491E-05  0.1000000E+01 -0.4514424E-05
       100     27 -0.1038080E-04  0.1000000E+01 -0.6744145E-05
       100     28 -0.1384117E-04  0.1000000E+01 -0.8946208E-05

       200      0  0.0000000E+00  0.0000000E+00  0.0000000E+00
       200      1 -0.5958206E-16  0.1000000E+01 -0.1412013E-16
       200      2 -0.4563800E-06  0.1000000E+01  0.3038717E-05
       200      3 -0.3475186E-06  0.1000000E+01  0.2284773E-05
       200      4 -0.2351938E-06  0.1000000E+01  0.1529081E-05
       200      5 -0.1193671E-06  0.1000000E+01  0.7685274E-06
       200      6 -0.5958206E-16  0.1000000E+01 -0.1412013E-16
       200      7  0.1229454E-06  0.1000000E+01 -0.7796157E-06
       200      8  0.2495068E-06  0.1000000E+01 -0.1573432E-05
       200      9  0.3797217E-06  0.1000000E+01 -0.2384558E-05
       200     10  0.5136271E-06  0.1000000E+01 -0.3216095E-05
       200     11 -0.3477975E-05  0.1000000E+01 -0.1873140E-03
       200     12 -0.2599068E-05  0.1000000E+01 -0.1404153E-03
       200     13 -0.1726745E-05  0.1000000E+01 -0.9358493E-04
       200     14 -0.8605440E-06  0.1000000E+01 -0.4679072E-04
       200     15 -0.5958206E-16  0.1000000E+01 -0.1412013E-16
       200     16  0.8553606E-06  0.1000000E+01  0.4682025E-04
       200     17  0.1706016E-05  0.1000000E+01  0.9370299E-04
       200     18  0.2552446E-05  0.1000000E+01  0.1406808E-03
       200     19  0.3395135E-05  0.1000000E+01  0.1877853E-03
       200     20  0.6798978E-05  0.1000000E+01 -0.9729538E-05
       200     21  0.5095462E-05  0.1000000E+01 -0.7234874E-05
       200     22  0.3394471E-05  0.1000000E+01 -0.4770273E-05
       200     23  0.1695981E-05  0.1000000E+01 -0.2353570E-05
       200     24 -0.5958206E-16  0.1000000E+01 -0.1412013E-16
       200     25 -0.1693443E-05  0.1000000E+01  0.2278401E-05
       200     26 -0.3384300E-05  0.1000000E+01  0.4473373E-05
       200     27 -0.5072515E-05  0.1000000E+01  0.6580986E-05
       200     28 -0.6758026E-05  0.1000000E+01  0.8602125E-05

       300      0  0.0000000E+00  0.0000000E+00  0.0000000E+00
       300      1  0.2587934E-16  0.1000000E+01  0.5549468E-16
       300      2  0.3428048E-06  0.1000000E+01  0.2890388E-04
       300      3  0.2561950E-06  0.1000000E+01  0.2169076E-04
       300      4  0.1702514E-06  0.1000000E+01  0.1446582E-04
       300      5  0.8488311E-07  0.1000000E+01  0.7233940E-05
       300      6  0.2587934E-16  0.1000000E+01  0.5549468E-16
       300      7 -0.8448780E-07  0.1000000E+01 -0.7231100E-05
       300      8 -0.1686697E-06  0.1000000E+01 -0.1445444E-04
       300      9 -0.2526345E-06  0.1000000E+01 -0.2166510E-04
       300     10 -0.3364708E-06  0.1000000E+01 -0.2885810E-04
       300     11  0.1791853E-05  0.1000000E+01  0.6390631E-04
       300     12  0.1333633E-05  0.1000000E+01  0.4738712E-04
       300     13  0.8829317E-06  0.1000000E+01  0.3132841E-04
       300     14  0.4387294E-06  0.1000000E+01  0.1558222E-04
       300     15  0.2587934E-16  0.1000000E+01  0.5549468E-16
       300     16 -0.4342901E-06  0.1000000E+01 -0.1556710E-04
       300     17 -0.8651823E-06  0.1000000E+01 -0.3126795E-04
       300     18 -0.1293727E-05  0.1000000E+01 -0.4725113E-04
       300     19 -0.1720986E-05  0.1000000E+01 -0.6366462E-04
       300     20 -0.8494680E-05  0.1000000E+01  0.4197945E-05
       300     21 -0.6370557E-05  0.1000000E+01  0.3008759E-05
       300     22 -0.4246604E-05  0.1000000E+01  0.1910687E-05
       300     23 -0.2123014E-05  0.1000000E+01  0.9084580E-06
       300     24  0.2587934E-16  0.1000000E+01  0.5549468E-16
       300     25  0.2122216E-05  0.1000000E+01 -0.8235166E-06
       300     26  0.4243413E-05  0.1000000E+01 -0.1577395E-05
       300     27  0.6363376E-05  0.1000000E+01 -0.2282829E-05
       300     28  0.8481908E-05  0.1000000E+01 -0.2965981E-05

       400      0  0.0000000E+00  0.0000000E+00  0.0000000E+00
       400      1  0.2747914E-16  0.1000000E+01 -0.5472016E-16
       400      2  0.1216766E-06  0.1000000E+01 -0.4235022E-04
       400      3  0.8435102E-07  0.1000000E+01 -0.3175328E-04
       400      4  0.5157300E-07  0.1000000E+01 -0.2116470E-04
       400      5  0.2342757E-07  0.1000000E+01 -0.1058133E-04
       400      6  0.2747914E-16  0.1000000E+01 -0.5472016E-16
       400      7 -0.1862402E-07  0.1000000E+01  0.1058244E-04
       400      8 -0.3235828E-07  0.1000000E+01  0.2116913E-04
       400      9 -0.4111589E-07  0.1000000E+01  0.3176314E-04
       400     10 -0.4480915E-07  0.1000000E+01  0.4236747E-04
       400     11  0.1232028E-05  0.1000000E+01  0.9796697E-04
       400     12  0.9324476E-06  0.1000000E+01  0.7405409E-04
       400     13  0.6266858E-06  0.1000000E+01  0.4964333E-04
       400     14  0.3155957E-06  0.1000000E+01  0.2490311E-04
       400     15  0.2747914E-16  0.1000000E+01 -0.5472016E-16
       400     16 -0.3193000E-06  0.1000000E+01 -0.2490023E-04
       400     17 -0.6415152E-06  0.1000000E+01 -0.4963162E-04
       400     18 -0.9658588E-06  0.1000000E+01 -0.7402694E-04
       400     19 -0.1291535E-05  0.1000000E+01 -0.9791673E-04
       400     20  0.3615165E-05  0.1000000E+01  0.4434155E-05
       400     21  0.2711203E-05  0.1000000E+01  0.3409301E-05
       400     22  0.1807318E-05  0.1000000E+01  0.2317535E-05
       400     23  0.9035693E-06  0.1000000E+01  0.1174867E-05
       400     24  0.2747914E-16  0.1000000E+01 -0.5472016E-16
       400     25 -0.9033668E-06  0.1000000E+01 -0.1186411E-05
       400     26 -0.1806529E-05  0.1000000E+01 -0.2362566E-05
       400     27 -0.2709508E-05  0.1000000E+01 -0.3506451E-05
       400     28 -0.3612346E-05  0.1000000E+01 -0.4596902E-05

       500      0  0.0000000E+00  0.0000000E+00  0.0000000E+00
       500      1 -0.5996679E-16  0.1000000E+01  0.1238483E-16
       500      2 -0.5011678E-06  0.1000000E+01  0.1109636E-04
       500      3 -0.3793566E-06  0.1000000E+01  0.8291356E-05
       500      4 -0.2552306E-06  0.1000000E+01  0.5519396E-05
       500      5 -0.1287814E-06  0.1000000E+01  0.2761837E-05
       500      6 -0.5996679E-16  0.1000000E+01  0.1238483E-16
       500      7  0.1311231E-06  0.1000000E+01 -0.2784808E-05
       500      8  0.2645970E-06  0.1000000E+01 -0.5611273E-05
       500      9  0.4004308E-06  0.1000000E+01 -0.8498050E-05
       500     10  0.5386321E-06  0.1000000E+01 -0.1146374E-04
       500     11 -0.3413548E-05  0.1000000E+01 -0.1631669E-03
       500     12 -0.2567158E-05  0.1000000E+01 -0.1224198E-03
       500     13 -0.1716373E-05  0.1000000E+01 -0.8164523E-04
       500     14 -0.8607943E-06  0.1000000E+01 -0.4084105E-04
       500     15 -0.5996679E-16  0.1000000E+01  0.1238483E-16
       500     16  0.8664359E-06  0.1000000E+01  0.4088757E-04
       500     17  0.1738927E-05  0.1000000E+01  0.8183088E-04
       500     18  0.2617859E-05  0.1000000E+01  0.1228359E-03
       500     19  0.3503569E-05  0.1000000E+01  0.1639026E-03
       500     20 -0.9978579E-05  0.1000000E+01 -0.1068935E-04
       500     21 -0.7487226E-05  0.1000000E+01 -0.7994437E-05
       500     22 -0.4993622E-05  0.1000000E+01 -0.5308334E-05
       500     23 -0.2497855E-05  0.1000000E+01 -0.2640616E-05
       500     24 -0.5996679E-16  0.1000000E+01  0.1238483E-16
       500     25  0.2499879E-05  0.1000000E+01  0.2605615E-05
       500     26  0.5001728E-05  0.1000000E+01  0.5169150E-05
       500     27  0.7505499E-05  0.1000000E+01  0.7684440E-05
       500     28  0.1001115E-04  0.1000000E+01  0.1014641E-04

       600      0  0.0000000E+00  0.0000000E+00  0.0000000E+00
       600      1  0.4690872E-16  0.1000000E+01  0.3935697E-16
       600      2  0.6483428E-06  0.1000000E+01  0.4430186E-04
       600      3  0.4849059E-06  0.1000000E+01  0.3328320E-04
       600      4  0.3224885E-06  0.1000000E+01  0.2221204E-04
       600      5  0.1609125E-06  0.1000000E+01  0.1111033E-04
       600      6  0.4690872E-16  0.1000000E+01  0.3935697E-16
       600      7 -0.1604259E-06  0.1000000E+01 -0.1109703E-04
       600      8 -0.3205409E-06  0.1000000E+01 -0.2215879E-04
       600      9 -0.4805190E-06  0.1000000E+01 -0.3316323E-04
       600     10 -0.6405324E-06  0.1000000E+01 -0.4408815E-04
       600     11  0.3316875E-05  0.1000000E+01  0.9464623E-04
       600     12  0.2463175E-05  0.1000000E+01  0.7010072E-04
       600     13  0.1627087E-05  0.1000000E+01  0.4630462E-04
       600     14  0.8066928E-06  0.1000000E+01  0.2301884E-04
       600     15  0.4690872E-16  0.1000000E+01  0.3935697E-16
       600     16 -0.7950438E-06  0.1000000E+01 -0.2299743E-04
       600     17 -0.1580536E-05  0.1000000E+01 -0.4621911E-04
       600     18 -0.2358603E-05  0.1000000E+01 -0.6990879E-04
       600     19 -0.3131390E-05  0.1000000E+01 -0.9430625E-04
       600     20 -0.1529491E-04  0.1000000E+01  0.6362091E-05
       600     21 -0.1147265E-04  0.1000000E+01  0.4753197E-05
       600     22 -0.7649372E-05  0.1000000E+01  0.3157537E-05
       600     23 -0.3825142E-05  0.1000000E+01  0.1573493E-05
       600     24  0.4690872E-16  0.1000000E+01  0.3935697E-16
       600     25  0.3826011E-05  0.1000000E+01 -0.1563399E-05
       600     26  0.7652853E-05  0.1000000E+01 -0.3116536E-05
       600     27  0.1148049E-04  0.1000000E+01 -0.4658637E-05
       600     28  0.1530889E-04  0.1000000E+01 -0.6188377E-05

       700      0  0.0000000E+00  0.0000000E+00  0.0000000E+00
       700      1  0.1777243E-17  0.1000000E+01 -0.6120654E-16
       700      2 -0.2825912E-06  0.1000000E+01 -0.7122701E-04
       700      3 -0.2172567E-06  0.1000000E+01 -0.5340243E-04
       700      4 -0.1485607E-06  0.1000000E+01 -0.3559188E-04
       700      5 -0.7623245E-07  0.1000000E+01 -0.1779219E-04
       700      6  0.1777243E-17  0.1000000E+01 -0.6120654E-16
       700      7  0.8041047E-07  0.1000000E+01  0.1778809E-04
       700      8  0.1652745E-06  0.1000000E+01  0.3557541E-04
       700      9  0.2548694E-06  0.1000000E+01  0.5336509E-04
       700     10  0.3494746E-06  0.1000000E+01  0.7115988E-04
       700     11 -0.6521589E-06  0.1000000E+01  0.3058125E-04
       700     12 -0.4840590E-06  0.1000000E+01  0.2392490E-04
       700     13 -0.3211681E-06  0.1000000E+01  0.1641436E-04
       700     14 -0.1607270E-06  0.1000000E+01  0.8342836E-05
       700     15  0.1777243E-17  0.1000000E+01 -0.6120654E-16
       700     16  0.1637357E-06  0.1000000E+01 -0.8325801E-05
       700     17  0.3332036E-06  0.1000000E+01 -0.1634526E-04
       700     18  0.5111433E-06  0.1000000E+01 -0.2376579E-04
       700     19  0.7003273E-06  0.1000000E+01 -0.3028934E-04
       700     20  0.1310862E-05  0.1000000E+01  0.2138135E-06
       700     21  0.9809550E-06  0.1000000E+01  0.1873272E-06
       700     22  0.6524421E-06  0.1000000E+01  0.1357845E-06
       700     23  0.3254209E-06  0.1000000E+01  0.7001283E-07
       700     24  0.1777243E-17  0.1000000E+01 -0.6120654E-16
       700     25 -0.3237002E-06  0.1000000E+01 -0.6555586E-07
       700     26 -0.6455475E-06  0.1000000E+01 -0.1196400E-06
       700     27 -0.9653996E-06  0.1000000E+01 -0.1572842E-06
       700     28 -0.1283108E-05  0.1000000E+01 -0.1759161E-06

       800      0  0.0000000E+00  0.0000000E+00  0.0000000E+00
       800      1 -0.4911337E-16  0.1000000E+01  0.3656880E-16
       800      2 -0.2835450E-06  0.1000000E+01  0.3545363E-04
       800      3 -0.2127739E-06  0.1000000E+01  0.2648587E-04
       800      4 -0.1417908E-06  0.1000000E+01  0.1761557E-04
       800      5 -0.7079918E-07  0.1000000E+01  0.8800928E-05
       800      6 -0.4911337E-16  0.1000000E+01  0.3656880E-16
       800      7  0.7040753E-07  0.1000000E+01 -0.8829240E-05
       800      8  0.1402248E-06  0.1000000E+01 -0.1772876E-04
       800      9  0.2092530E-06  0.1000000E+01 -0.2674035E-04
       800     10  0.2772919E-06  0.1000000E+01 -0.3590555E-04
       800     11 -0.2294602E-05  0.1000000E+01 -0.9991520E-04
       800     12 -0.1746042E-05  0.1000000E+01 -0.7524195E-04
       800     13 -0.1179715E-05  0.1000000E+01 -0.5031192E-04
       800     14 -0.5971935E-06  0.1000000E+01 -0.2520760E-04
       800     15 -0.4911337E-16  0.1000000E+01  0.3656880E-16
       800     16  0.6103438E-06  0.1000000E+01  0.2524533E-04
       800     17  0.1232270E-05  0.1000000E+01  0.5046216E-04
       800     18  0.1864118E-05  0.1000000E+01  0.7557751E-04
       800     19  0.2504082E-05  0.1000000E+01  0.1005056E-03
       800     20 -0.1012934E-04  0.1000000E+01 -0.8082480E-05
       800     21 -0.7594299E-05  0.1000000E+01 -0.6120366E-05
       800     22 -0.5061157E-05  0.1000000E+01 -0.4119029E-05
       800     23 -0.2529765E-05  0.1000000E+01 -0.2077159E-05
       800     24 -0.4911337E-16  0.1000000E+01  0.3656880E-16
       800     25  0.2528227E-05  0.1000000E+01  0.2102170E-05
       800     26  0.5054966E-05  0.1000000E+01  0.4215853E-05
       800     27  0.7580233E-05  0.1000000E+01  0.6326326E-05
       800     28  0.1010401E-04  0.1000000E+01  0.8419745E-05

       900      0  0.0000000E+00  0.0000000E+00  0.0000000E+00
       900      1  0.5914712E-16  0.1000000E+01  0.1584352E-16
       900      2  0.7302227E-06  0.1000000E+01  0.3912070E-04
       900      3  0.5482715E-06  0.1000000E+01  0.2948739E-04
       900      4  0.3659625E-06  0.1000000E+01  0.1972123E-04
       900      5  0.1832284E-06  0.1000000E+01  0.9874673E-05
       900      6  0.5914712E-16  0.1000000E+01  0.1584352E-16
       900      7 -0.1837918E-06  0.1000000E+01 -0.9850574E-05
       900      8 -0.3682148E-06  0.1000000E+01 -0.1962481E-04
       900      9 -0.5533338E-06  0.1000000E+01 -0.2927034E-04
       900     10 -0.7392091E-06  0.1000000E+01 -0.3873460E-04
       900     11  0.3918616E-05  0.1000000E+01  0.7443101E-04
       900     12  0.2916771E-05  0.1000000E+01  0.5515525E-04
       900     13  0.1930224E-05  0.1000000E+01  0.3644743E-04
       900     14  0.9582668E-06  0.1000000E+01  0.1812578E-04
       900     15  0.5914712E-16  0.1000000E+01  0.1584352E-16
       900     16 -0.9456017E-06  0.1000000E+01 -0.1812467E-04
       900     17 -0.1879624E-05  0.1000000E+01 -0.3644350E-04
       900     18 -0.2803151E-05  0.1000000E+01 -0.5514838E-04
       900     19 -0.3717194E-05  0.1000000E+01 -0.7442375E-04
       900     20 -0.2243287E-05  0.1000000E+01  0.8941940E-05
       900     21 -0.1686015E-05  0.1000000E+01  0.6717363E-05
       900     22 -0.1126485E-05  0.1000000E+01  0.4498361E-05
       900     23 -0.5645406E-06  0.1000000E+01  0.2263875E-05
       900     24  0.5914712E-16  0.1000000E+01  0.1584352E-16
       900     25  0.5673553E-06  0.1000000E+01 -0.2298978E-05
       900     26  0.1137793E-05  0.1000000E+01 -0.4630567E-05
       900     27  0.1711640E-05  0.1000000E+01 -0.6984979E-05
       900     28  0.2289288E-05  0.1000000E+01 -0.9346861E-05

      1000      0  0.0000000E+00  0.0000000E+00  0.0000000E+00
      1000      1 -0.2425772E-16  0.1000000E+01 -0.5622244E-16
      1000      2 -0.6842770E-06  0.1000000E+01 -0.8782713E-04
      1000      3 -0.5149834E-06  0.1000000E+01 -0.6589397E-04
      1000      4 -0.3447364E-06  0.1000000E+01 -0.4393756E-04
      1000      5 -0.1731914E-06  0.1000000E+01 -0.2196928E-04
      1000      6 -0.2425772E-16  0.1000000E+01 -0.5622244E-16
      1000      7  0.1751889E-06  0.1000000E+01  0.2195960E-04
      1000      8  0.3527280E-06  0.1000000E+01  0.4389873E-04
      1000      9  0.5329705E-06  0.1000000E+01  0.6580611E-04
      1000     10  0.7162691E-06  0.1000000E+01  0.8766970E-04
      1000     11 -0.2506266E-05  0.1000000E+01 -0.5534984E-05
      1000     12 -0.1876058E-05  0.1000000E+01 -0.3412331E-05
      1000     13 -0.1250528E-05  0.1000000E+01 -0.1932753E-05
      1000     14 -0.6263205E-06  0.1000000E+01 -0.8696841E-06
      1000     15 -0.2425772E-16  0.1000000E+01 -0.5622244E-16
      1000     16  0.6319067E-06  0.1000000E+01  0.8982859E-06
      1000     17  0.1272877E-05  0.1000000E+01  0.2048506E-05
      1000     18  0.1926354E-05  0.1000000E+01  0.3677800E-05
      1000     19  0.2595709E-05  0.1000000E+01  0.6019340E-05
      1000     20  0.1334407E-04  0.1000000E+01 -0.3102041E-05
      1000     21  0.1000855E-04  0.1000000E+01 -0.2278656E-05
      1000     22  0.6672488E-05  0.1000000E+01 -0.1498691E-05
      1000     23  0.3336202E-05  0.1000000E+01 -0.7447395E-06
      1000     24 -0.2425772E-16  0.1000000E+01 -0.5622244E-16
      1000     25 -0.3335812E-05  0.1000000E+01  0.7494747E-06
      1000     26 -0.6670942E-05  0.1000000E+01  0.1512972E-05
      1000     27 -0.1000513E-04  0.1000000E+01  0.2293805E-05
      1000     28 -0.1333815E-04  0.1000000E+01  0.3088527E-05

      1100      0  0.0000000E+00  0.0000000E+00  0.0000000E+00
      1100      1 -0.2905580E-16  0.1000000E+01  0.5389954E-16
      1100      2  0.1384421E-06  0.1000000E+01  0.6345074E-04
      1100      3  0.1069135E-06  0.1000000E+01  0.4743584E-04
      1100      4  0.7362608E-07  0.1000000E+01  0.3155750E-04
      1100      5  0.3813578E-07  0.1000000E+01  0.1576321E-04
      1100      6 -0.2905580E-16  0.1000000E+01  0.5389954E-16
      1100      7 -0.4122279E-07  0.1000000E+01 -0.1578527E-04
      1100      8 -0.8597362E-07  0.1000000E+01 -0.3164560E-04
      1100      9 -0.1346935E-06  0.1000000E+01 -0.4763355E-04
      1100     10 -0.1878241E-06  0.1000000E+01 -0.6380095E-04
      1100     11 -0.3983854E-06  0.1000000E+01 -0.2918498E-04
      1100     12 -0.3368516E-06  0.1000000E+01 -0.2205872E-04
      1100     13 -0.2472765E-06  0.1000000E+01 -0.1478787E-04
      1100     14 -0.1336656E-06  0.1000000E+01 -0.7421927E-05
      1100     15 -0.2905580E-16  0.1000000E+01  0.5389954E-16
      1100     16  0.1497350E-06  0.1000000E+01  0.7443783E-05
      1100     17  0.3115186E-06  0.1000000E+01  0.1487496E-04
      1100     18  0.4812637E-06  0.1000000E+01  0.2225340E-04
      1100     19  0.6547895E-06  0.1000000E+01  0.2952797E-04
      1100     20 -0.5280907E-07  0.1000000E+01 -0.3759805E-05
      1100     21 -0.3823810E-07  0.1000000E+01 -0.2870977E-05
      1100     22 -0.2464566E-07  0.1000000E+01 -0.1941769E-05
      1100     23 -0.1192912E-07  0.1000000E+01 -0.9811940E-06
      1100     24 -0.2905580E-16  0.1000000E+01  0.5389954E-16
      1100     25  0.1121430E-07  0.1000000E+01  0.9901477E-06
      1100     26  0.2177005E-07  0.1000000E+01  0.1977418E-05
      1100     27  0.3170887E-07  0.1000000E+01  0.2950557E-05
      1100     28  0.4106214E-07  0.1000000E+01  0.3899671E-05

      1200      0  0.0000000E+00  0.0000000E+00  0.0000000E+00
      1200      1  0.6030099E-16  0.1000000E+01 -0.1063910E-16
      1200      2  0.5149036E-06  0.1000000E+01  0.1669962E-04
      1200      3  0.3883399E-06  0.1000000E+01  0.1275662E-04
      1200      4  0.2601801E-06  0.1000000E+01  0.8606061E-05
      1200      5  0.1306570E-06  0.1000000E+01  0.4327411E-05
      1200      6  0.6030099E-16  0.1000000E+01 -0.1063910E-16
      1200      7 -0.1315621E-06  0.1000000E+01 -0.4296936E-05
      1200      8 -0.2637993E-06  0.1000000E+01 -0.8484189E-05
      1200      9 -0.3964775E-06  0.1000000E+01 -0.1248252E-04
      1200     10 -0.5293570E-06  0.1000000E+01 -0.1621259E-04
      1200     11  0.3338297E-05  0.1000000E+01  0.1231796E-04
      1200     12  0.2495253E-05  0.1000000E+01  0.8946957E-05
      1200     13  0.1656277E-05  0.1000000E+01  0.5834356E-05
      1200     14  0.8237894E-06  0.1000000E+01  0.2884620E-05
      1200     15  0.6030099E-16  0.1000000E+01 -0.1063910E-16
      1200     16 -0.8130003E-06  0.1000000E+01 -0.2918383E-05
      1200     17 -0.1613147E-05  0.1000000E+01 -0.5969647E-05
      1200     18 -0.2398307E-05  0.1000000E+01 -0.9252224E-05
      1200     19 -0.3166193E-05  0.1000000E+01 -0.1286264E-04
      1200     20  0.1094507E-04  0.1000000E+01  0.9861276E-05
      1200     21  0.8207748E-05  0.1000000E+01  0.7420761E-05
      1200     22  0.5471139E-05  0.1000000E+01  0.4957395E-05
      1200     23  0.2735230E-05  0.1000000E+01  0.2480719E-05
      1200     24  0.6030099E-16  0.1000000E+01 -0.1063910E-16
      1200     25 -0.2734583E-05  0.1000000E+01 -0.2475727E-05
      1200     26 -0.5468548E-05  0.1000000E+01 -0.4937567E-05
      1200     27 -0.8201915E-05  0.1000000E+01 -0.7376735E-05
      1200     28 -0.1093469E-04  0.1000000E+01 -0.9784674E-05

      1300      0  0.0000000E+00  0.0000000E+00  0.0000000E+00
      1300      1 -0.4574664E-16  0.1000000E+01 -0.4070190E-16
      1300      2 -0.8680504E-06  0.1000000E+01 -0.8412314E-04
      1300      3 -0.6513704E-06  0.1000000E+01 -0.6319607E-04
      1300      4 -0.4345824E-06  0.1000000E+01 -0.4217533E-04
      1300      5 -0.2175169E-06  0.1000000E+01 -0.2109790E-04
      1300      6 -0.4574664E-16  0.1000000E+01 -0.4070190E-16
      1300      7  0.2181442E-06  0.1000000E+01  0.2108247E-04
      1300      8  0.4370904E-06  0.1000000E+01  0.4211345E-04
      1300      9  0.6570100E-06  0.1000000E+01  0.6305628E-04
      1300     10  0.8780675E-06  0.1000000E+01  0.8387317E-04
      1300     11 -0.3633816E-05  0.1000000E+01  0.8416692E-05
      1300     12 -0.2733539E-05  0.1000000E+01  0.6274793E-05
      1300     13 -0.1828527E-05  0.1000000E+01  0.4155065E-05
      1300     14 -0.9177679E-06  0.1000000E+01  0.2064276E-05
      1300     15 -0.4574664E-16  0.1000000E+01 -0.4070190E-16
      1300     16  0.9261748E-06  0.1000000E+01 -0.2044462E-05
      1300     17  0.1862172E-05  0.1000000E+01 -0.4075082E-05
      1300     18  0.2809306E-05  0.1000000E+01 -0.6092148E-05
      1300     19  0.3768674E-05  0.1000000E+01 -0.8085447E-05
      1300     20  0.1416467E-04  0.1000000E+01 -0.6270152E-05
      1300     21  0.1062056E-04  0.1000000E+01 -0.4707436E-05
      1300     22  0.7078503E-05  0.1000000E+01 -0.3136342E-05
      1300     23  0.3538349E-05  0.1000000E+01 -0.1566292E-05
      1300     24 -0.4574664E-16  0.1000000E+01 -0.4070190E-16
      1300     25 -0.3536610E-05  0.1000000E+01  0.1566326E-05
      1300     26 -0.7071536E-05  0.1000000E+01  0.3142546E-05
      1300     27 -0.1060483E-04  0.1000000E+01  0.4743867E-05
      1300     28 -0.1413656E-04  0.1000000E+01  0.6389686E-05

      1400      0  0.0000000E+00  0.0000000E+00  0.0000000E+00
      1400      1 -0.3552988E-17  0.1000000E+01  0.6112917E-16
      1400      2  0.6003191E-06  0.1000000E+01  0.8062762E-04
      1400      3  0.4534598E-06  0.1000000E+01  0.6032574E-04
      1400      4  0.3047881E-06  0.1000000E+01  0.4014986E-04
      1400      5  0.1538030E-06  0.1000000E+01  0.2005617E-04
      1400      6 -0.3552988E-17  0.1000000E+01  0.6112917E-16
      1400      7 -0.1571271E-06  0.1000000E+01 -0.2006363E-04
      1400      8 -0.3180854E-06  0.1000000E+01 -0.4017953E-04
      1400      9 -0.4833811E-06  0.1000000E+01 -0.6039179E-04
      1400     10 -0.6535185E-06  0.1000000E+01 -0.8074326E-04
      1400     11  0.1705138E-05  0.1000000E+01  0.1359299E-04
      1400     12  0.1234542E-05  0.1000000E+01  0.1087248E-04
      1400     13  0.7963881E-06  0.1000000E+01  0.7571569E-05
      1400     14  0.3863626E-06  0.1000000E+01  0.3881906E-05
      1400     15 -0.3552988E-17  0.1000000E+01  0.6112917E-16
      1400     16 -0.3672462E-06  0.1000000E+01 -0.3875586E-05
      1400     17 -0.7199374E-06  0.1000000E+01 -0.7546818E-05
      1400     18 -0.1062586E-05  0.1000000E+01 -0.1081881E-04
      1400     19 -0.1399586E-05  0.1000000E+01 -0.1350282E-04
      1400     20 -0.4819914E-05  0.1000000E+01 -0.6222269E-07
      1400     21 -0.3617315E-05  0.1000000E+01 -0.5426868E-07
      1400     22 -0.2412864E-05  0.1000000E+01 -0.3993634E-07
      1400     23 -0.1206946E-05  0.1000000E+01 -0.1857714E-07
      1400     24 -0.3552988E-17  0.1000000E+01  0.6112917E-16
      1400     25  0.1207526E-05  0.1000000E+01 -0.7164734E-09
      1400     26  0.2415199E-05  0.1000000E+01 -0.3949046E-07
      1400     27  0.3622621E-05  0.1000000E+01 -0.1323457E-06
      1400     28  0.4829421E-05  0.1000000E+01 -0.2871954E-06

      1500      0  0.0000000E+00  0.0000000E+00  0.0000000E+00
      1500      1  0.5015407E-16  0.1000000E+01 -0.3512789E-16
      1500      2  0.6948246E-07  0.1000000E+01 -0.1104725E-04
      1500      3  0.5250494E-07  0.1000000E+01 -0.8007636E-05
      1500      4  0.3490951E-07  0.1000000E+01 -0.5215166E-05
      1500      5  0.1723066E-07  0.1000000E+01 -0.2576939E-05
      1500      6  0.5015407E-16  0.1000000E+01 -0.3512789E-16
      1500      7 -0.1625218E-07  0.1000000E+01  0.2608596E-05
      1500      8 -0.3099528E-07  0.1000000E+01  0.5341718E-05
      1500      9 -0.4369686E-07  0.1000000E+01  0.8292094E-05
      1500     10 -0.5382116E-07  0.1000000E+01  0.1155223E-04
      1500     11  0.1767798E-05  0.1000000E+01 -0.6089947E-04
      1500     12  0.1328295E-05  0.1000000E+01 -0.4615758E-04
      1500     13  0.8836021E-06  0.1000000E+01 -0.3097838E-04
      1500     14  0.4390694E-06  0.1000000E+01 -0.1553917E-04
      1500     15  0.5015407E-16  0.1000000E+01 -0.3512789E-16
      1500     16 -0.4283039E-06  0.1000000E+01  0.1548841E-04
      1500     17 -0.8404934E-06  0.1000000E+01  0.3077629E-04
      1500     18 -0.1231125E-05  0.1000000E+01  0.4570656E-04
      1500     19 -0.1594621E-05  0.1000000E+01  0.6010705E-04
      1500     20  0.5097707E-05  0.1000000E+01  0.7131651E-05
      1500     21  0.3825572E-05  0.1000000E+01  0.5389017E-05
      1500     22  0.2551947E-05  0.1000000E+01  0.3610693E-05
      1500     23  0.1276782E-05  0.1000000E+01  0.1809180E-05
      1500     24  0.5015407E-16  0.1000000E+01 -0.3512789E-16
      1500     25 -0.1278545E-05  0.1000000E+01 -0.1804838E-05
      1500     26 -0.2559075E-05  0.1000000E+01 -0.3602299E-05
      1500     27 -0.3841878E-05  0.1000000E+01 -0.5402224E-05
      1500     28 -0.5127302E-05  0.1000000E+01 -0.7229024E-05

      1600      0  0.0000000E+00  0.0000000E+00  0.0000000E+00
      1600      1 -0.5866235E-16  0.1000000E+01 -0.1755357E-16
      1600      2 -0.7147315E-06  0.1000000E+01 -0.6219421E-04
      1600      3 -0.5381622E-06  0.1000000E+01 -0.4683520E-04
      1600      4 -0.3600558E-06  0.1000000E+01 -0.3130789E-04
      1600      5 -0.1806056E-06  0.1000000E+01 -0.1567544E-04
      1600      6 -0.5866235E-16  0.1000000E+01 -0.1755357E-16
      1600      7  0.1815740E-06  0.1000000E+01  0.1565672E-04
      1600      8  0.3639261E-06  0.1000000E+01  0.3123288E-04
      1600      9  0.5468591E-06  0.1000000E+01  0.4666600E-04
      1600     10  0.7301648E-06  0.1000000E+01  0.6189237E-04
      1600     11 -0.3626191E-05  0.1000000E+01  0.6585128E-04
      1600     12 -0.2748406E-05  0.1000000E+01  0.4862123E-04
      1600     13 -0.1849207E-05  0.1000000E+01  0.3203441E-04
      1600     14 -0.9320505E-06  0.1000000E+01  0.1590103E-04
      1600     15 -0.5866235E-16  0.1000000E+01 -0.1755357E-16
      1600     16  0.9441157E-06  0.1000000E+01 -0.1590521E-04
      1600     17  0.1897533E-05  0.1000000E+01 -0.3205083E-04
      1600     18  0.2857385E-05  0.1000000E+01 -0.4865702E-04
      1600     19  0.3820542E-05  0.1000000E+01 -0.6591190E-04
      1600     20 -0.2183318E-05  0.1000000E+01 -0.9004611E-05
      1600     21 -0.1643868E-05  0.1000000E+01 -0.6819541E-05
      1600     22 -0.1099767E-05  0.1000000E+01 -0.4579010E-05
      1600     23 -0.5516418E-06  0.1000000E+01 -0.2302038E-05
      1600     24 -0.5866235E-16  0.1000000E+01 -0.1755357E-16
      1600     25  0.5547505E-06  0.1000000E+01  0.2325852E-05
      1600     26  0.1112279E-05  0.1000000E+01  0.4684931E-05
      1600     27  0.1672304E-05  0.1000000E+01  0.7095935E-05
      1600     28  0.2234569E-05  0.1000000E+01  0.9583345E-05

      1700      0  0.0000000E+00  0.0000000E+00  0.0000000E+00
      1700      1  0.2261567E-16  0.1000000E+01  0.5690282E-16
      1700      2  0.8865650E-06  0.1000000E+01  0.7791812E-04
      1700      3  0.6661568E-06  0.1000000E+01  0.5834502E-04
      1700      4  0.4451256E-06  0.1000000E+01  0.3884986E-04
      1700      5  0.2231756E-06  0.1000000E+01  0.1940963E-04
      1700      6  0.2261567E-16  0.1000000E+01  0.5690282E-16
      1700      7 -0.2247144E-06  0.1000000E+01 -0.1940397E-04
      1700      8 -0.4512832E-06  0.1000000E+01 -0.3882701E-04
      1700      9 -0.6800204E-06  0.1000000E+01 -0.5829295E-04
      1700     10 -0.9112341E-06  0.1000000E+01 -0.7782390E-04
      1700     11  0.3292478E-05  0.1000000E+01  0.6839767E-05
      1700     12  0.2434423E-05  0.1000000E+01  0.7296428E-05
      1700     13  0.1600707E-05  0.1000000E+01  0.5903910E-05
      1700     14  0.7898656E-06  0.1000000E+01  0.3267310E-05
      1700     15  0.2261567E-16  0.1000000E+01  0.5690282E-16
      1700     16 -0.7710069E-06  0.1000000E+01 -0.3281916E-05
      1700     17 -0.1525270E-05  0.1000000E+01 -0.5964027E-05
      1700     18 -0.2264682E-05  0.1000000E+01 -0.7438125E-05
      1700     19 -0.2990687E-05  0.1000000E+01 -0.7108009E-05
      1700     20 -0.1684221E-04  0.1000000E+01  0.3131891E-05
      1700     21 -0.1263312E-04  0.1000000E+01  0.2348544E-05
      1700     22 -0.8422887E-05  0.1000000E+01  0.1565253E-05
      1700     23 -0.4211752E-05  0.1000000E+01  0.7842946E-06
      1700     24  0.2261567E-16  0.1000000E+01  0.5690282E-16
      1700     25  0.4212045E-05  0.1000000E+01 -0.7993811E-06
      1700     26  0.8424046E-05  0.1000000E+01 -0.1629518E-05
      1700     27  0.1263567E-04  0.1000000E+01 -0.2507408E-05
      1700     28  0.1684660E-04  0.1000000E+01 -0.3448107E-05

      1800      0  0.0000000E+00  0.0000000E+00  0.0000000E+00
      1800      1  0.3060797E-16  0.1000000E+01 -0.5303350E-16
      1800      2 -0.4396485E-06  0.1000000E+01 -0.2954922E-04
      1800      3 -0.3325805E-06  0.1000000E+01 -0.2188887E-04
      1800      4 -0.2240596E-06  0.1000000E+01 -0.1447008E-04
      1800      5 -0.1134208E-06  0.1000000E+01 -0.7203650E-05
      1800      6  0.3060797E-16  0.1000000E+01 -0.5303350E-16
      1800      7  0.1168651E-06  0.1000000E+01  0.7230585E-05
      1800      8  0.2378336E-06  0.1000000E+01  0.1457770E-04
      1800      9  0.3635599E-06  0.1000000E+01  0.2213055E-04
      1800     10  0.4946925E-06  0.1000000E+01  0.2997770E-04
      1800     11 -0.3065233E-06  0.1000000E+01 -0.1089285E-03
      1800     12 -0.2182465E-06  0.1000000E+01 -0.8335712E-04
      1800     13 -0.1418406E-06  0.1000000E+01 -0.5632728E-04
      1800     14 -0.7122626E-07  0.1000000E+01 -0.2837751E-04
      1800     15  0.3060797E-16  0.1000000E+01 -0.5303350E-16
      1800     16  0.7845204E-07  0.1000000E+01  0.2833779E-04
      1800     17  0.1708436E-06  0.1000000E+01  0.5617004E-04
      1800     18  0.2838691E-06  0.1000000E+01  0.8300949E-04
      1800     19  0.4240615E-06  0.1000000E+01  0.1083257E-03
      1800     20 -0.1236348E-05  0.1000000E+01  0.3031378E-05
      1800     21 -0.9291480E-06  0.1000000E+01  0.2321469E-05
      1800     22 -0.6208220E-06  0.1000000E+01  0.1571214E-05
      1800     23 -0.3111663E-06  0.1000000E+01  0.7923300E-06
      1800     24  0.3060797E-16  0.1000000E+01 -0.5303350E-16
      1800     25  0.3128400E-06  0.1000000E+01 -0.7891562E-06
      1800     26  0.6275055E-06  0.1000000E+01 -0.1558784E-05
      1800     27  0.9441413E-06  0.1000000E+01 -0.2294571E-05
      1800     28  0.1262883E-05  0.1000000E+01 -0.2986460E-05

      1900      0  0.0000000E+00  0.0000000E+00  0.0000000E+00
      1900      1 -0.6058438E-16  0.1000000E+01  0.8884411E-17
      1900      2 -0.2698266E-06  0.1000000E+01 -0.3321734E-04
      1900      3 -0.2064537E-06  0.1000000E+01 -0.2514927E-04
      1900      4 -0.1399560E-06  0.1000000E+01 -0.1687364E-04
      1900      5 -0.7093808E-07  0.1000000E+01 -0.8465803E-05
      1900      6 -0.6058438E-16  0.1000000E+01  0.8884411E-17
      1900      7  0.7225939E-07  0.1000000E+01  0.8450059E-05
      1900      8  0.1452390E-06  0.1000000E+01  0.1681066E-04
      1900      9  0.2183325E-06  0.1000000E+01  0.2500755E-04
      1900     10  0.2909248E-06  0.1000000E+01  0.3296535E-04
      1900     11 -0.2551170E-05  0.1000000E+01  0.1385417E-03
      1900     12 -0.1955068E-05  0.1000000E+01  0.1030180E-03
      1900     13 -0.1325831E-05  0.1000000E+01  0.6822084E-04
      1900     14 -0.6715513E-06  0.1000000E+01  0.3396861E-04
      1900     15 -0.6058438E-16  0.1000000E+01  0.8884411E-17
      1900     16  0.6812778E-06  0.1000000E+01 -0.3398569E-04
      1900     17  0.1364855E-05  0.1000000E+01 -0.6828834E-04
      1900     18  0.2043318E-05  0.1000000E+01 -0.1031667E-03
      1900     19  0.2709188E-05  0.1000000E+01 -0.1387977E-03
      1900     20 -0.9280915E-05  0.1000000E+01 -0.9805721E-05
      1900     21 -0.6958920E-05  0.1000000E+01 -0.7286285E-05
      1900     22 -0.4638210E-05  0.1000000E+01 -0.4814171E-05
      1900     23 -0.2318625E-05  0.1000000E+01 -0.2386116E-05
      1900     24 -0.6058438E-16  0.1000000E+01  0.8884411E-17
      1900     25  0.2317816E-05  0.1000000E+01  0.2343345E-05
      1900     26  0.4634937E-05  0.1000000E+01  0.4639991E-05
      1900     27  0.6951434E-05  0.1000000E+01  0.6884386E-05
      1900     28  0.9267341E-05  0.1000000E+01  0.9072403E-05

      2000      0  0.0000000E+00  0.0000000E+00  0.0000000E+00
      2000      1  0.4454601E-16  0.1000000E+01  0.4201252E-16
      2000      2  0.8403030E-06  0.1000000E+01  0.5614265E-04
      2000      3  0.6306613E-06  0.1000000E+01  0.4207962E-04
      2000      4  0.4206147E-06  0.1000000E+01  0.2803631E-04
      2000      5  0.2103406E-06  0.1000000E+01  0.1401091E-04
      2000      6  0.4454601E-16  0.1000000E+01  0.4201252E-16
      2000      7 -0.2102565E-06  0.1000000E+01 -0.1400059E-04
      2000      8 -0.4202824E-06  0.1000000E+01 -0.2799489E-04
      2000      9 -0.6299286E-06  0.1000000E+01 -0.4198597E-04
      2000     10 -0.8390378E-06  0.1000000E+01 -0.5597501E-04
      2000     11  0.3805467E-05  0.1000000E+01 -0.4591799E-04
      2000     12  0.2852556E-05  0.1000000E+01 -0.3069936E-04
      2000     13  0.1897936E-05  0.1000000E+01 -0.1865770E-04
      2000     14  0.9458675E-06  0.1000000E+01 -0.8776270E-05
      2000     15  0.4454601E-16  0.1000000E+01  0.4201252E-16
      2000     16 -0.9363098E-06  0.1000000E+01  0.8742649E-05
      2000     17 -0.1859666E-05  0.1000000E+01  0.1852081E-04
      2000     18 -0.2766301E-05  0.1000000E+01  0.3038234E-04
      2000     19 -0.3651744E-05  0.1000000E+01  0.4533199E-04
      2000     20 -0.1075082E-04  0.1000000E+01  0.7441255E-05
      2000     21 -0.8065053E-05  0.1000000E+01  0.5481916E-05
      2000     22 -0.5378216E-05  0.1000000E+01  0.3582065E-05
      2000     23 -0.2689984E-05  0.1000000E+01  0.1753738E-05
      2000     24  0.4454601E-16  0.1000000E+01  0.4201252E-16
      2000     25  0.2692151E-05  0.1000000E+01 -0.1679122E-05
      2000     26  0.5386969E-05  0.1000000E+01 -0.3282294E-05
      2000     27  0.8085061E-05  0.1000000E+01 -0.4805147E-05
      2000     28  0.1078715E-04  0.1000000E+01 -0.6241821E-05
