# number of rays:      29
# iteration   ray    X              A              Y              B              T              D
         0      0  0.0000000E+00  0.0000000E+00  0.0000000E+00  0.0000000E+00  0.0000000E+00  0.0000000E+00
         0      1  0.0000000E+00  0.0000000E+00  0.0000000E+00  0.0000000E+00  0.0000000E+00  0.0000000E+00
         0      2 -0.1000000E-02  0.0000000E+00  0.0000000E+00  0.0000000E+00  0.0000000E+00  0.0000000E+00
         0      3 -0.7500000E-03  0.0000000E+00  0.0000000E+00  0.0000000E+00  0.0000000E+00  0.0000000E+00
         0      4 -0.5000000E-03  0.0000000E+00  0.0000000E+00  0.0000000E+00  0.0000000E+00  0.0000000E+00
         0      5 -0.2500000E-03  0.0000000E+00  0.0000000E+00  0.0000000E+00  0.0000000E+00  0.0000000E+00
         0      6  0.0000000E+00  0.0000000E+00  0.0000000E+00  0.0000000E+00  0.0000000E+00  0.0000000E+00
         0      7  0.2500000E-03  0.0000000E+00  0.0000000E+00  0.0000000E+00  0.0000000E+00  0.0000000E+00
         0      8  0.5000000E-03  0.0000000E+00  0.0000000E+00  0.0000000E+00  0.0000000E+00  0.0000000E+00
         0      9  0.7500000E-03  0.0000000E+00  0.0000000E+00  0.0000000E+00  0.0000000E+00  0.0000000E+00
         0     10  0.1000000E-02  0.0000000E+00  0.0000000E+00  0.0000000E+00  0.0000000E+00  0.0000000E+00
         0     11  0.0000000E+00  0.0000000E+00 -0.1000000E-02  0.0000000E+00  0.0000000E+00  0.0000000E+00
         0     12  0.0000000E+00  0.0000000E+00 -0.7500000E-03  0.0000000E+00  0.0000000E+00  0.0000000E+00
         0     13  0.0000000E+00  0.0000000E+00 -0.5000000E-03  0.0000000E+00  0.0000000E+00  0.0000000E+00
         0     14  0.0000000E+00  0.0000000E+00 -0.2500000E-03  0.0000000E+00  0.0000000E+00  0.0000000E+00
         0     15  0.0000000E+00  0.0000000E+00  0.0000000E+00  0.0000000E+00  0.0000000E+00  0.0000000E+00
         0     16  0.0000000E+00  0.0000000E+00  0.2500000E-03  0.0000000E+00  0.0000000E+00  0.0000000E+00
         0     17  0.0000000E+00  0.0000000E+00  0.5000000E-03  0.0000000E+00  0.0000000E+00  0.0000000E+00
         0     18  0.0000000E+00  0.0000000E+00  0.7500000E-03  0.0000000E+00  0.0000000E+00  0.0000000E+00
         0     19  0.0000000E+00  0.0000000E+00  0.1000000E-02  0.0000000E+00  0.0000000E+00  0.0000000E+00
         0     20  0.0000000E+00  0.0000000E+00  0.0000000E+00  0.0000000E+00  0.0000000E+00 -0.1000000E-03
         0     21  0.0000000E+00  0.0000000E+00  0.0000000E+00  0.0000000E+00  0.0000000E+00 -0.7500000E-04
         0     22  0.0000000E+00  0.0000000E+00  0.0000000E+00  0.0000000E+00  0.0000000E+00 -0.5000000E-04
         0     23  0.0000000E+00  0.0000000E+00  0.0000000E+00  0.0000000E+00  0.0000000E+00 -0.2500000E-04
         0     24  0.0000000E+00  0.0000000E+00  0.0000000E+00  0.0000000E+00  0.0000000E+00  0.0000000E+00
         0     25  0.0000000E+00  0.0000000E+00  0.0000000E+00  0.0000000E+00  0.0000000E+00  0.2500000E-04
         0     26  0.0000000E+00  0.0000000E+00  0.0000000E+00  0.0000000E+00  0.0000000E+00  0.5000000E-04
         0     27  0.0000000E+00  0.0000000E+00  0.0000000E+00  0.0000000E+00  0.0000000E+00  0.7500000E-04
         0     28  0.0000000E+00  0.0000000E+00  0.0000000E+00  0.0000000E+00  0.0000000E+00  0.1000000E-03

        10      0  0.0000000E+00  0.0000000E+00  0.0000000E+00  0.0000000E+00  0.0000000E+00  0.0000000E+00
        10      1  0.0000000E+00  0.0000000E+00  0.0000000E+00  0.0000000E+00  0.0000000E+00  0.0000000E+00
        10      2  0.3828185E-03 -0.2547955E-04  0.2462784E-03  0.7287902E-04 -0.4779418E-05 -0.1103462E-10
        10      3  0.2870968E-03 -0.1910533E-04  0.1846854E-03  0.5466219E-04 -0.3559566E-05 -0.8460368E-11
        10      4  0.1913864E-03 -0.1273400E-04  0.1231081E-03  0.3644340E-04 -0.2356375E-05 -0.5763143E-11
        10      5  0.9568741E-04 -0.6365564E-05  0.6154629E-04  0.1822267E-04 -0.1169851E-05 -0.2943001E-11
        10      6  0.0000000E+00  0.0000000E+00  0.0000000E+00  0.0000000E+00  0.0000000E+00  0.0000000E+00
        10      7 -0.9567569E-04  0.6362703E-05 -0.6153081E-04 -0.1822459E-04  0.1153170E-05  0.3065800E-11
        10      8 -0.1913395E-03  0.1272256E-04 -0.1230462E-03 -0.3645109E-04  0.2289654E-05  0.6254341E-11
        10      9 -0.2869913E-03  0.1907958E-04 -0.1845462E-03 -0.5467948E-04  0.3409444E-05  0.9565565E-11
        10     10 -0.3826310E-03  0.2543378E-04 -0.2460309E-03 -0.7290976E-04  0.4512535E-05  0.1299941E-10
        10     11  0.1181302E-02  0.7283383E-04  0.4791893E-03 -0.9355838E-04 -0.7349087E-05  0.1246334E-09
        10     12  0.8858289E-03  0.5463630E-04  0.3593309E-03 -0.7017879E-04 -0.5751572E-05  0.9570318E-10
        10     13  0.5904546E-03  0.3643147E-04  0.2395135E-03 -0.4679248E-04 -0.3994192E-05  0.6528736E-10
        10     14  0.2951784E-03  0.1821937E-04  0.1197367E-03 -0.2339953E-04 -0.2076988E-05  0.3338623E-10
        10     15  0.0000000E+00  0.0000000E+00  0.0000000E+00  0.0000000E+00  0.0000000E+00  0.0000000E+00
        10     16 -0.2950807E-03 -0.1822662E-04 -0.1196969E-03  0.2340606E-04  0.2236733E-05 -0.3487109E-10
        10     17 -0.5900640E-03 -0.3646048E-04 -0.2393544E-03  0.4681858E-04  0.4633173E-05 -0.7122682E-10
        10     18 -0.8849501E-03 -0.5470158E-04 -0.3589730E-03  0.7023750E-04  0.7189282E-05 -0.1090670E-09
        10     19 -0.1179739E-02 -0.7294988E-04 -0.4785529E-03  0.9366276E-04  0.9905025E-05 -0.1483913E-09
        10     20  0.9668840E-05  0.1540154E-06  0.4879454E-05 -0.1711947E-05 -0.1783303E-01 -0.9987586E-04
        10     21  0.7214136E-05  0.1185600E-06  0.3639153E-05 -0.1284630E-05 -0.1337470E-01 -0.7490689E-04
        10     22  0.4784401E-05  0.8107227E-07  0.2412473E-05 -0.8568662E-06 -0.8916422E-02 -0.4993793E-04
        10     23  0.2379676E-05  0.4155224E-07  0.1199421E-05 -0.4286560E-06 -0.4458188E-02 -0.2496896E-04
        10     24  0.0000000E+00  0.0000000E+00  0.0000000E+00  0.0000000E+00  0.0000000E+00  0.0000000E+00
        10     25 -0.2354586E-05 -0.4358438E-07 -0.1185783E-05  0.4291014E-06  0.4458142E-02  0.2496896E-04
        10     26 -0.4684044E-05 -0.8920080E-07 -0.2357925E-05  0.8586477E-06  0.8916239E-02  0.4993793E-04
        10     27 -0.6988333E-05 -0.1368492E-06 -0.3516419E-05  0.1288639E-05  0.1337429E-01  0.7490689E-04
        10     28 -0.9267413E-05 -0.1865294E-06 -0.4661261E-05  0.1719074E-05  0.1783229E-01  0.9987586E-04

        20      0  0.0000000E+00  0.0000000E+00  0.0000000E+00  0.0000000E+00  0.0000000E+00  0.0000000E+00
        20      1  0.0000000E+00  0.0000000E+00  0.0000000E+00  0.0000000E+00  0.0000000E+00  0.0000000E+00
        20      2  0.1257534E-03 -0.1612040E-04 -0.4248230E-03 -0.1027746E-04  0.5260772E-05 -0.1329070E-10
        20      3  0.9430578E-04 -0.1208861E-04 -0.3186121E-03 -0.7717809E-05  0.3873676E-05 -0.1003825E-10
        20      4  0.6286441E-04 -0.8057946E-05 -0.2124047E-03 -0.5151664E-05  0.2534517E-05 -0.6738942E-11
        20      5  0.3142918E-04 -0.4028407E-05 -0.1062007E-03 -0.2579052E-05  0.1243292E-05 -0.3392840E-11
        20      6  0.0000000E+00  0.0000000E+00  0.0000000E+00  0.0000000E+00  0.0000000E+00  0.0000000E+00
        20      7 -0.3142321E-04  0.4027267E-05  0.1061973E-03  0.2585467E-05 -0.1195360E-05  0.3439522E-11
        20      8 -0.6284056E-04  0.8053389E-05  0.2123914E-03  0.5177325E-05 -0.2342788E-05  0.6925670E-11
        20      9 -0.9425212E-04  0.1207836E-04  0.3185821E-03  0.7775547E-05 -0.3442287E-05  0.1045839E-10
        20     10 -0.1256580E-03  0.1610217E-04  0.4247696E-03  0.1038011E-04 -0.4493857E-05  0.1403762E-10
        20     11 -0.2036976E-02 -0.1045451E-04 -0.4031360E-04 -0.8131171E-04 -0.8241094E-05  0.2592642E-09
        20     12 -0.1527785E-02 -0.7816828E-05 -0.3022119E-04 -0.6098185E-04 -0.5856025E-05  0.1980671E-09
        20     13 -0.1018560E-02 -0.5195052E-05 -0.2013905E-04 -0.4065332E-04 -0.3687439E-05  0.1344565E-09
        20     14 -0.5092979E-03 -0.2589378E-05 -0.1006578E-04 -0.2032605E-04 -0.1735406E-05  0.6843369E-10
        20     15  0.0000000E+00  0.0000000E+00  0.0000000E+00  0.0000000E+00  0.0000000E+00  0.0000000E+00
        20     16  0.5093347E-03  0.2572889E-05  0.1005967E-04  0.2032488E-04  0.1518704E-05 -0.7084335E-10
        20     17  0.1018707E-02  0.5129095E-05  0.2011462E-04  0.4064866E-04  0.2820629E-05 -0.1440951E-09
        20     18  0.1528116E-02  0.7668426E-05  0.3016624E-04  0.6097137E-04  0.3905697E-05 -0.2197542E-09
        20     19  0.2037565E-02  0.1019069E-04  0.4021592E-04  0.8129307E-04  0.4773830E-05 -0.2978193E-09
        20     20 -0.9736490E-05  0.4037710E-06  0.2845015E-05 -0.1306210E-05 -0.3561689E-01 -0.9947618E-04
        20     21 -0.7327595E-05  0.3051451E-06  0.2151638E-05 -0.9828067E-06 -0.2671254E-01 -0.7460714E-04
        20     22 -0.4901844E-05  0.2049737E-06  0.1446347E-05 -0.6573047E-06 -0.1780827E-01 -0.4973809E-04
        20     23 -0.2459293E-05  0.1032582E-06  0.7291351E-06 -0.3297028E-06 -0.8904088E-02 -0.2486905E-04
        20     24  0.0000000E+00  0.0000000E+00  0.0000000E+00  0.0000000E+00  0.0000000E+00  0.0000000E+00
        20     25  0.2475980E-05 -0.1047995E-06 -0.7410631E-06  0.3318048E-06  0.8903997E-02  0.2486905E-04
        20     26  0.4968589E-05 -0.2111389E-06 -0.1494058E-05  0.6657127E-06  0.1780790E-01  0.4973810E-04
        20     27  0.7477771E-05 -0.3190169E-06 -0.2258990E-05  0.1001725E-05  0.2671172E-01  0.7460715E-04
        20     28  0.1000347E-04 -0.4284321E-06 -0.3035861E-05  0.1339841E-05  0.3561545E-01  0.9947620E-04

        30      0  0.0000000E+00  0.0000000E+00  0.0000000E+00  0.0000000E+00  0.0000000E+00  0.0000000E+00
        30      1  0.0000000E+00  0.0000000E+00  0.0000000E+00  0.0000000E+00  0.0000000E+00  0.0000000E+00
        30      2  0.5202588E-03  0.4293282E-04  0.1013165E-03 -0.2505937E-04  0.1495234E-05 -0.3022579E-10
        30      3  0.3900536E-03  0.3220329E-04  0.7599086E-04 -0.1879244E-04  0.1056408E-05 -0.2162653E-10
        30      4  0.2599423E-03  0.2147130E-04  0.5066296E-04 -0.1252692E-04  0.6609243E-06 -0.1372246E-10
        30      5  0.1299245E-03  0.1073687E-04  0.2533269E-04 -0.6262783E-05  0.3087869E-06 -0.6513615E-11
        30      6  0.0000000E+00  0.0000000E+00  0.0000000E+00  0.0000000E+00  0.0000000E+00  0.0000000E+00
        30      7 -0.1298314E-03 -0.1073929E-04 -0.2533516E-04  0.6261450E-05 -0.2654321E-06  0.5818361E-11
        30      8 -0.2595699E-03 -0.2148101E-04 -0.5067284E-04  0.1252159E-04 -0.4875049E-06  0.1094145E-10
        30      9 -0.3892159E-03 -0.3222512E-04 -0.7601309E-04  0.1878044E-04 -0.6662138E-06  0.1536923E-10
        30     10 -0.5187694E-03 -0.4297163E-04 -0.1013560E-03  0.2503803E-04 -0.8015541E-06  0.1910170E-10
        30     11  0.4877978E-03 -0.2509188E-04  0.5590657E-03  0.1962144E-03 -0.2315021E-04  0.4098792E-09
        30     12  0.3655119E-03 -0.1881087E-04  0.4193081E-03  0.1471601E-03 -0.1718748E-04  0.3068078E-09
        30     13  0.2434498E-03 -0.1253526E-04  0.2795461E-03  0.9810611E-04 -0.1134153E-04  0.2041358E-09
        30     14  0.1216123E-03 -0.6264993E-05  0.1397775E-03  0.4905263E-04 -0.5612370E-05  0.1018658E-09
        30     15  0.0000000E+00  0.0000000E+00  0.0000000E+00  0.0000000E+00  0.0000000E+00  0.0000000E+00
        30     16 -0.1213865E-03  0.6259786E-05 -0.1397885E-03 -0.4905145E-04  0.5495578E-05 -0.1014591E-09
        30     17 -0.2425464E-03  0.1251443E-04 -0.2795904E-03 -0.9810140E-04  0.1087436E-04 -0.2025092E-09
        30     18 -0.3634791E-03  0.1876401E-04 -0.4194077E-03 -0.1471495E-03  0.1613635E-04 -0.3031479E-09
        30     19 -0.4841840E-03  0.2500857E-04 -0.5592427E-03 -0.1961955E-03  0.2128154E-04 -0.4033727E-09
        30     20  0.2631720E-06 -0.1399341E-06  0.9389550E-05 -0.5613193E-06 -0.5330259E-01 -0.9880209E-04
        30     21  0.1200518E-06 -0.1040544E-06  0.7037983E-05 -0.4194612E-06 -0.3997674E-01 -0.7410157E-04
        30     22  0.2847174E-07 -0.6877189E-07  0.4689202E-05 -0.2786220E-06 -0.2665102E-01 -0.4940105E-04
        30     23 -0.1155125E-07 -0.3408695E-07  0.2343208E-05 -0.1388015E-06 -0.1332544E-01 -0.2470053E-04
        30     24  0.0000000E+00  0.0000000E+00  0.0000000E+00  0.0000000E+00  0.0000000E+00  0.0000000E+00
        30     25  0.6314265E-07  0.3348855E-07 -0.2340421E-05  0.1377826E-06  0.1332531E-01  0.2470053E-04
        30     26  0.1778939E-06  0.6637830E-07 -0.4678055E-05  0.2745463E-06  0.2665048E-01  0.4940106E-04
        30     27  0.3442710E-06  0.9866882E-07 -0.7012902E-05  0.4102911E-06  0.3997553E-01  0.7410160E-04
        30     28  0.5622913E-06  0.1303597E-06 -0.9344962E-05  0.5450171E-06  0.5330043E-01  0.9880213E-04

        40      0  0.0000000E+00  0.0000000E+00  0.0000000E+00  0.0000000E+00  0.0000000E+00  0.0000000E+00
        40      1  0.0000000E+00  0.0000000E+00  0.0000000E+00  0.0000000E+00  0.0000000E+00  0.0000000E+00
        40      2 -0.7649957E-03 -0.4737865E-05  0.7228463E-04 -0.6660578E-04  0.1961024E-05 -0.3931920E-10
        40      3 -0.5737295E-03 -0.3554344E-05  0.5423136E-04 -0.4994981E-04  0.1520576E-05 -0.2815926E-10
        40      4 -0.3824751E-03 -0.2370172E-05  0.3616602E-04 -0.3329686E-04  0.1046921E-05 -0.1788612E-10
        40      5 -0.1912320E-03 -0.1185381E-05  0.1808883E-04 -0.1664692E-04  0.5400613E-06 -0.8499724E-11
        40      6  0.0000000E+00  0.0000000E+00  0.0000000E+00  0.0000000E+00  0.0000000E+00  0.0000000E+00
        40      7  0.1912214E-03  0.1185940E-05 -0.1810027E-04  0.1664389E-04 -0.5732597E-06  0.7613113E-11
        40      8  0.3824324E-03  0.2372407E-05 -0.3621178E-04  0.3328475E-04 -0.1179715E-05  0.1433967E-10
        40      9  0.5736334E-03  0.3559372E-05 -0.5433431E-04  0.4992256E-04 -0.1819363E-05  0.2017973E-10
        40     10  0.7648249E-03  0.4746803E-05 -0.7246765E-04  0.6655733E-04 -0.2492201E-05  0.2513333E-10
        40     11  0.3481439E-03 -0.6658613E-04 -0.7363807E-03 -0.4885815E-04  0.1432453E-05  0.5617153E-09
        40     12  0.2609195E-03 -0.4993882E-04 -0.5523332E-03 -0.3662468E-04  0.7574634E-06  0.4214372E-09
        40     13  0.1738187E-03 -0.3329206E-04 -0.3682544E-03 -0.2440361E-04  0.2937294E-06  0.2810571E-09
        40     14  0.8684454E-04 -0.1664580E-04 -0.1841436E-03 -0.1219526E-04  0.4124389E-07  0.1405772E-09
        40     15  0.0000000E+00  0.0000000E+00  0.0000000E+00  0.0000000E+00  0.0000000E+00  0.0000000E+00
        40     16 -0.8671192E-04  0.1664539E-04  0.1841773E-03  0.1218185E-04  0.1699913E-06 -0.1406722E-09
        40     17 -0.1732882E-03  0.3329042E-04  0.3683889E-03  0.2434994E-04  0.5512118E-06 -0.2814370E-09
        40     18 -0.2597259E-03  0.4993513E-04  0.5526358E-03  0.3650393E-04  0.1143656E-05 -0.4222919E-09
        40     19 -0.3460219E-03  0.6657956E-04  0.7369188E-03  0.4864349E-04  0.1947319E-05 -0.5632345E-09
        40     20 -0.3478830E-05 -0.3339170E-06  0.1193959E-06 -0.3902292E-06 -0.7084106E-01 -0.9785543E-04
        40     21 -0.2610862E-05 -0.2499357E-06  0.9626309E-07 -0.2893989E-06 -0.5313053E-01 -0.7339158E-04
        40     22 -0.1741726E-05 -0.1662881E-06  0.6865604E-07 -0.1907505E-06 -0.3542018E-01 -0.4892772E-04
        40     23 -0.8714338E-06 -0.8297570E-07  0.3656995E-07 -0.9428412E-07 -0.1771000E-01 -0.2446386E-04
        40     24  0.0000000E+00  0.0000000E+00  0.0000000E+00  0.0000000E+00  0.0000000E+00  0.0000000E+00
        40     25  0.8725628E-06  0.8263757E-07 -0.4105868E-07  0.9210173E-07  0.1770982E-01  0.2446387E-04
        40     26  0.1746242E-05  0.1649356E-06 -0.8661099E-07  0.1820209E-06  0.3541947E-01  0.4892774E-04
        40     27  0.2621025E-05  0.2468925E-06 -0.1366619E-06  0.2697572E-06  0.5312893E-01  0.7339162E-04
        40     28  0.3496899E-05  0.3285070E-06 -0.1912163E-06  0.3553106E-06  0.7083822E-01  0.9785551E-04

        50      0  0.0000000E+00  0.0000000E+00  0.0000000E+00  0.0000000E+00  0.0000000E+00  0.0000000E+00
        50      1  0.0000000E+00  0.0000000E+00  0.0000000E+00  0.0000000E+00  0.0000000E+00  0.0000000E+00
        50      2 -0.9938171E-04 -0.6647687E-05  0.2042903E-03  0.1003244E-03 -0.5443250E-05 -0.5295130E-10
        50      3 -0.7457989E-04 -0.4983604E-05  0.1531857E-03  0.7524522E-04 -0.4115222E-05 -0.3861083E-10
        50      4 -0.4974884E-04 -0.3320972E-05  0.1021027E-03  0.5016473E-04 -0.2765336E-05 -0.2500547E-10
        50      5 -0.2488880E-04 -0.1659775E-05  0.5104090E-04  0.2508298E-04 -0.1393595E-05 -0.1213519E-10
        50      6  0.0000000E+00  0.0000000E+00  0.0000000E+00  0.0000000E+00  0.0000000E+00  0.0000000E+00
        50      7  0.2491732E-04  0.1658369E-05 -0.5102031E-04 -0.2508418E-04  0.1415447E-05  0.1140012E-10
        50      8  0.4986293E-04  0.3315348E-05 -0.1020203E-03 -0.5016953E-04  0.2852744E-05  0.2206517E-10
        50      9  0.7483659E-04  0.4970950E-05 -0.1530004E-03 -0.7525602E-04  0.4311890E-05  0.3199515E-10
        50     10  0.9983806E-04  0.6625191E-05 -0.2039609E-03 -0.1003436E-03  0.5792880E-05  0.4119007E-10
        50     11  0.9806257E-03  0.1003001E-03 -0.1957725E-04  0.7412422E-05 -0.8023829E-05  0.6823815E-09
        50     12  0.7351421E-03  0.7523135E-04 -0.1474008E-04  0.5550552E-05 -0.6011202E-05  0.5140139E-09
        50     13  0.4898817E-03  0.5015831E-04 -0.9864124E-05  0.3694646E-05 -0.4002939E-05  0.3441590E-09
        50     14  0.2448369E-03  0.2508114E-04 -0.4950417E-05  0.1844522E-05 -0.1999163E-05  0.1728199E-09
        50     15  0.0000000E+00  0.0000000E+00  0.0000000E+00  0.0000000E+00  0.0000000E+00  0.0000000E+00
        50     16 -0.2446366E-03 -0.2508492E-04  0.4986082E-05 -0.1839099E-05  0.1994419E-05 -0.1742975E-09
        50     17 -0.4890805E-03 -0.5017344E-04  0.1000678E-04 -0.3672955E-05  0.3983962E-05 -0.3500692E-09
        50     18 -0.7333396E-03 -0.7526540E-04  0.1506105E-04 -0.5501749E-05  0.5968494E-05 -0.5273118E-09
        50     19 -0.9774213E-03 -0.1003606E-03  0.2014783E-04 -0.7325660E-05  0.7947875E-05 -0.7060221E-09
        50     20  0.1111515E-04  0.2775768E-06  0.4243979E-05 -0.8186206E-06 -0.8818420E-01 -0.9663882E-04
        50     21  0.8305890E-05  0.2096952E-06  0.3159967E-05 -0.6161832E-06 -0.6613782E-01 -0.7247912E-04
        50     22  0.5516908E-05  0.1408042E-06  0.2091295E-05 -0.4122662E-06 -0.4409166E-01 -0.4831942E-04
        50     23  0.2748260E-05  0.7090527E-07  0.1037970E-05 -0.2068713E-06 -0.2204572E-01 -0.2415971E-04
        50     24  0.0000000E+00  0.0000000E+00  0.0000000E+00  0.0000000E+00  0.0000000E+00  0.0000000E+00
        50     25 -0.2727819E-05 -0.7191012E-07 -0.1022607E-05  0.2083459E-06  0.2204550E-01  0.2415972E-04
        50     26 -0.5435142E-05 -0.1448235E-06 -0.2029843E-05  0.4181648E-06  0.4409078E-01  0.4831945E-04
        50     27 -0.8121917E-05 -0.2187387E-06 -0.3021701E-05  0.6294550E-06  0.6613584E-01  0.7247920E-04
        50     28 -0.1078809E-04 -0.2936540E-06 -0.3998174E-05  0.8422148E-06  0.8818068E-01  0.9663895E-04

        60      0  0.0000000E+00  0.0000000E+00  0.0000000E+00  0.0000000E+00  0.0000000E+00  0.0000000E+00
        60      1  0.0000000E+00  0.0000000E+00  0.0000000E+00  0.0000000E+00  0.0000000E+00  0.0000000E+00
        60      2  0.3616299E-03 -0.3936290E-04 -0.2201445E-03 -0.1442289E-04  0.3695618E-05 -0.6020885E-10
        60      3  0.2712243E-03 -0.2951941E-04 -0.1651033E-03 -0.1082132E-04  0.2675763E-05 -0.4294276E-10
        60      4  0.1808171E-03 -0.1967776E-04 -0.1100657E-03 -0.7216965E-05  0.1719882E-05 -0.2715259E-10
        60      5  0.9040879E-04 -0.9837957E-05 -0.5503133E-04 -0.3609848E-05  0.8279645E-06 -0.1283834E-10
        60      6  0.0000000E+00  0.0000000E+00  0.0000000E+00  0.0000000E+00  0.0000000E+00  0.0000000E+00
        60      7 -0.9040880E-04  0.9836115E-05  0.5502857E-04  0.3612549E-05 -0.7640217E-06  0.1136244E-10
        60      8 -0.1808171E-03  0.1967039E-04  0.1100547E-03  0.7227771E-05 -0.1464111E-05  0.2124898E-10
        60      9 -0.2712243E-03  0.2950282E-04  0.1650785E-03  0.1084564E-04 -0.2100277E-05  0.2965965E-10
        60     10 -0.3616300E-03  0.3933342E-04  0.2201004E-03  0.1446611E-04 -0.2672529E-05  0.3659443E-10
        60     11 -0.1055496E-02 -0.1451003E-04  0.2756241E-03 -0.1943834E-03 -0.5496325E-05  0.8389378E-09
        60     12 -0.7916502E-03 -0.1087029E-04  0.2067226E-03 -0.1457808E-03 -0.3791239E-05  0.6283319E-09
        60     13 -0.5277875E-03 -0.7238515E-05  0.1378154E-03 -0.9718292E-04 -0.2306746E-05  0.4183041E-09
        60     14 -0.2639050E-03 -0.3614991E-05  0.6890646E-04 -0.4858947E-04 -0.1042962E-05  0.2088586E-09
        60     15  0.0000000E+00  0.0000000E+00  0.0000000E+00  0.0000000E+00  0.0000000E+00  0.0000000E+00
        60     16  0.2639305E-03  0.3606177E-05 -0.6889988E-04  0.4858587E-04  0.8220222E-06 -0.2082673E-09
        60     17  0.5278895E-03  0.7203257E-05 -0.1377891E-03  0.9716855E-04  0.1422986E-05 -0.4159390E-09
        60     18  0.7918797E-03  0.1079096E-04 -0.2066634E-03  0.1457484E-03  0.1802770E-05 -0.6230107E-09
        60     19  0.1055904E-02  0.1436899E-04 -0.2755188E-03  0.1943259E-03  0.1961251E-05 -0.8294780E-09
        60     20 -0.6190217E-05  0.2158403E-06  0.2219939E-05 -0.1983588E-05 -0.1052840E+00 -0.9515562E-04
        60     21 -0.4660772E-05  0.1652587E-06  0.1676307E-05 -0.1488783E-05 -0.7896260E-01 -0.7136672E-04
        60     22 -0.3119215E-05  0.1124248E-06  0.1125108E-05 -0.9932507E-06 -0.5264147E-01 -0.4757782E-04
        60     23 -0.1565605E-05  0.5733857E-07  0.5663393E-06 -0.4969901E-06 -0.2632060E-01 -0.2378892E-04
        60     24  0.0000000E+00  0.0000000E+00  0.0000000E+00  0.0000000E+00  0.0000000E+00  0.0000000E+00
        60     25  0.1577540E-05 -0.5959088E-07 -0.5739109E-06  0.4977206E-06  0.2632035E-01  0.2378893E-04
        60     26  0.3166956E-05 -0.1214341E-06 -0.1155394E-05  0.9961726E-06  0.5264043E-01  0.4757787E-04
        60     27  0.4768188E-05 -0.1855297E-06 -0.1744451E-05  0.1495357E-05  0.7896026E-01  0.7136683E-04
        60     28  0.6381178E-05 -0.2518776E-06 -0.2341082E-05  0.1995275E-05  0.1052798E+00  0.9515581E-04

        70      0  0.0000000E+00  0.0000000E+00  0.0000000E+00  0.0000000E+00  0.0000000E+00  0.0000000E+00
        70      1  0.0000000E+00  0.0000000E+00  0.0000000E+00  0.0000000E+00  0.0000000E+00  0.0000000E+00
        70      2  0.3392107E-03  0.4406809E-04 -0.1694893E-03  0.6163944E-05  0.2177272E-05 -0.7183247E-10
        70      3  0.2542480E-03  0.3305325E-04 -0.1271156E-03  0.4617317E-05  0.1636049E-05 -0.5119713E-10
        70      4  0.1693928E-03  0.2203695E-04 -0.8474266E-04  0.3074465E-05  0.1092756E-05 -0.3234665E-10
        70      5  0.8464378E-04  0.1101920E-04 -0.4237069E-04  0.1535367E-05  0.5474034E-06 -0.1528096E-10
        70      6  0.0000000E+00  0.0000000E+00  0.0000000E+00  0.0000000E+00  0.0000000E+00  0.0000000E+00
        70      7 -0.8453968E-04 -0.1102063E-04  0.4236913E-04 -0.1531656E-05 -0.5494441E-06  0.1349629E-10
        70      8 -0.1689764E-03 -0.2204268E-04  0.8473642E-04 -0.3059624E-05 -0.1100919E-05  0.2520797E-10
        70      9 -0.2533111E-03 -0.3306616E-04  0.1271016E-03 -0.4583925E-05 -0.1654416E-05  0.3513509E-10
        70     10 -0.3375451E-03 -0.4409103E-04  0.1694643E-03 -0.6104581E-05 -0.2209924E-05  0.4327771E-10
        70     11 -0.8113606E-03  0.6089227E-05  0.2718069E-03  0.2138623E-03 -0.1959063E-04  0.9647762E-09
        70     12 -0.6087922E-03  0.4575377E-05  0.2039222E-03  0.1603847E-03 -0.1484827E-04  0.7214241E-09
        70     13 -0.4060414E-03  0.3056009E-05  0.1359956E-03  0.1069150E-03 -0.1000238E-04  0.4795075E-09
        70     14 -0.2031100E-03  0.1530943E-05  0.6802295E-04  0.5345335E-04 -0.5052958E-05  0.2390312E-09
        70     15  0.0000000E+00  0.0000000E+00  0.0000000E+00  0.0000000E+00  0.0000000E+00  0.0000000E+00
        70     16  0.2032867E-03 -0.1536999E-05 -0.6807738E-04 -0.5344477E-04  0.5156501E-05 -0.2375813E-09
        70     17  0.4067483E-03 -0.3080233E-05 -0.1362134E-03 -0.1068807E-03  0.1041655E-04 -0.4737080E-09
        70     18  0.6103827E-03 -0.4629882E-05 -0.2044122E-03 -0.1603076E-03  0.1578016E-04 -0.7083752E-09
        70     19  0.8141880E-03 -0.6186123E-05 -0.2726779E-03 -0.2137252E-03  0.2124734E-04 -0.9415781E-09
        70     20 -0.2867968E-05  0.2277923E-06  0.8347611E-05 -0.2444437E-06 -0.1220935E+00 -0.9340992E-04
        70     21 -0.2218216E-05  0.1712192E-06  0.6262997E-05 -0.1853338E-06 -0.9156968E-01 -0.7005745E-04
        70     22 -0.1523643E-05  0.1143955E-06  0.4176856E-05 -0.1248908E-06 -0.6104615E-01 -0.4670497E-04
        70     23 -0.7842400E-06  0.5732217E-07  0.2089190E-05 -0.6311334E-07 -0.3052293E-01 -0.2335249E-04
        70     24  0.0000000E+00  0.0000000E+00  0.0000000E+00  0.0000000E+00  0.0000000E+00  0.0000000E+00
        70     25  0.8290848E-06 -0.5757014E-07 -0.2090711E-05  0.6445067E-07  0.3052263E-01  0.2335251E-04
        70     26  0.1703022E-05 -0.1153874E-06 -0.4182943E-05  0.1302402E-06  0.6104496E-01  0.4670504E-04
        70     27  0.2621819E-05 -0.1734510E-06 -0.6276693E-05  0.1973700E-06  0.9156700E-01  0.7005759E-04
        70     28  0.3585484E-05 -0.2317600E-06 -0.8371960E-05  0.2658418E-06  0.1220888E+00  0.9341018E-04

        80      0  0.0000000E+00  0.0000000E+00  0.0000000E+00  0.0000000E+00  0.0000000E+00  0.0000000E+00
        80      1  0.0000000E+00  0.0000000E+00  0.0000000E+00  0.0000000E+00  0.0000000E+00  0.0000000E+00
        80      2 -0.2241133E-03  0.2335053E-05  0.2171960E-03 -0.9518564E-04  0.2370811E-05 -0.7731414E-10
        80      3 -0.1680705E-03  0.1750218E-05  0.1629331E-03 -0.7138257E-04  0.1782248E-05 -0.5560195E-10
        80      4 -0.1120378E-03  0.1166103E-05  0.1086458E-03 -0.4758397E-04  0.1190926E-05 -0.3547891E-10
        80      5 -0.5601455E-04  0.5827002E-06  0.5433464E-04 -0.2378980E-04  0.5968448E-06 -0.1694495E-10
        80      6  0.0000000E+00  0.0000000E+00  0.0000000E+00  0.0000000E+00  0.0000000E+00  0.0000000E+00
        80      7  0.5600655E-04 -0.5820062E-06 -0.5435759E-04  0.2378548E-04 -0.5996116E-06  0.1535602E-10
        80      8  0.1120058E-03 -0.1163327E-05 -0.1087376E-03  0.4756670E-04 -0.1201994E-05  0.2912319E-10
        80      9  0.1679985E-03 -0.1743972E-05 -0.1631397E-03  0.7134371E-04 -0.1807152E-05  0.4130156E-10
        80     10  0.2239853E-03 -0.2323950E-05 -0.2175632E-03  0.9511656E-04 -0.2415091E-05  0.5189123E-10
        80     11  0.1044319E-02 -0.9516051E-04 -0.1389938E-03 -0.2609245E-04 -0.4888880E-05  0.1088599E-08
        80     12  0.7829217E-03 -0.7136848E-04 -0.1042688E-03 -0.1955169E-04 -0.3841129E-05  0.8178714E-09
        80     13  0.5217295E-03 -0.4757792E-04 -0.6952890E-04 -0.1302268E-04 -0.2677025E-05  0.5461921E-09
        80     14  0.2607523E-03 -0.2378853E-04 -0.3477301E-04 -0.6505440E-05 -0.1396630E-05  0.2735665E-09
        80     15  0.0000000E+00  0.0000000E+00  0.0000000E+00  0.0000000E+00  0.0000000E+00  0.0000000E+00
        80     16 -0.2605176E-03  0.2378796E-04  0.3479125E-04  0.6493618E-05  0.1512818E-05 -0.2745023E-09
        80     17 -0.5207905E-03  0.4757565E-04  0.6960187E-04  0.1297539E-04  0.3141783E-05 -0.5499353E-09
        80     18 -0.7808090E-03  0.7136338E-04  0.1044330E-03  0.1944530E-04  0.4886866E-05 -0.8262936E-09
        80     19 -0.1040563E-02  0.9515145E-04  0.1392858E-03  0.2590332E-04  0.6748042E-05 -0.1103572E-08
        80     20 -0.2692315E-05 -0.5657857E-06  0.2607073E-05 -0.7413164E-06 -0.1385660E+00 -0.9140655E-04
        80     21 -0.2039672E-05 -0.4233989E-06  0.1959549E-05 -0.5504267E-06 -0.1039240E+00 -0.6855491E-04
        80     22 -0.1373401E-05 -0.2816373E-06  0.1309202E-05 -0.3632440E-06 -0.6928233E-01 -0.4570328E-04
        80     23 -0.6935085E-06 -0.1405034E-06  0.6560234E-06 -0.1797684E-06 -0.3464100E-01 -0.2285165E-04
        80     24  0.0000000E+00  0.0000000E+00  0.0000000E+00  0.0000000E+00  0.0000000E+00  0.0000000E+00
        80     25  0.7071185E-06  0.1398703E-06 -0.6588791E-06  0.1760610E-06  0.3464067E-01  0.2285167E-04
        80     26  0.1427842E-05  0.2791047E-06 -0.1320625E-05  0.3484144E-06  0.6928100E-01  0.4570337E-04
        80     27  0.2162165E-05  0.4177006E-06 -0.1985250E-05  0.5170602E-06  0.1039210E+00  0.6855510E-04
        80     28  0.2910084E-05  0.5556553E-06 -0.2652765E-05  0.6819981E-06  0.1385607E+00  0.9140689E-04

        90      0  0.0000000E+00  0.0000000E+00  0.0000000E+00  0.0000000E+00  0.0000000E+00  0.0000000E+00
        90      1  0.0000000E+00  0.0000000E+00  0.0000000E+00  0.0000000E+00  0.0000000E+00  0.0000000E+00
        90      2 -0.6767051E-03  0.7914441E-06  0.7008963E-04  0.8004164E-04 -0.3494935E-05 -0.9467716E-10
        90      3 -0.5075605E-03  0.5937728E-06  0.5254829E-04  0.6002924E-04 -0.2691895E-05 -0.6788995E-10
        90      4 -0.3383944E-03  0.3959915E-06  0.3501990E-04  0.4001819E-04 -0.1841724E-05 -0.4318141E-10
        90      5 -0.1692074E-03  0.1980755E-06  0.1750396E-04  0.2000846E-04 -0.9444250E-06 -0.2055146E-10
        90      6  0.0000000E+00  0.0000000E+00  0.0000000E+00  0.0000000E+00  0.0000000E+00  0.0000000E+00
        90      7  0.1692271E-03 -0.1982598E-06 -0.1749245E-04 -0.2000720E-04  0.9915491E-06  0.1847307E-10
        90      8  0.3384735E-03 -0.3967286E-06 -0.3497387E-04 -0.4001319E-04  0.2030220E-05  0.3486784E-10
        90      9  0.5077384E-03 -0.5954313E-06 -0.5244474E-04 -0.6001799E-04  0.3116012E-05  0.4918444E-10
        90     10  0.6770214E-03 -0.7943926E-06 -0.6990553E-04 -0.8002163E-04  0.4248923E-05  0.6142298E-10
        90     11  0.3366573E-03  0.8003326E-04 -0.6496184E-03  0.3516036E-04 -0.4458841E-05  0.1230743E-08
        90     12  0.2522920E-03  0.6002462E-04 -0.4871984E-03  0.2635051E-04 -0.3096976E-05  0.9219162E-09
        90     13  0.1680682E-03  0.4001611E-04 -0.3247875E-03  0.1755462E-04 -0.1899883E-05  0.6138456E-09
        90     14  0.8397459E-04  0.2000787E-04 -0.1623874E-03  0.8771510E-05 -0.8675569E-06  0.3065380E-09
        90     15  0.0000000E+00  0.0000000E+00  0.0000000E+00  0.0000000E+00  0.0000000E+00  0.0000000E+00
        90     16 -0.8386684E-04 -0.2000738E-04  0.1623729E-03 -0.8761100E-05  0.7027834E-06 -0.3057617E-09
        90     17 -0.1676372E-03 -0.4001415E-04  0.3247296E-03 -0.1751298E-04  0.1240785E-05 -0.6107406E-09
        90     18 -0.2513223E-03 -0.6002019E-04  0.4870681E-03 -0.2625682E-04  0.1613991E-05 -0.9149301E-09
        90     19 -0.3349335E-03 -0.8002540E-04  0.6493867E-03 -0.3499382E-04  0.1822386E-05 -0.1218324E-08
        90     20  0.7157301E-05  0.2825089E-06  0.1691253E-05 -0.8106426E-07 -0.1546563E+00 -0.8915103E-04
        90     21  0.5359958E-05  0.2119934E-06  0.1254109E-05 -0.6337226E-07 -0.1159917E+00 -0.6686326E-04
        90     22  0.3567928E-05  0.1414019E-06  0.8265151E-06 -0.4396312E-07 -0.7732742E-01 -0.4457551E-04
        90     23  0.1781259E-05  0.7073668E-07  0.4084766E-06 -0.2283848E-07 -0.3866352E-01 -0.2228776E-04
        90     24  0.0000000E+00  0.0000000E+00  0.0000000E+00  0.0000000E+00  0.0000000E+00  0.0000000E+00
        90     25 -0.1775802E-05 -0.7080574E-07 -0.3989088E-06  0.2455060E-07  0.3866316E-01  0.2228779E-04
        90     26 -0.3546099E-05 -0.1416782E-06 -0.7882439E-06  0.5081156E-07  0.7732596E-01  0.4457562E-04
        90     27 -0.5310844E-05 -0.2126149E-06 -0.1168000E-05  0.7878109E-07  0.1159884E+00  0.6686350E-04
        90     28 -0.7069990E-05 -0.2836135E-06 -0.1538171E-05  0.1084574E-06  0.1546505E+00  0.8915145E-04

       100      0  0.0000000E+00  0.0000000E+00  0.0000000E+00  0.0000000E+00  0.0000000E+00  0.0000000E+00
       100      1  0.0000000E+00  0.0000000E+00  0.0000000E+00  0.0000000E+00  0.0000000E+00  0.0000000E+00
       100      2  0.5816301E-03 -0.4221833E-04  0.4719842E-04  0.1620588E-04 -0.3655058E-06 -0.1045314E-09
       100      3  0.4362292E-03 -0.3165915E-04  0.3539760E-04  0.1215446E-04 -0.2964344E-06 -0.7427653E-10
       100      4  0.2908231E-03 -0.2110307E-04  0.2359741E-04  0.8102970E-05 -0.2124797E-06 -0.4676973E-10
       100      5  0.1454131E-03 -0.1055004E-04  0.1179813E-04  0.4051461E-05 -0.1136619E-06 -0.2201092E-10
       100      6  0.0000000E+00  0.0000000E+00  0.0000000E+00  0.0000000E+00  0.0000000E+00  0.0000000E+00
       100      7 -0.1454151E-03  0.1054708E-04 -0.1179671E-04 -0.4051353E-05  0.1284874E-06  0.1926312E-10
       100      8 -0.2908311E-03  0.2109126E-04 -0.2359175E-04 -0.8102535E-05  0.2717828E-06  0.3577853E-10
       100      9 -0.4362471E-03  0.3163258E-04 -0.3538486E-04 -0.1215349E-04  0.4298695E-06  0.4954633E-10
       100     10 -0.5816620E-03  0.4217108E-04 -0.4717578E-04 -0.1620414E-04  0.6027315E-06  0.6056660E-10
       100     11  0.2262702E-03  0.1616911E-04  0.6000197E-03 -0.1959980E-03 -0.4840721E-05  0.1370991E-08
       100     12  0.1697102E-03  0.1213371E-04  0.4500298E-03 -0.1470023E-03 -0.3660147E-05  0.1024242E-08
       100     13  0.1131451E-03  0.8093679E-05  0.3000264E-03 -0.9800486E-04 -0.2459789E-05  0.6801564E-09
       100     14  0.5657501E-04  0.4049082E-05  0.1500146E-03 -0.4900442E-04 -0.1239716E-05  0.3387400E-09
       100     15  0.0000000E+00  0.0000000E+00  0.0000000E+00  0.0000000E+00  0.0000000E+00  0.0000000E+00
       100     16 -0.5657973E-04 -0.4053491E-05 -0.1500123E-03  0.4900947E-04  0.1259283E-05 -0.3360566E-09
       100     17 -0.1131640E-03 -0.8111312E-05 -0.3000168E-03  0.9802505E-04  0.2538054E-05 -0.6694229E-09
       100     18 -0.1697526E-03 -0.1217338E-04 -0.4500083E-03  0.1470478E-03  0.3836232E-05 -0.1000092E-08
       100     19 -0.2263454E-03 -0.1623963E-04 -0.5999815E-03  0.1960787E-03  0.5153731E-05 -0.1328057E-08
       100     20  0.1346650E-05  0.1075215E-06  0.3200850E-05 -0.2158832E-05 -0.1703199E+00 -0.8664959E-04
       100     21  0.9879446E-06  0.8422781E-07  0.2397137E-05 -0.1619140E-05 -0.1277393E+00 -0.6498716E-04
       100     22  0.6439586E-06  0.5854328E-07  0.1595757E-05 -0.1079437E-05 -0.8515915E-01 -0.4332477E-04
       100     23  0.3146557E-06  0.3046750E-07  0.7967104E-06 -0.5397230E-06 -0.4257937E-01 -0.2166239E-04
       100     24  0.0000000E+00  0.0000000E+00  0.0000000E+00  0.0000000E+00  0.0000000E+00  0.0000000E+00
       100     25 -0.3000443E-06 -0.3285967E-07 -0.7943725E-06  0.5397317E-06  0.4257898E-01  0.2166243E-04
       100     26 -0.5855133E-06 -0.6811198E-07 -0.1586405E-05  0.1079471E-05  0.8515757E-01  0.4332490E-04
       100     27 -0.8564427E-06 -0.1057574E-06 -0.2376094E-05  0.1619218E-05  0.1277358E+00  0.6498746E-04
       100     28 -0.1112868E-05 -0.1457963E-06 -0.3163438E-05  0.2158970E-05  0.1703136E+00  0.8665011E-04

       110      0  0.0000000E+00  0.0000000E+00  0.0000000E+00  0.0000000E+00  0.0000000E+00  0.0000000E+00
       110      1  0.0000000E+00  0.0000000E+00  0.0000000E+00  0.0000000E+00  0.0000000E+00  0.0000000E+00
       110      2  0.1175554E-03  0.2380799E-04 -0.4007840E-03  0.3676769E-05  0.4057827E-05 -0.1065278E-09
       110      3  0.8807820E-04  0.1785707E-04 -0.3005770E-03  0.2744867E-05  0.3061077E-05 -0.7622193E-10
       110      4  0.5866056E-04  0.1190546E-04 -0.2003772E-03  0.1821539E-05  0.2052512E-05 -0.4836543E-10
       110      5  0.2930148E-04  0.5953106E-05 -0.1001848E-03  0.9066340E-06  0.1032147E-05 -0.2295816E-10
       110      6  0.0000000E+00  0.0000000E+00  0.0000000E+00  0.0000000E+00  0.0000000E+00  0.0000000E+00
       110      7 -0.2924486E-04 -0.5953888E-05  0.1001769E-03 -0.8985150E-06 -0.1043913E-05  0.2050919E-10
       110      8 -0.5843407E-04 -0.1190858E-04  0.2003457E-03 -0.1789063E-05 -0.2099578E-05  0.3856953E-10
       110      9 -0.8756861E-04 -0.1786411E-04  0.3005060E-03 -0.2671796E-05 -0.3166978E-05  0.5418115E-10
       110     10 -0.1166494E-03 -0.2382051E-04  0.4006578E-03 -0.3546866E-05 -0.4246100E-05  0.6734419E-10
       110     11 -0.1921201E-02  0.3518589E-05 -0.3992985E-04  0.1157116E-03 -0.1261564E-04  0.1466364E-08
       110     12 -0.1441017E-02  0.2655809E-05 -0.2985725E-04  0.8676626E-04 -0.9572738E-05  0.1098935E-08
       110     13 -0.9607552E-03  0.1782265E-05 -0.1984276E-04  0.5783262E-04 -0.6455813E-05  0.7320605E-09
       110     14 -0.4804154E-03  0.8972367E-06 -0.9889355E-05  0.2891058E-04 -0.3264893E-05  0.3657463E-09
       110     15  0.0000000E+00  0.0000000E+00  0.0000000E+00  0.0000000E+00  0.0000000E+00  0.0000000E+00
       110     16  0.4804892E-03 -0.9101670E-06  0.9822331E-05 -0.2889926E-04  0.3338850E-05 -0.3651714E-09
       110     17  0.9610505E-03 -0.1833986E-05  0.1957466E-04 -0.5778734E-04  0.6751644E-05 -0.7297607E-09
       110     18  0.1441682E-02 -0.2772181E-05  0.2925403E-04 -0.8666440E-04  0.1023837E-04 -0.1093761E-08
       110     19  0.1922382E-02 -0.3725471E-05  0.3885745E-04 -0.1155306E-03  0.1379904E-04 -0.1457165E-08
       110     20 -0.7839184E-05  0.4209060E-06  0.5197148E-05 -0.3352244E-06 -0.1855139E+00 -0.8390913E-04
       110     21 -0.5919154E-05  0.3161321E-06  0.3910998E-05 -0.2551176E-06 -0.1391347E+00 -0.6293180E-04
       110     22 -0.3972598E-05  0.2110556E-06  0.2616088E-05 -0.1725470E-06 -0.9275603E-01 -0.4195452E-04
       110     23 -0.1999539E-05  0.1056778E-06  0.1312420E-05 -0.8750904E-07 -0.4637780E-01 -0.2097726E-04
       110     24  0.0000000E+00  0.0000000E+00  0.0000000E+00  0.0000000E+00  0.0000000E+00  0.0000000E+00
       110     25  0.2025994E-05 -0.1059766E-06 -0.1321170E-05  0.8998377E-07  0.4637738E-01  0.2097730E-04
       110     26  0.4078421E-05 -0.2122507E-06 -0.2651087E-05  0.1824460E-06  0.9275435E-01  0.4195468E-04
       110     27  0.6157255E-05 -0.3188212E-06 -0.3989746E-05  0.2773904E-06  0.1391309E+00  0.6293215E-04
       110     28  0.8262473E-05 -0.4256869E-06 -0.5337146E-05  0.3748207E-06  0.1855071E+00  0.8390975E-04

       120      0  0.0000000E+00  0.0000000E+00  0.0000000E+00  0.0000000E+00  0.0000000E+00  0.0000000E+00
       120      1  0.0000000E+00  0.0000000E+00  0.0000000E+00  0.0000000E+00  0.0000000E+00  0.0000000E+00
       120      2  0.2708158E-03  0.2204191E-04  0.2811852E-03 -0.7573411E-04  0.1671663E-05 -0.1164026E-09
       120      3  0.2030725E-03  0.1653279E-04  0.2109168E-03 -0.5679389E-04  0.1183066E-05 -0.8334457E-10
       120      4  0.1353553E-03  0.1102273E-04  0.1406295E-03 -0.3785823E-04  0.7415912E-06 -0.5292484E-10
       120      5  0.6766439E-04  0.5511787E-05  0.7032383E-04 -0.1892698E-04  0.3472369E-06 -0.2514335E-10
       120      6  0.0000000E+00  0.0000000E+00  0.0000000E+00  0.0000000E+00  0.0000000E+00  0.0000000E+00
       120      7 -0.6763771E-04 -0.5512589E-05 -0.7034157E-04  0.1892287E-04 -0.3001232E-06  0.2250532E-10
       120      8 -0.1352485E-03 -0.1102594E-04 -0.1407005E-03  0.3784176E-04 -0.5531368E-06  0.4237273E-10
       120      9 -0.2028323E-03 -0.1654000E-04 -0.2110765E-03  0.5675682E-04 -0.7590456E-06  0.5960235E-10
       120     10 -0.2703889E-03 -0.2205474E-04 -0.2814691E-03  0.7566820E-04 -0.9178552E-06  0.7419432E-10
       120     11  0.1350858E-02 -0.7574151E-04  0.3805838E-03  0.7612625E-04 -0.1485129E-04  0.1582311E-08
       120     12  0.1012855E-02 -0.5679787E-04  0.2854215E-03  0.5710456E-04 -0.1091131E-04  0.1186145E-08
       120     13  0.6750369E-03 -0.3786016E-04  0.1902717E-03  0.3807565E-04 -0.7122697E-05  0.7903657E-09
       120     14  0.3374146E-03 -0.1892775E-04  0.9513197E-04  0.1904049E-04 -0.3485564E-05  0.3949812E-09
       120     15  0.0000000E+00  0.0000000E+00  0.0000000E+00  0.0000000E+00  0.0000000E+00  0.0000000E+00
       120     16 -0.3371949E-03  0.1892372E-04 -0.9512656E-04 -0.1904486E-04  0.3333918E-05 -0.3945698E-09
       120     17 -0.6741584E-03  0.3784405E-04 -0.1902501E-03 -0.3809316E-04  0.6516125E-05 -0.7887199E-09
       120     18 -0.1010879E-02  0.5676163E-04 -0.2853729E-03 -0.5714393E-04  0.9546567E-05 -0.1182442E-08
       120     19 -0.1347344E-02  0.7567710E-04 -0.3804973E-03 -0.7619622E-04  0.1242521E-04 -0.1575728E-08
       120     20  0.8869792E-07 -0.5298274E-06  0.5920236E-05 -0.6827775E-06 -0.2001959E+00 -0.8093722E-04
       120     21  0.2199483E-07 -0.3966258E-06  0.4437777E-05 -0.5069077E-06 -0.1501462E+00 -0.6070284E-04
       120     22 -0.1503202E-07 -0.2639187E-06  0.2956927E-05 -0.3344881E-06 -0.1000970E+00 -0.4046853E-04
       120     23 -0.2236857E-07 -0.1317091E-06  0.1477672E-05 -0.1655189E-06 -0.5004826E-01 -0.2023427E-04
       120     24  0.0000000E+00  0.0000000E+00  0.0000000E+00  0.0000000E+00  0.0000000E+00  0.0000000E+00
       120     25  0.5208926E-07  0.1312055E-06 -0.1476103E-05  0.1620685E-06  0.5004781E-01  0.2023431E-04
       120     26  0.1339156E-06  0.2619043E-06 -0.2950650E-05  0.3206868E-06  0.1000952E+00  0.4046872E-04
       120     27  0.2454960E-06  0.3920935E-06 -0.4423654E-05  0.4758549E-06  0.1501422E+00  0.6070325E-04
       120     28  0.3868484E-06  0.5217699E-06 -0.5895128E-05  0.6275729E-06  0.2001888E+00  0.8093795E-04

       130      0  0.0000000E+00  0.0000000E+00  0.0000000E+00  0.0000000E+00  0.0000000E+00  0.0000000E+00
       130      1  0.0000000E+00  0.0000000E+00  0.0000000E+00  0.0000000E+00  0.0000000E+00  0.0000000E+00
       130      2 -0.9876762E-03 -0.3696007E-05 -0.2955625E-05  0.1744197E-04 -0.7689537E-06 -0.1318029E-09
       130      3 -0.7407530E-03 -0.2772171E-05 -0.2219445E-05  0.1307998E-04 -0.5895520E-06 -0.9372722E-10
       130      4 -0.4938326E-03 -0.1848168E-05 -0.1481376E-05  0.8719051E-05 -0.4015958E-06 -0.5906829E-10
       130      5 -0.2469149E-03 -0.9240823E-06 -0.7415257E-06  0.4359094E-05 -0.2050802E-06 -0.2782596E-10
       130      6  0.0000000E+00  0.0000000E+00  0.0000000E+00  0.0000000E+00  0.0000000E+00  0.0000000E+00
       130      7  0.2469120E-03  0.9239934E-06  0.7430940E-06 -0.4358336E-05  0.2136507E-06  0.2440979E-10
       130      8  0.4938212E-03  0.1847812E-05  0.1487650E-05 -0.8716020E-05  0.4358782E-06  0.4540364E-10
       130      9  0.7407273E-03  0.2771371E-05  0.2233561E-05 -0.1307316E-04  0.6666893E-06  0.6298178E-10
       130     10  0.9876305E-03  0.3694584E-05  0.2980722E-05 -0.1742985E-04  0.9060914E-06  0.7714446E-10
       130     11 -0.1413564E-04  0.1742859E-04 -0.9888986E-03 -0.1085813E-04  0.2039728E-05  0.1729313E-08
       130     12 -0.1062576E-04  0.1307260E-04 -0.7416582E-03 -0.8157854E-05  0.1611860E-05  0.1291922E-08
       130     13 -0.7097940E-05  0.8715840E-05 -0.4944284E-03 -0.5446545E-05  0.1129212E-05  0.8579002E-09
       130     14 -0.3555062E-05  0.4358311E-05 -0.2472090E-03 -0.2726496E-05  0.5918897E-06  0.4272565E-09
       130     15  0.0000000E+00  0.0000000E+00  0.0000000E+00  0.0000000E+00  0.0000000E+00  0.0000000E+00
       130     16  0.3564358E-05 -0.4359104E-05  0.2471989E-03  0.2730651E-05 -0.6463543E-06 -0.4238602E-09
       130     17  0.7135113E-05 -0.8719014E-05  0.4943879E-03  0.5463162E-05 -0.1347072E-05 -0.8443150E-09
       130     18  0.1070936E-04 -0.1307974E-04  0.7415672E-03  0.8195239E-05 -0.2102056E-05 -0.1261355E-08
       130     19  0.1428417E-04 -0.1744130E-04  0.9887369E-03  0.1092459E-04 -0.2911209E-05 -0.1674973E-08
       130     20  0.1186985E-05  0.6856033E-07 -0.1024718E-05  0.1431285E-06 -0.2143257E+00 -0.7774206E-04
       130     21  0.9057374E-06  0.5091145E-07 -0.7702661E-06  0.1066656E-06 -0.1607434E+00 -0.5830643E-04
       130     22  0.6141397E-06  0.3360050E-07 -0.5146595E-06  0.7065668E-07 -0.1071618E+00 -0.3887091E-04
       130     23  0.3122182E-06  0.1662938E-07 -0.2579027E-06  0.3510153E-07 -0.5358065E-01 -0.1943545E-04
       130     24  0.0000000E+00  0.0000000E+00  0.0000000E+00  0.0000000E+00  0.0000000E+00  0.0000000E+00
       130     25 -0.3224880E-06 -0.1628572E-07  0.2590442E-06 -0.3464817E-07  0.5358018E-01  0.1943551E-04
       130     26 -0.6552187E-06 -0.3222586E-07  0.5192252E-06 -0.6884333E-07  0.1071599E+00  0.3887112E-04
       130     27 -0.9981646E-06 -0.4781850E-07  0.7805381E-06 -0.1025859E-06  0.1607393E+00  0.5830690E-04
       130     28 -0.1351298E-05 -0.6306172E-07  0.1042978E-05 -0.1358764E-06  0.2143182E+00  0.7774290E-04

       140      0  0.0000000E+00  0.0000000E+00  0.0000000E+00  0.0000000E+00  0.0000000E+00  0.0000000E+00
       140      1  0.0000000E+00  0.0000000E+00  0.0000000E+00  0.0000000E+00  0.0000000E+00  0.0000000E+00
       140      2  0.4984662E-03 -0.2777563E-04  0.2060773E-03  0.6758931E-04 -0.4335358E-05 -0.1403685E-09
       140      3  0.3738396E-03 -0.2082648E-04  0.1545336E-03  0.5069502E-04 -0.3215824E-05 -0.1002056E-09
       140      4  0.2492194E-03 -0.1388088E-04  0.1030064E-03  0.3379860E-04 -0.2120078E-05 -0.6342334E-10
       140      5  0.1246061E-03 -0.6938746E-05  0.5149526E-04  0.1690020E-04 -0.1048133E-05 -0.3002152E-10
       140      6  0.0000000E+00  0.0000000E+00  0.0000000E+00  0.0000000E+00  0.0000000E+00  0.0000000E+00
       140      7 -0.1245984E-03  0.6935439E-05 -0.5147974E-04 -0.1690185E-04  0.1024308E-05  0.2664137E-10
       140      8 -0.2491887E-03  0.1386765E-04 -0.1029443E-03 -0.3380520E-04  0.2024781E-05  0.4990276E-10
       140      9 -0.3737706E-03  0.2079672E-04 -0.1543939E-03 -0.5070987E-04  0.3001407E-05  0.6978435E-10
       140     10 -0.4983435E-03  0.2772272E-04 -0.2058290E-03 -0.6761570E-04  0.3954174E-05  0.8628630E-10
       140     11  0.9885164E-03  0.6754847E-04  0.5791228E-03 -0.1066331E-03 -0.5356244E-05  0.1823554E-08
       140     12  0.7412188E-03  0.5067213E-04  0.4342937E-03 -0.7997958E-04 -0.4282525E-05  0.1364069E-08
       140     13  0.4940407E-03  0.3378829E-04  0.2894950E-03 -0.5332376E-04 -0.3031865E-05  0.9069760E-09
       140     14  0.2469713E-03  0.1689741E-04  0.1447295E-03 -0.2666433E-04 -0.1604332E-05  0.4522832E-09
       140     15  0.0000000E+00  0.0000000E+00  0.0000000E+00  0.0000000E+00  0.0000000E+00  0.0000000E+00
       140     16 -0.2468838E-03 -0.1690348E-04 -0.1446907E-03  0.2667050E-04  0.1781053E-05 -0.4498646E-09
       140     17 -0.4936907E-03 -0.3381253E-04 -0.2893399E-03  0.5334846E-04  0.3738739E-05 -0.8973017E-09
       140     18 -0.7404314E-03 -0.5072669E-04 -0.4339447E-03  0.8003516E-04  0.5872967E-05 -0.1342303E-08
       140     19 -0.9871165E-03 -0.6764545E-04 -0.5785023E-03  0.1067319E-03  0.8183638E-05 -0.1784858E-08
       140     20  0.8452433E-05  0.1641677E-06  0.4017110E-05 -0.1630720E-05 -0.2278642E+00 -0.7433247E-04
       140     21  0.6315052E-05  0.1257410E-06  0.2995459E-05 -0.1223814E-05 -0.1708973E+00 -0.5574918E-04
       140     22  0.4193851E-05  0.8557073E-07  0.1985387E-05 -0.8163896E-06 -0.1139310E+00 -0.3716606E-04
       140     23  0.2088833E-05  0.4365697E-07  0.9868987E-06 -0.4084507E-06 -0.5696522E-01 -0.1858302E-04
       140     24  0.0000000E+00  0.0000000E+00  0.0000000E+00  0.0000000E+00  0.0000000E+00  0.0000000E+00
       140     25 -0.2072644E-05 -0.4539993E-07 -0.9753034E-06  0.4089595E-06  0.5696474E-01  0.1858308E-04
       140     26 -0.4129097E-05 -0.9254253E-07 -0.1939005E-05  0.8184250E-06  0.1139290E+00  0.3716630E-04
       140     27 -0.6169355E-05 -0.1414275E-06 -0.2891099E-05  0.1228394E-05  0.1708929E+00  0.5574972E-04
       140     28 -0.8193417E-05 -0.1920546E-06 -0.3831578E-05  0.1638862E-05  0.2278565E+00  0.7433343E-04

       150      0  0.0000000E+00  0.0000000E+00  0.0000000E+00  0.0000000E+00  0.0000000E+00  0.0000000E+00
       150      1  0.0000000E+00  0.0000000E+00  0.0000000E+00  0.0000000E+00  0.0000000E+00  0.0000000E+00
       150      2  0.1187821E-03 -0.8061860E-05 -0.4399065E-03 -0.1721806E-04  0.5431097E-05 -0.1386852E-09
       150      3  0.8906675E-04 -0.6044656E-05 -0.3299176E-03 -0.1292511E-04  0.4025453E-05 -0.9915758E-10
       150      4  0.5936433E-04 -0.4028584E-05 -0.2199371E-03 -0.8624296E-05  0.2651717E-05 -0.6286761E-10
       150      5  0.2967529E-04 -0.2013684E-05 -0.1099646E-03 -0.4315852E-05  0.1309896E-05 -0.2981513E-10
       150      6  0.0000000E+00  0.0000000E+00  0.0000000E+00  0.0000000E+00  0.0000000E+00  0.0000000E+00
       150      7 -0.2966113E-04  0.2012427E-05  0.1099570E-03  0.4323037E-05 -0.1277964E-05  0.2657794E-10
       150      8 -0.5930772E-04  0.4023554E-05  0.2199067E-03  0.8653035E-05 -0.2523989E-05  0.4991887E-10
       150      9 -0.8893936E-04  0.6033339E-05  0.3298494E-03  0.1298977E-04 -0.3738070E-05  0.7002300E-10
       150     10 -0.1185557E-03  0.8041741E-05  0.4397853E-03  0.1733302E-04 -0.4920202E-05  0.8689052E-10
       150     11 -0.2109133E-02 -0.1739467E-04 -0.5333727E-04 -0.4536171E-04 -0.6674129E-05  0.1913902E-08
       150     12 -0.1581898E-02 -0.1302503E-04 -0.3996368E-04 -0.3402219E-04 -0.4751357E-05  0.1434121E-08
       150     13 -0.1054634E-02 -0.8668586E-05 -0.2661841E-04 -0.2268202E-04 -0.2998033E-05  0.9552040E-09
       150     14 -0.5273363E-03 -0.4326516E-05 -0.1329825E-04 -0.1134126E-04 -0.1414225E-05  0.4771603E-09
       150     15  0.0000000E+00  0.0000000E+00  0.0000000E+00  0.0000000E+00  0.0000000E+00  0.0000000E+00
       150     16  0.5273789E-03  0.4309782E-05  0.1327954E-04  0.1134168E-04  0.1244571E-05 -0.4762672E-09
       150     17  0.1054805E-02  0.8601648E-05  0.2654358E-04  0.2268369E-04  0.2319420E-05 -0.9516316E-09
       150     18  0.1582281E-02  0.1287442E-04  0.3979535E-04  0.3402595E-04  0.3224475E-05 -0.1426084E-08
       150     19  0.2109814E-02  0.1712691E-04  0.5303805E-04  0.4536836E-04  0.3959665E-05 -0.1899615E-08
       150     20 -0.1043146E-04  0.3733838E-06  0.2110373E-05 -0.8806345E-06 -0.2407742E+00 -0.7071786E-04
       150     21 -0.7836115E-05  0.2813077E-06  0.1602090E-05 -0.6634536E-06 -0.1805797E+00 -0.5303816E-04
       150     22 -0.5232386E-05  0.1883844E-06  0.1080934E-05 -0.4442909E-06 -0.1203859E+00 -0.3535868E-04
       150     23 -0.2620328E-05  0.9461494E-07  0.5469040E-06 -0.2231414E-06 -0.6019266E-01 -0.1767933E-04
       150     24  0.0000000E+00  0.0000000E+00  0.0000000E+00  0.0000000E+00  0.0000000E+00  0.0000000E+00
       150     25  0.2628540E-05 -0.9545964E-07 -0.5597782E-06  0.2251383E-06  0.6019217E-01  0.1767940E-04
       150     26  0.5265232E-05 -0.1917633E-06 -0.1132431E-05  0.4522786E-06  0.1203839E+00  0.3535895E-04
       150     27  0.7910019E-05 -0.2889103E-06 -0.1717957E-05  0.6814258E-06  0.1805753E+00  0.5303877E-04
       150     28  0.1056284E-04 -0.3869000E-06 -0.2316358E-05  0.9125852E-06  0.2407663E+00  0.7071894E-04

       160      0  0.0000000E+00  0.0000000E+00  0.0000000E+00  0.0000000E+00  0.0000000E+00  0.0000000E+00
       160      1  0.0000000E+00  0.0000000E+00  0.0000000E+00  0.0000000E+00  0.0000000E+00  0.0000000E+00
       160      2  0.4453793E-03  0.4241878E-04  0.1594628E-03 -0.3204404E-04  0.1076147E-05 -0.1527652E-09
       160      3  0.3338951E-03  0.3181710E-04  0.1196000E-03 -0.2402875E-04  0.7339169E-06 -0.1087413E-09
       160      4  0.2225047E-03  0.2121337E-04  0.7973537E-04 -0.1601641E-04  0.4404820E-06 -0.6860593E-10
       160      5  0.1112068E-03  0.1060764E-04  0.3986879E-04 -0.8006875E-05  0.1958428E-06 -0.3235887E-10
       160      6  0.0000000E+00  0.0000000E+00  0.0000000E+00  0.0000000E+00  0.0000000E+00  0.0000000E+00
       160      7 -0.1111172E-03 -0.1060950E-04 -0.3987123E-04  0.8004365E-05 -0.1470461E-06  0.2847084E-10
       160      8 -0.2221460E-03 -0.2122079E-04 -0.7974514E-04  0.1600637E-04 -0.2452951E-06  0.5305385E-10
       160      9 -0.3330880E-03 -0.3183379E-04 -0.1196220E-03  0.2400615E-04 -0.2947469E-06  0.7374923E-10
       160     10 -0.4439446E-03 -0.4244846E-04 -0.1595019E-03  0.3200387E-04 -0.2954011E-06  0.9055722E-10
       160     11  0.7665013E-03 -0.3206989E-04  0.5070836E-03  0.1909740E-03 -0.1975853E-04  0.2021515E-08
       160     12  0.5745722E-03 -0.2404312E-04  0.3802792E-03  0.1432375E-03 -0.1457525E-04  0.1510975E-08
       160     13  0.3828430E-03 -0.1602286E-04  0.2535033E-03  0.9549539E-04 -0.9554410E-05  0.1003868E-08
       160     14  0.1913176E-03 -0.8008641E-05  0.1267466E-03  0.4774906E-04 -0.4696000E-05  0.5002064E-09
       160     15  0.0000000E+00  0.0000000E+00  0.0000000E+00  0.0000000E+00  0.0000000E+00  0.0000000E+00
       160     16 -0.1911058E-03  0.8003539E-05 -0.1267457E-03 -0.4775030E-04  0.4533610E-05 -0.4967401E-09
       160     17 -0.3819958E-03  0.1600245E-04 -0.2534996E-03 -0.9550038E-04  0.8904854E-05 -0.9900033E-09
       160     18 -0.5726661E-03  0.2399720E-04 -0.3802709E-03 -0.1432487E-03  0.1311376E-04 -0.1479779E-08
       160     19 -0.7631126E-03  0.3198827E-04 -0.5070689E-03 -0.1909939E-03  0.1716037E-04 -0.1966056E-08
       160     20  0.9836500E-06 -0.2391705E-06  0.7717517E-05 -0.2273289E-06 -0.2530200E+00 -0.6690819E-04
       160     21  0.6809238E-06 -0.1794360E-06  0.5783319E-05 -0.1681960E-06 -0.1897640E+00 -0.5018084E-04
       160     22  0.4160526E-06 -0.1196612E-06  0.3852339E-05 -0.1105978E-06 -0.1265087E+00 -0.3345377E-04
       160     23  0.1890674E-06 -0.5984835E-07  0.1924569E-05 -0.5453301E-07 -0.6325407E-01 -0.1672686E-04
       160     24  0.0000000E+00  0.0000000E+00  0.0000000E+00  0.0000000E+00  0.0000000E+00  0.0000000E+00
       160     25 -0.1511173E-06  0.5988145E-07 -0.1921376E-05  0.5300281E-07  0.6325357E-01  0.1672694E-04
       160     26 -0.2642515E-06  0.1197936E-06 -0.3839567E-05  0.1044771E-06  0.1265067E+00  0.3345407E-04
       160     27 -0.3393689E-06  0.1797339E-06 -0.5754582E-05  0.1544248E-06  0.1897595E+00  0.5018152E-04
       160     28 -0.3764353E-06  0.2396999E-06 -0.7666429E-05  0.2028476E-06  0.2530120E+00  0.6690939E-04

       170      0  0.0000000E+00  0.0000000E+00  0.0000000E+00  0.0000000E+00  0.0000000E+00  0.0000000E+00
       170      1  0.0000000E+00  0.0000000E+00  0.0000000E+00  0.0000000E+00  0.0000000E+00  0.0000000E+00
       170      2 -0.8370138E-03 -0.8976945E-05  0.6806420E-04 -0.5171782E-04  0.1097302E-05 -0.1598329E-09
       170      3 -0.6277342E-03 -0.6733694E-05  0.5106407E-04 -0.3878459E-04  0.8773898E-06 -0.1136699E-09
       170      4 -0.4184729E-03 -0.4489720E-05  0.3405284E-04 -0.2585383E-04  0.6211994E-06 -0.7164361E-10
       170      5 -0.2092286E-03 -0.2245122E-05  0.1703124E-04 -0.1292561E-04  0.3287349E-06 -0.3375372E-10
       170      6  0.0000000E+00  0.0000000E+00  0.0000000E+00  0.0000000E+00  0.0000000E+00  0.0000000E+00
       170      7  0.2092141E-03  0.2245546E-05 -0.1704014E-04  0.1292294E-04 -0.3650019E-06  0.2961783E-10
       170      8  0.4184149E-03  0.4491417E-05 -0.3408846E-04  0.2584315E-04 -0.7662675E-06  0.5510004E-10
       170      9  0.6276037E-03  0.6737513E-05 -0.5114422E-04  0.3876056E-04 -0.1203794E-05  0.7644693E-10
       170     10  0.8367817E-03  0.8983733E-05 -0.6820669E-04  0.5167510E-04 -0.1677577E-05  0.9365880E-10
       170     11  0.3274785E-03 -0.5171385E-04 -0.8100999E-03 -0.6332901E-04  0.5759591E-05  0.2132352E-08
       170     12  0.2455015E-03 -0.3878209E-04 -0.6076020E-03 -0.4748880E-04  0.4044466E-05  0.1593724E-08
       170     13  0.1635875E-03 -0.2585266E-04 -0.4050887E-03 -0.3165238E-04  0.2512780E-05  0.1058782E-08
       170     14  0.8174944E-04 -0.1292536E-04 -0.2025560E-03 -0.1582203E-04  0.1164602E-05  0.5275371E-09
       170     15  0.0000000E+00  0.0000000E+00  0.0000000E+00  0.0000000E+00  0.0000000E+00  0.0000000E+00
       170     16 -0.8164803E-04  0.1292362E-04  0.2025834E-03  0.1581144E-04 -0.9809555E-06 -0.5238187E-09
       170     17 -0.1631819E-03  0.2584571E-04  0.4051982E-03  0.3161001E-04 -0.1778192E-05 -0.1043908E-08
       170     18 -0.2445888E-03  0.3876644E-04  0.6078484E-03  0.4739346E-04 -0.2391636E-05 -0.1560259E-08
       170     19 -0.3258559E-03  0.5168602E-04  0.8105380E-03  0.6315952E-04 -0.2821212E-05 -0.2072859E-08
       170     20 -0.2465651E-05 -0.2844596E-06 -0.1852052E-05 -0.6787926E-07 -0.2645678E+00 -0.6291399E-04
       170     21 -0.1825932E-05 -0.2137158E-06 -0.1383465E-05 -0.4827144E-07 -0.1984247E+00 -0.4718510E-04
       170     22 -0.1201755E-05 -0.1427248E-06 -0.9185799E-06 -0.3042329E-07 -0.1322825E+00 -0.3145657E-04
       170     23 -0.5931140E-06 -0.7148637E-07 -0.4574177E-06 -0.1433329E-07 -0.6614094E-01 -0.1572825E-04
       170     24  0.0000000E+00  0.0000000E+00  0.0000000E+00  0.0000000E+00  0.0000000E+00  0.0000000E+00
       170     25  0.5775951E-06  0.7173465E-07  0.4536515E-06  0.1257792E-07  0.6614043E-01  0.1572834E-04
       170     26  0.1139681E-05  0.1437179E-06  0.9035151E-06  0.2340172E-07  0.1322805E+00  0.3145691E-04
       170     27  0.1686267E-05  0.2159501E-06  0.1349569E-05  0.3247259E-07  0.1984202E+00  0.4718585E-04
       170     28  0.2217365E-05  0.2884316E-06  0.1791790E-05  0.3979161E-07  0.2645597E+00  0.6291532E-04

       180      0  0.0000000E+00  0.0000000E+00  0.0000000E+00  0.0000000E+00  0.0000000E+00  0.0000000E+00
       180      1  0.0000000E+00  0.0000000E+00  0.0000000E+00  0.0000000E+00  0.0000000E+00  0.0000000E+00
       180      2  0.4095828E-04 -0.1016319E-04  0.1855548E-03  0.1029330E-03 -0.5675330E-05 -0.1684207E-09
       180      3  0.3067854E-04 -0.7619548E-05  0.1391282E-03  0.7720181E-04 -0.4261980E-05 -0.1205736E-09
       180      4  0.2042622E-04 -0.5077829E-05  0.9272755E-04  0.5146918E-04 -0.2844977E-05 -0.7655449E-10
       180      5  0.1020036E-04 -0.2537994E-05  0.4635186E-04  0.2573520E-04 -0.1424318E-05 -0.3636337E-10
       180      6  0.0000000E+00  0.0000000E+00  0.0000000E+00  0.0000000E+00  0.0000000E+00  0.0000000E+00
       180      7 -0.1017583E-04  0.2536195E-05 -0.4632914E-04 -0.2573630E-04  0.1427980E-05  0.3253581E-10
       180      8 -0.2032810E-04  0.5070632E-05 -0.9263665E-04 -0.5147356E-04  0.2859624E-05  0.6124428E-10
       180      9 -0.3045777E-04  0.7603354E-05 -0.1389237E-03 -0.7721167E-04  0.4294932E-05  0.8612567E-10
       180     10 -0.4056579E-04  0.1013440E-04 -0.1851912E-03 -0.1029505E-03  0.5733902E-05  0.1071802E-09
       180     11  0.8909952E-03  0.1029054E-03  0.1135233E-03 -0.8416721E-05 -0.4587727E-05  0.2196663E-08
       180     12  0.6678275E-03  0.7718662E-04  0.8507125E-04 -0.6319843E-05 -0.3536488E-05  0.1644689E-08
       180     13  0.4449562E-03  0.5146241E-04  0.5666797E-04 -0.4218221E-05 -0.2421392E-05  0.1094580E-08
       180     14  0.2223556E-03  0.2573335E-04  0.2831154E-04 -0.2111669E-05 -0.1242529E-05  0.5463466E-09
       180     15  0.0000000E+00  0.0000000E+00  0.0000000E+00  0.0000000E+00  0.0000000E+00  0.0000000E+00
       180     16 -0.2221362E-03 -0.2573704E-04 -0.2826860E-04  0.2116975E-05  0.1306088E-05 -0.5444487E-09
       180     17 -0.4440788E-03 -0.5147720E-04 -0.5649623E-04  0.4239444E-05  0.2675615E-05 -0.1086988E-08
       180     18 -0.6658536E-03 -0.7721990E-04 -0.8468489E-04  0.6367600E-05  0.4108455E-05 -0.1627608E-08
       180     19 -0.8874863E-03 -0.1029646E-03 -0.1128366E-03  0.8501633E-05  0.5604470E-05 -0.2166298E-08
       180     20  0.1091327E-04  0.2973055E-06  0.2971413E-05 -0.6641604E-06 -0.2753858E+00 -0.5874627E-04
       180     21  0.8172042E-05  0.2238763E-06  0.2207023E-05 -0.5005159E-06 -0.2065382E+00 -0.4405922E-04
       180     22  0.5439397E-05  0.1498480E-06  0.1456986E-05 -0.3352725E-06 -0.1376914E+00 -0.2937260E-04
       180     23  0.2715371E-05  0.7522203E-07  0.7213098E-06 -0.1684329E-06 -0.6884537E-01 -0.1468626E-04
       180     24  0.0000000E+00  0.0000000E+00  0.0000000E+00  0.0000000E+00  0.0000000E+00  0.0000000E+00
       180     25 -0.2706683E-05 -0.7581652E-07 -0.7069369E-06  0.1700235E-06  0.6884486E-01  0.1468635E-04
       180     26 -0.5404643E-05 -0.1522259E-06 -0.1399494E-05  0.3416346E-06  0.1376893E+00  0.2937297E-04
       180     27 -0.8093846E-05 -0.2292266E-06 -0.2077666E-05  0.5148307E-06  0.2065336E+00  0.4406003E-04
       180     28 -0.1077426E-04 -0.3068168E-06 -0.2741445E-05  0.6896088E-06  0.2753777E+00  0.5874772E-04

       190      0  0.0000000E+00  0.0000000E+00  0.0000000E+00  0.0000000E+00  0.0000000E+00  0.0000000E+00
       190      1  0.0000000E+00  0.0000000E+00  0.0000000E+00  0.0000000E+00  0.0000000E+00  0.0000000E+00
       190      2  0.3694366E-03 -0.3369606E-04 -0.2667161E-03 -0.2355192E-04  0.4260004E-05 -0.1700755E-09
       190      3  0.2770822E-03 -0.2526888E-04 -0.2000252E-03 -0.1766958E-04  0.3107518E-05 -0.1210192E-09
       190      4  0.1847234E-03 -0.1684382E-04 -0.1333428E-03 -0.1178339E-04  0.2013362E-05 -0.7632131E-10
       190      5  0.9236196E-04 -0.8420856E-05 -0.6666798E-04 -0.5893492E-05  0.9775258E-06 -0.3598163E-10
       190      6  0.0000000E+00  0.0000000E+00  0.0000000E+00  0.0000000E+00  0.0000000E+00  0.0000000E+00
       190      7 -0.9236052E-04  0.8418759E-05  0.6666201E-04  0.5896954E-05 -0.9192257E-06  0.3162376E-10
       190      8 -0.1847176E-03  0.1683543E-04  0.1333189E-03  0.1179724E-04 -0.1780161E-05  0.5888988E-10
       190      9 -0.2770693E-03  0.2525001E-04  0.1999715E-03  0.1770074E-04 -0.2582816E-05  0.8179864E-10
       190     10 -0.3694135E-03  0.3366250E-04  0.2666206E-03  0.2360731E-04 -0.3327199E-05  0.1003503E-09
       190     11 -0.1278668E-02 -0.2364695E-04  0.2651556E-03 -0.1707797E-03 -0.2969277E-05  0.2292725E-08
       190     12 -0.9590231E-03 -0.1772375E-04  0.1989006E-03 -0.1280743E-03 -0.1866525E-05  0.1714419E-08
       190     13 -0.6393702E-03 -0.1180756E-04  0.1326158E-03 -0.8537655E-04 -0.1003940E-05  0.1139522E-08
       190     14 -0.3196992E-03 -0.5899324E-05  0.6631201E-04 -0.4268545E-04 -0.3817030E-06  0.5680445E-09
       190     15  0.0000000E+00  0.0000000E+00  0.0000000E+00  0.0000000E+00  0.0000000E+00  0.0000000E+00
       190     16  0.3197376E-03  0.5889462E-05 -0.6630940E-04  0.4268083E-04  0.1409764E-06 -0.5646001E-09
       190     17  0.6395238E-03  0.1176811E-04 -0.1326054E-03  0.8535804E-04  0.4102721E-07 -0.1125744E-08
       190     18  0.9593686E-03  0.1763499E-04 -0.1988770E-03  0.1280327E-03 -0.3000528E-06 -0.1683420E-08
       190     19  0.1279282E-02  0.2348915E-04 -0.2651135E-03  0.1707057E-03 -0.8824752E-06 -0.2237617E-08
       190     20 -0.7676450E-05  0.2006853E-06  0.8100244E-06 -0.1508809E-05 -0.2854441E+00 -0.5441653E-04
       190     21 -0.5757191E-05  0.1528028E-06  0.6220347E-06 -0.1132718E-05 -0.2140818E+00 -0.4081180E-04
       190     22 -0.3837980E-05  0.1033945E-06  0.4243729E-06 -0.7558893E-06 -0.1427204E+00 -0.2720761E-04
       190     23 -0.1918893E-05  0.5246024E-07  0.2170307E-06 -0.3783179E-06 -0.7135987E-01 -0.1360375E-04
       190     24  0.0000000E+00  0.0000000E+00  0.0000000E+00  0.0000000E+00  0.0000000E+00  0.0000000E+00
       190     25  0.1918625E-05 -0.5398632E-07 -0.2267267E-06  0.3790683E-06  0.7135936E-01  0.1360385E-04
       190     26  0.3836911E-05 -0.1094989E-06 -0.4631568E-06  0.7588912E-06  0.1427184E+00  0.2720801E-04
       190     27  0.5754786E-05 -0.1665378E-06 -0.7092969E-06  0.1139473E-05  0.2140772E+00  0.4081269E-04
       190     28  0.7672177E-05 -0.2251034E-06 -0.9651537E-06  0.1520816E-05  0.2854361E+00  0.5441811E-04

       200      0  0.0000000E+00  0.0000000E+00  0.0000000E+00  0.0000000E+00  0.0000000E+00  0.0000000E+00
       200      1  0.0000000E+00  0.0000000E+00  0.0000000E+00  0.0000000E+00  0.0000000E+00  0.0000000E+00
       200      2  0.3023943E-03  0.4768931E-04 -0.1097272E-03 -0.9892547E-06  0.1718774E-05 -0.1791164E-09
       200      3  0.2266138E-03  0.3576881E-04 -0.8229641E-04 -0.7458679E-06  0.1285169E-05 -0.1272797E-09
       200      4  0.1509566E-03  0.2384707E-04 -0.5486442E-04 -0.4998439E-06  0.8541644E-06 -0.8014821E-10
       200      5  0.7541957E-04  0.1192412E-04 -0.2743202E-04 -0.2512117E-06  0.4257708E-06 -0.3772171E-10
       200      6  0.0000000E+00  0.0000000E+00  0.0000000E+00  0.0000000E+00  0.0000000E+00  0.0000000E+00
       200      7 -0.7530501E-04 -0.1192528E-04  0.2743085E-04  0.2537620E-06 -0.4231364E-06  0.3301714E-10
       200      8 -0.1504983E-03 -0.2385168E-04  0.5485973E-04  0.5100451E-06 -0.8436264E-06  0.6132997E-10
       200      9 -0.2255828E-03 -0.3577919E-04  0.8228588E-04  0.7688198E-06 -0.1261458E-05  0.8493878E-10
       200     10 -0.3005613E-03 -0.4770777E-04  0.1097085E-03  0.1030057E-05 -0.1676619E-05  0.1038439E-09
       200     11 -0.5247707E-03 -0.1042452E-05  0.2584012E-03  0.2284063E-03 -0.1625606E-04  0.2364519E-08
       200     12 -0.3938573E-03 -0.7760858E-06  0.1938225E-03  0.1712978E-03 -0.1229066E-04  0.1766045E-08
       200     13 -0.2627547E-03 -0.5133120E-06  0.1292383E-03  0.1141934E-03 -0.8259576E-05  0.1172459E-08
       200     14 -0.1314675E-03 -0.2544953E-06  0.6463525E-04  0.5709381E-04 -0.4162719E-05  0.5837729E-09
       200     15  0.0000000E+00  0.0000000E+00  0.0000000E+00  0.0000000E+00  0.0000000E+00  0.0000000E+00
       200     16  0.1316432E-03  0.2498093E-06 -0.6468087E-04 -0.5708720E-04  0.4228672E-05 -0.5788478E-09
       200     17  0.2634577E-03  0.4945680E-06 -0.1294208E-03 -0.1141669E-03  0.8523391E-05 -0.1152758E-08
       200     18  0.3954389E-03  0.7339113E-06 -0.1942330E-03 -0.1712383E-03  0.1288425E-04 -0.1721720E-08
       200     19  0.5275824E-03  0.9674742E-06 -0.2591312E-03 -0.2283006E-03  0.1731135E-04 -0.2285720E-08
       200     20 -0.2061882E-05  0.1212954E-06  0.6652189E-05  0.2431557E-06 -0.2947153E+00 -0.4993672E-04
       200     21 -0.1594189E-05  0.9014284E-07  0.4990482E-05  0.1812100E-06 -0.2210350E+00 -0.3745182E-04
       200     22 -0.1094661E-05  0.5954361E-07  0.3327884E-05  0.1200320E-06 -0.1473558E+00 -0.2496757E-04
       200     23 -0.5632739E-06  0.2949644E-07  0.1664391E-05  0.5962695E-07 -0.7367755E-01 -0.1248371E-04
       200     24  0.0000000E+00  0.0000000E+00  0.0000000E+00  0.0000000E+00  0.0000000E+00  0.0000000E+00
       200     25  0.5951872E-06 -0.2894705E-07 -0.1665292E-05 -0.5884355E-07  0.7367705E-01  0.1248382E-04
       200     26  0.1222315E-05 -0.5734611E-07 -0.3331488E-05 -0.1168983E-06  0.1473538E+00  0.2496799E-04
       200     27  0.1881410E-05 -0.8519861E-07 -0.4998593E-05 -0.1741588E-06  0.2210305E+00  0.3745278E-04
       200     28  0.2572500E-05 -0.1125060E-06 -0.6666610E-05 -0.2306193E-06  0.2947073E+00  0.4993842E-04
