# number of spin vectors:      29
# iteration vector   S_X            S_Y            S_Z
         0      0  0.0000000E+00  0.0000000E+00  0.0000000E+00
         0      1  0.0000000E+00  0.1000000E+01  0.6123234E-16
         0      2  0.0000000E+00  0.1000000E+01  0.6123234E-16
         0      3  0.0000000E+00  0.1000000E+01  0.6123234E-16
         0      4  0.0000000E+00  0.1000000E+01  0.6123234E-16
         0      5  0.0000000E+00  0.1000000E+01  0.6123234E-16
         0      6  0.0000000E+00  0.1000000E+01  0.6123234E-16
         0      7  0.0000000E+00  0.1000000E+01  0.6123234E-16
         0      8  0.0000000E+00  0.1000000E+01  0.6123234E-16
         0      9  0.0000000E+00  0.1000000E+01  0.6123234E-16
         0     10  0.0000000E+00  0.1000000E+01  0.6123234E-16
         0     11  0.0000000E+00  0.1000000E+01  0.6123234E-16
         0     12  0.0000000E+00  0.1000000E+01  0.6123234E-16
         0     13  0.0000000E+00  0.1000000E+01  0.6123234E-16
         0     14  0.0000000E+00  0.1000000E+01  0.6123234E-16
         0     15  0.0000000E+00  0.1000000E+01  0.6123234E-16
         0     16  0.0000000E+00  0.1000000E+01  0.6123234E-16
         0     17  0.0000000E+00  0.1000000E+01  0.6123234E-16
         0     18  0.0000000E+00  0.1000000E+01  0.6123234E-16
         0     19  0.0000000E+00  0.1000000E+01  0.6123234E-16
         0     20  0.0000000E+00  0.1000000E+01  0.6123234E-16
         0     21  0.0000000E+00  0.1000000E+01  0.6123234E-16
         0     22  0.0000000E+00  0.1000000E+01  0.6123234E-16
         0     23  0.0000000E+00  0.1000000E+01  0.6123234E-16
         0     24  0.0000000E+00  0.1000000E+01  0.6123234E-16
         0     25  0.0000000E+00  0.1000000E+01  0.6123234E-16
         0     26  0.0000000E+00  0.1000000E+01  0.6123234E-16
         0     27  0.0000000E+00  0.1000000E+01  0.6123234E-16
         0     28  0.0000000E+00  0.1000000E+01  0.6123234E-16

        10      0  0.0000000E+00  0.0000000E+00  0.0000000E+00
        10      1 -0.4609562E-16  0.1000000E+01 -0.4030625E-16
        10      2  0.2277002E-07  0.1000000E+01 -0.6033810E-04
        10      3  0.1399000E-07  0.1000000E+01 -0.4526000E-04
        10      4  0.7268114E-08  0.1000000E+01 -0.3017763E-04
        10      5  0.2604707E-08  0.1000000E+01 -0.1509097E-04
        10      6 -0.4609562E-16  0.1000000E+01 -0.4030625E-16
        10      7 -0.5459213E-09  0.1000000E+01  0.1509532E-04
        10      8  0.9668896E-09  0.1000000E+01  0.3019500E-04
        10      9  0.4538236E-08  0.1000000E+01  0.4529907E-04
        10     10  0.1016777E-07  0.1000000E+01  0.6040754E-04
        10     11 -0.1661774E-05  0.1000000E+01  0.8091105E-04
        10     12 -0.1247337E-05  0.1000000E+01  0.6067827E-04
        10     13 -0.8321681E-06  0.1000000E+01  0.4044949E-04
        10     14 -0.4163598E-06  0.1000000E+01  0.2022372E-04
        10     15 -0.4609562E-16  0.1000000E+01 -0.4030625E-16
        10     16  0.4168257E-06  0.1000000E+01 -0.2022265E-04
        10     17  0.8340346E-06  0.1000000E+01 -0.4044519E-04
        10     18  0.1251547E-05  0.1000000E+01 -0.6066859E-04
        10     19  0.1669285E-05  0.1000000E+01 -0.8089379E-04
        10     20  0.1544844E-04  0.1000000E+01 -0.5588114E-05
        10     21  0.1158470E-04  0.1000000E+01 -0.4188451E-05
        10     22  0.7722049E-05  0.1000000E+01 -0.2790787E-05
        10     23  0.3860484E-05  0.1000000E+01 -0.1394759E-05
        10     24 -0.4609562E-16  0.1000000E+01 -0.4030625E-16
        10     25 -0.3859407E-05  0.1000000E+01  0.1393856E-05
        10     26 -0.7717743E-05  0.1000000E+01  0.2787178E-05
        10     27 -0.1157501E-04  0.1000000E+01  0.4180332E-05
        10     28 -0.1543122E-04  0.1000000E+01  0.5573686E-05

        20      0  0.0000000E+00  0.0000000E+00  0.0000000E+00
        20      1  0.6068497E-16  0.1000000E+01 -0.8169088E-17
        20      2 -0.2642200E-06  0.1000000E+01  0.6264644E-05
        20      3 -0.1965767E-06  0.1000000E+01  0.4722509E-05
        20      4 -0.1299905E-06  0.1000000E+01  0.3164951E-05
        20      5 -0.6446416E-07  0.1000000E+01  0.1591079E-05
        20      6  0.6068497E-16  0.1000000E+01 -0.8169088E-17
        20      7  0.6339999E-07  0.1000000E+01 -0.1609178E-05
        20      8  0.1257342E-06  0.1000000E+01 -0.3237349E-05
        20      9  0.1870014E-06  0.1000000E+01 -0.4885407E-05
        20     10  0.2472007E-06  0.1000000E+01 -0.6554246E-05
        20     11  0.1873117E-05  0.1000000E+01  0.6492411E-04
        20     12  0.1389168E-05  0.1000000E+01  0.4870537E-04
        20     13  0.9156840E-06  0.1000000E+01  0.3247697E-04
        20     14  0.4526373E-06  0.1000000E+01  0.1624111E-04
        20     15  0.6068497E-16  0.1000000E+01 -0.8169088E-17
        20     16 -0.4422553E-06  0.1000000E+01 -0.1624410E-04
        20     17 -0.8741557E-06  0.1000000E+01 -0.3248890E-04
        20     18 -0.1295728E-05  0.1000000E+01 -0.4873211E-04
        20     19 -0.1706999E-05  0.1000000E+01 -0.6497137E-04
        20     20  0.1050503E-04  0.1000000E+01  0.1032502E-04
        20     21  0.7878249E-05  0.1000000E+01  0.7745331E-05
        20     22  0.5251819E-05  0.1000000E+01  0.5164976E-05
        20     23  0.2625737E-05  0.1000000E+01  0.2583380E-05
        20     24  0.6068497E-16  0.1000000E+01 -0.8169088E-17
        20     25 -0.2625395E-05  0.1000000E+01 -0.2585667E-05
        20     26 -0.5250450E-05  0.1000000E+01 -0.5174086E-05
        20     27 -0.7875168E-05  0.1000000E+01 -0.7765676E-05
        20     28 -0.1049955E-04  0.1000000E+01 -0.1036081E-04

        30      0  0.0000000E+00  0.0000000E+00  0.0000000E+00
        30      1 -0.3379626E-16  0.1000000E+01  0.5106087E-16
        30      2  0.4002028E-06  0.1000000E+01  0.2313746E-04
        30      3  0.2995956E-06  0.1000000E+01  0.1734580E-04
        30      4  0.1993563E-06  0.1000000E+01  0.1155883E-04
        30      5  0.9948968E-07  0.1000000E+01  0.5776803E-05
        30      6 -0.3379626E-16  0.1000000E+01  0.5106087E-16
        30      7 -0.9910861E-07  0.1000000E+01 -0.5771313E-05
        30      8 -0.1978323E-06  0.1000000E+01 -0.1153687E-04
        30      9 -0.2961676E-06  0.1000000E+01 -0.1729639E-04
        30     10 -0.3941112E-06  0.1000000E+01 -0.2304960E-04
        30     11 -0.2430476E-06  0.1000000E+01 -0.1592329E-03
        30     12 -0.1824986E-06  0.1000000E+01 -0.1193580E-03
        30     13 -0.1218987E-06  0.1000000E+01 -0.7953317E-04
        30     14 -0.6110763E-07  0.1000000E+01 -0.3974997E-04
        30     15 -0.3379626E-16  0.1000000E+01  0.5106087E-16
        30     16  0.6153492E-07  0.1000000E+01  0.3972516E-04
        30     17  0.1235929E-06  0.1000000E+01  0.7943391E-04
        30     18  0.1862549E-06  0.1000000E+01  0.1191346E-03
        30     19  0.2495868E-06  0.1000000E+01  0.1588356E-03
        30     20  0.1447849E-05  0.1000000E+01 -0.4781105E-05
        30     21  0.1085283E-05  0.1000000E+01 -0.3565766E-05
        30     22  0.7231118E-06  0.1000000E+01 -0.2363723E-05
        30     23  0.3613473E-06  0.1000000E+01 -0.1175085E-05
        30     24 -0.3379626E-16  0.1000000E+01  0.5106087E-16
        30     25 -0.3609203E-06  0.1000000E+01  0.1161344E-05
        30     26 -0.7214043E-06  0.1000000E+01  0.2308719E-05
        30     27 -0.1081443E-05  0.1000000E+01  0.3441858E-05
        30     28 -0.1441028E-05  0.1000000E+01  0.4560458E-05

        40      0  0.0000000E+00  0.0000000E+00  0.0000000E+00
        40      1 -0.1619213E-16  0.1000000E+01 -0.5905264E-16
        40      2 -0.2614896E-06  0.1000000E+01  0.5487055E-04
        40      3 -0.2013765E-06  0.1000000E+01  0.4115308E-04
        40      4 -0.1377448E-06  0.1000000E+01  0.2743503E-04
        40      5 -0.7061330E-07  0.1000000E+01  0.1371711E-04
        40      6 -0.1619213E-16  0.1000000E+01 -0.5905264E-16
        40      7  0.7407751E-07  0.1000000E+01 -0.1371559E-04
        40      8  0.1516022E-06  0.1000000E+01 -0.2742895E-04
        40      9  0.2325578E-06  0.1000000E+01 -0.4113937E-04
        40     10  0.3169282E-06  0.1000000E+01 -0.5484615E-04
        40     11 -0.1685510E-05  0.1000000E+01  0.3381034E-04
        40     12 -0.1257478E-05  0.1000000E+01  0.2527593E-04
        40     13 -0.8337523E-06  0.1000000E+01  0.1680419E-04
        40     14 -0.4145319E-06  0.1000000E+01  0.8382939E-05
        40     15 -0.1619213E-16  0.1000000E+01 -0.5905264E-16
        40     16  0.4096789E-06  0.1000000E+01 -0.8356834E-05
        40     17  0.8143582E-06  0.1000000E+01 -0.1669977E-04
        40     18  0.1213909E-05  0.1000000E+01 -0.2504102E-04
        40     19  0.1608222E-05  0.1000000E+01 -0.3339279E-04
        40     20  0.1809606E-04  0.1000000E+01 -0.2033340E-05
        40     21  0.1357014E-04  0.1000000E+01 -0.1553280E-05
        40     22  0.9045508E-05  0.1000000E+01 -0.1053920E-05
        40     23  0.4522133E-05  0.1000000E+01 -0.5359041E-06
        40     24 -0.1619213E-16  0.1000000E+01 -0.5905264E-16
        40     25 -0.4520909E-05  0.1000000E+01  0.5528983E-06
        40     26 -0.9040611E-05  0.1000000E+01  0.1121772E-05
        40     27 -0.1355912E-04  0.1000000E+01  0.1705479E-05
        40     28 -0.1807645E-04  0.1000000E+01  0.2302751E-05

        50      0  0.0000000E+00  0.0000000E+00  0.0000000E+00
        50      1  0.5511323E-16  0.1000000E+01  0.2668205E-16
        50      2  0.4533970E-08  0.1000000E+01 -0.8276491E-04
        50      3  0.6909401E-08  0.1000000E+01 -0.6208970E-04
        50      4  0.6933353E-08  0.1000000E+01 -0.4140447E-04
        50      5  0.4624251E-08  0.1000000E+01 -0.2070823E-04
        50      6  0.5511323E-16  0.1000000E+01  0.2668205E-16
        50      7 -0.6922010E-08  0.1000000E+01  0.2072120E-04
        50      8 -0.1612490E-07  0.1000000E+01  0.4145634E-04
        50      9 -0.2759232E-07  0.1000000E+01  0.6220639E-04
        50     10 -0.4130840E-07  0.1000000E+01  0.8297231E-04
        50     11  0.2311808E-05  0.1000000E+01 -0.1556672E-05
        50     12  0.1712787E-05  0.1000000E+01 -0.1171162E-05
        50     13  0.1127663E-05  0.1000000E+01 -0.7779716E-06
        50     14  0.5566623E-06  0.1000000E+01 -0.3849738E-06
        50     15  0.5511323E-16  0.1000000E+01  0.2668205E-16
        50     16 -0.5421259E-06  0.1000000E+01  0.3691614E-06
        50     17 -0.1069532E-05  0.1000000E+01  0.7147687E-06
        50     18 -0.1582049E-05  0.1000000E+01  0.1029131E-05
        50     19 -0.2079525E-05  0.1000000E+01  0.1304609E-05
        50     20  0.4940247E-05  0.1000000E+01  0.9075905E-05
        50     21  0.3705880E-05  0.1000000E+01  0.6809567E-05
        50     22  0.2471040E-05  0.1000000E+01  0.4540330E-05
        50     23  0.1235742E-05  0.1000000E+01  0.2269873E-05
        50     24  0.5511323E-16  0.1000000E+01  0.2668205E-16
        50     25 -0.1236172E-05  0.1000000E+01 -0.2267391E-05
        50     26 -0.2472765E-05  0.1000000E+01 -0.4530347E-05
        50     27 -0.3709767E-05  0.1000000E+01 -0.6786890E-05
        50     28 -0.4947172E-05  0.1000000E+01 -0.9035055E-05

        60      0  0.0000000E+00  0.0000000E+00  0.0000000E+00
        60      1 -0.5636454E-16  0.1000000E+01  0.2392567E-16
        60      2  0.3619611E-06  0.1000000E+01  0.9971680E-05
        60      3  0.2706391E-06  0.1000000E+01  0.7483799E-05
        60      4  0.1798803E-06  0.1000000E+01  0.4993617E-05
        60      5  0.8967161E-07  0.1000000E+01  0.2499546E-05
        60      6 -0.5636454E-16  0.1000000E+01  0.2392567E-16
        60      7 -0.8914740E-07  0.1000000E+01 -0.2506609E-05
        60      8 -0.1777834E-06  0.1000000E+01 -0.5021866E-05
        60      9 -0.2659208E-06  0.1000000E+01 -0.7547355E-05
        60     10 -0.3535722E-06  0.1000000E+01 -0.1008466E-04
        60     11 -0.9223797E-06  0.1000000E+01  0.1619590E-03
        60     12 -0.6966151E-06  0.1000000E+01  0.1215134E-03
        60     13 -0.4674796E-06  0.1000000E+01  0.8103028E-04
        60     14 -0.2352027E-06  0.1000000E+01  0.4052178E-04
        60     15 -0.5636454E-16  0.1000000E+01  0.2392567E-16
        60     16  0.2379270E-06  0.1000000E+01 -0.4052296E-04
        60     17  0.4783908E-06  0.1000000E+01 -0.8103500E-04
        60     18  0.7212184E-06  0.1000000E+01 -0.1215240E-03
        60     19  0.9662508E-06  0.1000000E+01 -0.1619777E-03
        60     20  0.5231678E-05  0.1000000E+01 -0.6904947E-05
        60     21  0.3921566E-05  0.1000000E+01 -0.5181634E-05
        60     22  0.2612931E-05  0.1000000E+01 -0.3456924E-05
        60     23  0.1305750E-05  0.1000000E+01 -0.1730003E-05
        60     24 -0.5636454E-16  0.1000000E+01  0.2392567E-16
        60     25 -0.1304342E-05  0.1000000E+01  0.1734049E-05
        60     26 -0.2607299E-05  0.1000000E+01  0.3473241E-05
        60     27 -0.3908895E-05  0.1000000E+01  0.5218833E-05
        60     28 -0.5209153E-05  0.1000000E+01  0.6972270E-05

        70      0  0.0000000E+00  0.0000000E+00  0.0000000E+00
        70      1  0.1909080E-16  0.1000000E+01 -0.5818024E-16
        70      2 -0.7210155E-06  0.1000000E+01 -0.3712307E-05
        70      3 -0.5472597E-06  0.1000000E+01 -0.2770899E-05
        70      4 -0.3691808E-06  0.1000000E+01 -0.1837389E-05
        70      5 -0.1867653E-06  0.1000000E+01 -0.9132603E-06
        70      6  0.1909080E-16  0.1000000E+01 -0.5818024E-16
        70      7  0.1911278E-06  0.1000000E+01  0.9009060E-06
        70      8  0.3866306E-06  0.1000000E+01  0.1787971E-05
        70      9  0.5865206E-06  0.1000000E+01  0.2659708E-05
        70     10  0.7908094E-06  0.1000000E+01  0.3514632E-05
        70     11 -0.1326229E-05  0.1000000E+01 -0.1778010E-03
        70     12 -0.9809429E-06  0.1000000E+01 -0.1333625E-03
        70     13 -0.6448911E-06  0.1000000E+01 -0.8892384E-04
        70     14 -0.3179519E-06  0.1000000E+01 -0.4447355E-04
        70     15  0.1909080E-16  0.1000000E+01 -0.5818024E-16
        70     16  0.3090938E-06  0.1000000E+01  0.4450844E-04
        70     17  0.6094620E-06  0.1000000E+01  0.8906340E-04
        70     18  0.9012406E-06  0.1000000E+01  0.1336765E-03
        70     19  0.1184569E-05  0.1000000E+01  0.1783592E-03
        70     20  0.1754397E-04  0.1000000E+01  0.2901371E-05
        70     21  0.1315732E-04  0.1000000E+01  0.2214678E-05
        70     22  0.8771095E-05  0.1000000E+01  0.1503975E-05
        70     23  0.4385314E-05  0.1000000E+01  0.7665464E-06
        70     24  0.1909080E-16  0.1000000E+01 -0.5818024E-16
        70     25 -0.4384823E-05  0.1000000E+01 -0.7977230E-06
        70     26 -0.8769130E-05  0.1000000E+01 -0.1628326E-05
        70     27 -0.1315290E-04  0.1000000E+01 -0.2493130E-05
        70     28 -0.1753610E-04  0.1000000E+01 -0.3393049E-05

        80      0  0.0000000E+00  0.0000000E+00  0.0000000E+00
        80      1  0.3123146E-16  0.1000000E+01  0.5266873E-16
        80      2  0.8641159E-06  0.1000000E+01  0.7899243E-04
        80      3  0.6527167E-06  0.1000000E+01  0.5922866E-04
        80      4  0.4382381E-06  0.1000000E+01  0.3947391E-04
        80      5  0.2206694E-06  0.1000000E+01  0.1973030E-04
        80      6  0.3123146E-16  0.1000000E+01  0.5266873E-16
        80      7 -0.2237804E-06  0.1000000E+01 -0.1971485E-04
        80      8 -0.4506822E-06  0.1000000E+01 -0.3941210E-04
        80      9 -0.6807153E-06  0.1000000E+01 -0.5908957E-04
        80     10 -0.9138898E-06  0.1000000E+01 -0.7874509E-04
        80     11  0.3334468E-05  0.1000000E+01  0.1841601E-04
        80     12  0.2476588E-05  0.1000000E+01  0.1379601E-04
        80     13  0.1634889E-05  0.1000000E+01  0.9189505E-05
        80     14  0.8093677E-06  0.1000000E+01  0.4592257E-05
        80     15  0.3123146E-16  0.1000000E+01  0.5266873E-16
        80     16 -0.7932535E-06  0.1000000E+01 -0.4591555E-05
        80     17 -0.1570449E-05  0.1000000E+01 -0.9186726E-05
        80     18 -0.2331660E-05  0.1000000E+01 -0.1378986E-04
        80     19 -0.3076975E-05  0.1000000E+01 -0.1840533E-04
        80     20  0.4989839E-06  0.1000000E+01  0.5406516E-05
        80     21  0.3745709E-06  0.1000000E+01  0.4033656E-05
        80     22  0.2499459E-06  0.1000000E+01  0.2675110E-05
        80     23  0.1250945E-06  0.1000000E+01  0.1330833E-05
        80     24  0.3123146E-16  0.1000000E+01  0.5266873E-16
        80     25 -0.1253556E-06  0.1000000E+01 -0.1318979E-05
        80     26 -0.2509907E-06  0.1000000E+01 -0.2628425E-05
        80     27 -0.3769231E-06  0.1000000E+01 -0.3931340E-05
        80     28 -0.5031698E-06  0.1000000E+01 -0.5231351E-05

        90      0  0.0000000E+00  0.0000000E+00  0.0000000E+00
        90      1 -0.6020709E-16  0.1000000E+01 -0.1115824E-16
        90      2 -0.6364961E-06  0.1000000E+01 -0.6538723E-04
        90      3 -0.4789458E-06  0.1000000E+01 -0.4904743E-04
        90      4 -0.3203510E-06  0.1000000E+01 -0.3270372E-04
        90      5 -0.1607048E-06  0.1000000E+01 -0.1635496E-04
        90      6 -0.6020709E-16  0.1000000E+01 -0.1115824E-16
        90      7  0.1617704E-06  0.1000000E+01  0.1636227E-04
        90      8  0.3246137E-06  0.1000000E+01  0.3273298E-04
        90      9  0.4885373E-06  0.1000000E+01  0.4911322E-04
        90     10  0.6535485E-06  0.1000000E+01  0.6550409E-04
        90     11 -0.3808917E-05  0.1000000E+01 -0.2592429E-04
        90     12 -0.2862751E-05  0.1000000E+01 -0.1954736E-04
        90     13 -0.1912558E-05  0.1000000E+01 -0.1307770E-04
        90     14 -0.9583176E-06  0.1000000E+01 -0.6550252E-05
        90     15 -0.6020709E-16  0.1000000E+01 -0.1115824E-16
        90     16  0.9624290E-06  0.1000000E+01  0.6538057E-05
        90     17  0.1929009E-05  0.1000000E+01  0.1302891E-04
        90     18  0.2899787E-05  0.1000000E+01  0.1943758E-04
        90     19  0.3874810E-05  0.1000000E+01  0.2572909E-04
        90     20  0.1000135E-04  0.1000000E+01 -0.8918489E-05
        90     21  0.7498474E-05  0.1000000E+01 -0.6719317E-05
        90     22  0.4997299E-05  0.1000000E+01 -0.4499585E-05
        90     23  0.2497810E-05  0.1000000E+01 -0.2259736E-05
        90     24 -0.6020709E-16  0.1000000E+01 -0.1115824E-16
        90     25 -0.2496132E-05  0.1000000E+01  0.2279495E-05
        90     26 -0.4990584E-05  0.1000000E+01  0.4578597E-05
        90     27 -0.7483351E-05  0.1000000E+01  0.6896996E-05
        90     28 -0.9974425E-05  0.1000000E+01  0.9234088E-05

       100      0  0.0000000E+00  0.0000000E+00  0.0000000E+00
       100      1  0.4803128E-16  0.1000000E+01 -0.3797888E-16
       100      2  0.3461856E-06  0.1000000E+01 -0.1541361E-04
       100      3  0.2539687E-06  0.1000000E+01 -0.1156669E-04
       100      4  0.1655315E-06  0.1000000E+01 -0.7715399E-05
       100      5  0.8087499E-07  0.1000000E+01 -0.3859809E-05
       100      6  0.4803128E-16  0.1000000E+01 -0.3797888E-16
       100      7 -0.7709275E-07  0.1000000E+01  0.3863949E-05
       100      8 -0.1504027E-06  0.1000000E+01  0.7731955E-05
       100      9 -0.2199293E-06  0.1000000E+01  0.1160393E-04
       100     10 -0.2856723E-06  0.1000000E+01  0.1547979E-04
       100     11  0.2557532E-05  0.1000000E+01  0.1611010E-03
       100     12  0.1931555E-05  0.1000000E+01  0.1209317E-03
       100     13  0.1296629E-05  0.1000000E+01  0.8067251E-04
       100     14  0.6527728E-06  0.1000000E+01  0.4035234E-04
       100     15  0.4803128E-16  0.1000000E+01 -0.3797888E-16
       100     16 -0.6616830E-06  0.1000000E+01 -0.4035578E-04
       100     17 -0.1332275E-05  0.1000000E+01 -0.8068624E-04
       100     18 -0.2011778E-05  0.1000000E+01 -0.1209626E-03
       100     19 -0.2700200E-05  0.1000000E+01 -0.1611559E-03
       100     20  0.1384076E-04  0.1000000E+01  0.9052283E-05
       100     21  0.1038061E-04  0.1000000E+01  0.6803574E-05
       100     22  0.6920420E-05  0.1000000E+01  0.4540752E-05
       100     23  0.3460216E-05  0.1000000E+01  0.2270592E-05
       100     24  0.4803128E-16  0.1000000E+01 -0.3797888E-16
       100     25 -0.3460232E-05  0.1000000E+01 -0.2264024E-05
       100     26 -0.6920491E-05  0.1000000E+01 -0.4514424E-05
       100     27 -0.1038080E-04  0.1000000E+01 -0.6744145E-05
       100     28 -0.1384117E-04  0.1000000E+01 -0.8946208E-05

       110      0  0.0000000E+00  0.0000000E+00  0.0000000E+00
       110      1 -0.3026188E-17  0.1000000E+01  0.6115752E-16
       110      2 -0.2161145E-06  0.1000000E+01 -0.2955901E-05
       110      3 -0.1583432E-06  0.1000000E+01 -0.2192155E-05
       110      4 -0.1030638E-06  0.1000000E+01 -0.1441669E-05
       110      5 -0.5028108E-07  0.1000000E+01 -0.7093226E-06
       110      6 -0.3026188E-17  0.1000000E+01  0.6115752E-16
       110      7  0.4777467E-07  0.1000000E+01  0.6814133E-06
       110      8  0.9303812E-07  0.1000000E+01  0.1330031E-05
       110      9  0.1357856E-06  0.1000000E+01  0.1940969E-05
       110     10  0.1760122E-06  0.1000000E+01  0.2509344E-05
       110     11 -0.2230706E-06  0.1000000E+01 -0.9261524E-04
       110     12 -0.1873529E-06  0.1000000E+01 -0.6950647E-04
       110     13 -0.1382529E-06  0.1000000E+01 -0.4637246E-04
       110     14 -0.7579244E-07  0.1000000E+01 -0.2320605E-04
       110     15 -0.3026188E-17  0.1000000E+01  0.6115752E-16
       110     16  0.8908831E-07  0.1000000E+01  0.2325292E-04
       110     17  0.1914287E-06  0.1000000E+01  0.4655989E-04
       110     18  0.3069695E-06  0.1000000E+01  0.6992798E-04
       110     19  0.4356509E-06  0.1000000E+01  0.9336412E-04
       110     20 -0.1499465E-05  0.1000000E+01 -0.3485489E-06
       110     21 -0.1124551E-05  0.1000000E+01 -0.2348122E-06
       110     22 -0.7496483E-06  0.1000000E+01 -0.1345987E-06
       110     23 -0.3747902E-06  0.1000000E+01 -0.5445295E-07
       110     24 -0.3026188E-17  0.1000000E+01  0.6115752E-16
       110     25  0.3747092E-06  0.1000000E+01  0.2425699E-07
       110     26  0.7493325E-06  0.1000000E+01  0.1511783E-07
       110     27  0.1123871E-05  0.1000000E+01 -0.2915736E-07
       110     28  0.1498331E-05  0.1000000E+01 -0.1087186E-06

       120      0  0.0000000E+00  0.0000000E+00  0.0000000E+00
       120      1 -0.4404730E-16  0.1000000E+01 -0.4253510E-16
       120      2  0.2729207E-06  0.1000000E+01  0.6443653E-04
       120      3  0.2027916E-06  0.1000000E+01  0.4831071E-04
       120      4  0.1339244E-06  0.1000000E+01  0.3219367E-04
       120      5  0.6632530E-07  0.1000000E+01  0.1608894E-04
       120      6 -0.4404730E-16  0.1000000E+01 -0.4253510E-16
       120      7 -0.6504592E-07  0.1000000E+01 -0.1606963E-04
       120      8 -0.1288072E-06  0.1000000E+01 -0.3211644E-04
       120      9 -0.1912787E-06  0.1000000E+01 -0.4813689E-04
       120     10 -0.2524558E-06  0.1000000E+01 -0.6412746E-04
       120     11 -0.1247875E-05  0.1000000E+01 -0.6665771E-04
       120     12 -0.9433364E-06  0.1000000E+01 -0.4985798E-04
       120     13 -0.6339345E-06  0.1000000E+01 -0.3316130E-04
       120     14 -0.3195367E-06  0.1000000E+01 -0.1654842E-04
       120     15 -0.4404730E-16  0.1000000E+01 -0.4253510E-16
       120     16  0.3248305E-06  0.1000000E+01  0.1650328E-04
       120     17  0.6551221E-06  0.1000000E+01  0.3298069E-04
       120     18  0.9910548E-06  0.1000000E+01  0.4945135E-04
       120     19  0.1332822E-05  0.1000000E+01  0.6593417E-04
       120     20  0.1401808E-04  0.1000000E+01 -0.6331108E-05
       120     21  0.1051034E-04  0.1000000E+01 -0.4723451E-05
       120     22  0.7004717E-05  0.1000000E+01 -0.3132141E-05
       120     23  0.3501256E-05  0.1000000E+01 -0.1557314E-05
       120     24 -0.4404730E-16  0.1000000E+01 -0.4253510E-16
       120     25 -0.3499018E-05  0.1000000E+01  0.1537868E-05
       120     26 -0.6995774E-05  0.1000000E+01  0.3053519E-05
       120     27 -0.1049025E-04  0.1000000E+01  0.4543485E-05
       120     28 -0.1398244E-04  0.1000000E+01  0.6003805E-05

       130      0  0.0000000E+00  0.0000000E+00  0.0000000E+00
       130      1  0.6101454E-16  0.1000000E+01 -0.5159970E-17
       130      2 -0.3981501E-06  0.1000000E+01 -0.1496433E-04
       130      3 -0.3020820E-06  0.1000000E+01 -0.1122498E-04
       130      4 -0.2036893E-06  0.1000000E+01 -0.7485228E-05
       130      5 -0.1029895E-06  0.1000000E+01 -0.3743948E-05
       130      6  0.6101454E-16  0.1000000E+01 -0.5159970E-17
       130      7  0.1052617E-06  0.1000000E+01  0.3747750E-05
       130      8  0.2127777E-06  0.1000000E+01  0.7500431E-05
       130      9  0.3225300E-06  0.1000000E+01  0.1125917E-04
       130     10  0.4345006E-06  0.1000000E+01  0.1502509E-04
       130     11  0.1074308E-05  0.1000000E+01  0.6765143E-05
       130     12  0.8118071E-06  0.1000000E+01  0.4858884E-05
       130     13  0.5454194E-06  0.1000000E+01  0.3140394E-05
       130     14  0.2748974E-06  0.1000000E+01  0.1543017E-05
       130     15  0.6101454E-16  0.1000000E+01 -0.5159970E-17
       130     16 -0.2795074E-06  0.1000000E+01 -0.1555471E-05
       130     17 -0.5638538E-06  0.1000000E+01 -0.3190222E-05
       130     18 -0.8532637E-06  0.1000000E+01 -0.4971051E-05
       130     19 -0.1147957E-05  0.1000000E+01 -0.6964682E-05
       130     20  0.7994551E-05  0.1000000E+01  0.9575706E-05
       130     21  0.5997733E-05  0.1000000E+01  0.7093690E-05
       130     22  0.3999761E-05  0.1000000E+01  0.4672472E-05
       130     23  0.2000544E-05  0.1000000E+01  0.2309197E-05
       130     24  0.6101454E-16  0.1000000E+01 -0.5159970E-17
       130     25 -0.2001939E-05  0.1000000E+01 -0.2260033E-05
       130     26 -0.4005328E-05  0.1000000E+01 -0.4476936E-05
       130     27 -0.6010210E-05  0.1000000E+01 -0.6657929E-05
       130     28 -0.8016617E-05  0.1000000E+01 -0.8811484E-05

       140      0  0.0000000E+00  0.0000000E+00  0.0000000E+00
       140      1 -0.3627846E-16  0.1000000E+01  0.4932821E-16
       140      2  0.6147455E-06  0.1000000E+01 -0.5620946E-04
       140      3  0.4622444E-06  0.1000000E+01 -0.4215100E-04
       140      4  0.3089305E-06  0.1000000E+01 -0.2809822E-04
       140      5  0.1548378E-06  0.1000000E+01 -0.1404868E-04
       140      6 -0.3627846E-16  0.1000000E+01  0.4932821E-16
       140      7 -0.1555490E-06  0.1000000E+01  0.1405023E-04
       140      8 -0.3117754E-06  0.1000000E+01  0.2810438E-04
       140      9 -0.4686455E-06  0.1000000E+01  0.4216482E-04
       140     10 -0.6261257E-06  0.1000000E+01  0.5623390E-04
       140     11  0.4850459E-06  0.1000000E+01  0.9463129E-04
       140     12  0.3543887E-06  0.1000000E+01  0.7108098E-04
       140     13  0.2298103E-06  0.1000000E+01  0.4743726E-04
       140     14  0.1115926E-06  0.1000000E+01  0.2373276E-04
       140     15 -0.3627846E-16  0.1000000E+01  0.4932821E-16
       140     16 -0.1047205E-06  0.1000000E+01 -0.2372849E-04
       140     17 -0.2023383E-06  0.1000000E+01 -0.4742012E-04
       140     18 -0.2926385E-06  0.1000000E+01 -0.7104218E-04
       140     19 -0.3754212E-06  0.1000000E+01 -0.9456173E-04
       140     20 -0.5729759E-06  0.1000000E+01 -0.4324397E-05
       140     21 -0.4315192E-06  0.1000000E+01 -0.3199322E-05
       140     22 -0.2889227E-06  0.1000000E+01 -0.2110717E-05
       140     23 -0.1451057E-06  0.1000000E+01 -0.1048107E-05
       140     24 -0.3627846E-16  0.1000000E+01  0.4932821E-16
       140     25  0.1464485E-06  0.1000000E+01  0.1045677E-05
       140     26  0.2942799E-06  0.1000000E+01  0.2101127E-05
       140     27  0.4435206E-06  0.1000000E+01  0.3178193E-05
       140     28  0.5941841E-06  0.1000000E+01  0.4287858E-05

       150      0  0.0000000E+00  0.0000000E+00  0.0000000E+00
       150      1 -0.1325387E-16  0.1000000E+01 -0.5978072E-16
       150      2 -0.6788780E-06  0.1000000E+01  0.1277710E-04
       150      3 -0.5111081E-06  0.1000000E+01  0.9591158E-05
       150      4 -0.3420097E-06  0.1000000E+01  0.6404645E-05
       150      5 -0.1716261E-06  0.1000000E+01  0.3210083E-05
       150      6 -0.1325387E-16  0.1000000E+01 -0.5978072E-16
       150      7  0.1728265E-06  0.1000000E+01 -0.3233074E-05
       150      8  0.3468117E-06  0.1000000E+01 -0.6496602E-05
       150      9  0.5219147E-06  0.1000000E+01 -0.9798037E-05
       150     10  0.6980950E-06  0.1000000E+01 -0.1314482E-04
       150     11 -0.2069245E-05  0.1000000E+01  0.3428224E-04
       150     12 -0.1564457E-05  0.1000000E+01  0.2573523E-04
       150     13 -0.1050997E-05  0.1000000E+01  0.1716481E-04
       150     14 -0.5293544E-06  0.1000000E+01  0.8582547E-05
       150     15 -0.1325387E-16  0.1000000E+01 -0.5978072E-16
       150     16  0.5366133E-06  0.1000000E+01 -0.8571243E-05
       150     17  0.1080050E-05  0.1000000E+01 -0.1711956E-04
       150     18  0.1629892E-05  0.1000000E+01 -0.2563327E-04
       150     19  0.2185737E-05  0.1000000E+01 -0.3410061E-04
       150     20  0.1566768E-04  0.1000000E+01 -0.1303491E-05
       150     21  0.1174816E-04  0.1000000E+01 -0.9784027E-06
       150     22  0.7830439E-05  0.1000000E+01 -0.6506148E-06
       150     23  0.3914415E-05  0.1000000E+01 -0.3235764E-06
       150     24 -0.1325387E-16  0.1000000E+01 -0.5978072E-16
       150     25 -0.3912888E-05  0.1000000E+01  0.3186384E-06
       150     26 -0.7824322E-05  0.1000000E+01  0.6325203E-06
       150     27 -0.1173437E-04  0.1000000E+01  0.9438007E-06
       150     28 -0.1564308E-04  0.1000000E+01  0.1256797E-05

       160      0  0.0000000E+00  0.0000000E+00  0.0000000E+00
       160      1  0.5372721E-16  0.1000000E+01  0.2937322E-16
       160      2  0.4000889E-06  0.1000000E+01  0.2847027E-04
       160      3  0.2993065E-06  0.1000000E+01  0.2134028E-04
       160      4  0.1990043E-06  0.1000000E+01  0.1421709E-04
       160      5  0.9922237E-07  0.1000000E+01  0.7102921E-05
       160      6  0.5372721E-16  0.1000000E+01  0.2937322E-16
       160      7 -0.9862398E-07  0.1000000E+01 -0.7089444E-05
       160      8 -0.1966113E-06  0.1000000E+01 -0.1416318E-04
       160      9 -0.2939241E-06  0.1000000E+01 -0.2121895E-04
       160     10 -0.3905252E-06  0.1000000E+01 -0.2825452E-04
       160     11  0.2889578E-05  0.1000000E+01 -0.1582369E-03
       160     12  0.2167083E-05  0.1000000E+01 -0.1184772E-03
       160     13  0.1444227E-05  0.1000000E+01 -0.7887608E-04
       160     14  0.7216559E-06  0.1000000E+01 -0.3939626E-04
       160     15  0.5372721E-16  0.1000000E+01  0.2937322E-16
       160     16 -0.7201270E-06  0.1000000E+01  0.3935057E-04
       160     17 -0.1438127E-05  0.1000000E+01  0.7869330E-04
       160     18 -0.2153419E-05  0.1000000E+01  0.1180658E-03
       160     19 -0.2865436E-05  0.1000000E+01  0.1575054E-03
       160     20  0.1740354E-05  0.1000000E+01  0.7894286E-05
       160     21  0.1308342E-05  0.1000000E+01  0.5991074E-05
       160     22  0.8742233E-06  0.1000000E+01  0.4045499E-05
       160     23  0.4380809E-06  0.1000000E+01  0.2050568E-05
       160     24  0.5372721E-16  0.1000000E+01  0.2937322E-16
       160     25 -0.4399369E-06  0.1000000E+01 -0.2111718E-05
       160     26 -0.8816525E-06  0.1000000E+01 -0.4289161E-05
       160     27 -0.1325076E-05  0.1000000E+01 -0.6535703E-05
       160     28 -0.1770147E-05  0.1000000E+01 -0.8853156E-05

       170      0  0.0000000E+00  0.0000000E+00  0.0000000E+00
       170      1 -0.5747811E-16  0.1000000E+01  0.2111082E-16
       170      2  0.1323756E-06  0.1000000E+01  0.4268455E-04
       170      3  0.9715479E-07  0.1000000E+01  0.3202328E-04
       170      4  0.6338834E-07  0.1000000E+01  0.2135363E-04
       170      5  0.3102146E-07  0.1000000E+01  0.1067829E-04
       170      6 -0.5747811E-16  0.1000000E+01  0.2111082E-16
       170      7 -0.2972951E-07  0.1000000E+01 -0.1067852E-04
       170      8 -0.5821988E-07  0.1000000E+01 -0.2135453E-04
       170      9 -0.8552323E-07  0.1000000E+01 -0.3202527E-04
       170     10 -0.1116910E-06  0.1000000E+01 -0.4268797E-04
       170     11 -0.1945837E-05  0.1000000E+01  0.5075791E-04
       170     12 -0.1463131E-05  0.1000000E+01  0.3777448E-04
       170     13 -0.9775087E-06  0.1000000E+01  0.2503503E-04
       170     14 -0.4895935E-06  0.1000000E+01  0.1246759E-04
       170     15 -0.5747811E-16  0.1000000E+01  0.2111082E-16
       170     16  0.4906651E-06  0.1000000E+01 -0.1243997E-04
       170     17  0.9818037E-06  0.1000000E+01 -0.2492456E-04
       170     18  0.1472826E-05  0.1000000E+01 -0.3752596E-04
       170     19  0.1963150E-05  0.1000000E+01 -0.5031620E-04
       170     20  0.2650695E-05  0.1000000E+01 -0.8202848E-05
       170     21  0.1983548E-05  0.1000000E+01 -0.6257845E-05
       170     22  0.1319458E-05  0.1000000E+01 -0.4241794E-05
       170     23  0.6583139E-06  0.1000000E+01 -0.2154670E-05
       170     24 -0.5747811E-16  0.1000000E+01  0.2111082E-16
       170     25 -0.6555989E-06  0.1000000E+01  0.2215239E-05
       170     26 -0.1308592E-05  0.1000000E+01  0.4480812E-05
       170     27 -0.1959079E-05  0.1000000E+01  0.6783518E-05
       170     28 -0.2607149E-05  0.1000000E+01  0.9107597E-05

       180      0  0.0000000E+00  0.0000000E+00  0.0000000E+00
       180      1  0.2194282E-16  0.1000000E+01 -0.5716565E-16
       180      2 -0.4737470E-06  0.1000000E+01 -0.8503110E-04
       180      3 -0.3571709E-06  0.1000000E+01 -0.6377332E-04
       180      4 -0.2393915E-06  0.1000000E+01 -0.4251796E-04
       180      5 -0.1203530E-06  0.1000000E+01 -0.2126139E-04
       180      6  0.2194282E-16  0.1000000E+01 -0.5716565E-16
       180      7  0.1217225E-06  0.1000000E+01  0.2126981E-04
       180      8  0.2448693E-06  0.1000000E+01  0.4255161E-04
       180      9  0.3694949E-06  0.1000000E+01  0.6384896E-04
       180     10  0.4956534E-06  0.1000000E+01  0.8516535E-04
       180     11 -0.3660502E-06  0.1000000E+01  0.9271889E-05
       180     12 -0.2837144E-06  0.1000000E+01  0.6955526E-05
       180     13 -0.1955895E-06  0.1000000E+01  0.4639837E-05
       180     14 -0.1011831E-06  0.1000000E+01  0.2322186E-05
       180     15  0.2194282E-16  0.1000000E+01 -0.5716565E-16
       180     16  0.1084574E-06  0.1000000E+01 -0.2329173E-05
       180     17  0.2246885E-06  0.1000000E+01 -0.4667612E-05
       180     18  0.3491941E-06  0.1000000E+01 -0.7017367E-05
       180     19  0.4824760E-06  0.1000000E+01 -0.9380205E-05
       180     20  0.1414605E-04  0.1000000E+01  0.3859950E-05
       180     21  0.1061007E-04  0.1000000E+01  0.2909767E-05
       180     22  0.7073705E-05  0.1000000E+01  0.1945376E-05
       180     23  0.3536998E-05  0.1000000E+01  0.9728118E-06
       180     24  0.2194282E-16  0.1000000E+01 -0.5716565E-16
       180     25 -0.3537234E-05  0.1000000E+01 -0.9640572E-06
       180     26 -0.7074648E-05  0.1000000E+01 -0.1910192E-05
       180     27 -0.1061219E-04  0.1000000E+01 -0.2830045E-05
       180     28 -0.1414982E-04  0.1000000E+01 -0.3717042E-05

       190      0  0.0000000E+00  0.0000000E+00  0.0000000E+00
       190      1  0.2859034E-16  0.1000000E+01  0.5414787E-16
       190      2  0.5542771E-06  0.1000000E+01  0.1719529E-04
       190      3  0.4174916E-06  0.1000000E+01  0.1288284E-04
       190      4  0.2795470E-06  0.1000000E+01  0.8583738E-05
       190      5  0.1403982E-06  0.1000000E+01  0.4291592E-05
       190      6  0.2859034E-16  0.1000000E+01  0.5414787E-16
       190      7 -0.1416932E-06  0.1000000E+01 -0.4297427E-05
       190      8 -0.2847270E-06  0.1000000E+01 -0.8607067E-05
       190      9 -0.4291473E-06  0.1000000E+01 -0.1293529E-04
       190     10 -0.5750001E-06  0.1000000E+01 -0.1728843E-04
       190     11  0.2833988E-05  0.1000000E+01  0.1413635E-03
       190     12  0.2109161E-05  0.1000000E+01  0.1061720E-03
       190     13  0.1395566E-05  0.1000000E+01  0.7085445E-04
       190     14  0.6926849E-06  0.1000000E+01  0.3545067E-04
       190     15  0.2859034E-16  0.1000000E+01  0.5414787E-16
       190     16 -0.6830024E-06  0.1000000E+01 -0.3545829E-04
       190     17 -0.1356832E-05  0.1000000E+01 -0.7088487E-04
       190     18 -0.2021993E-05  0.1000000E+01 -0.1062401E-03
       190     19 -0.2678984E-05  0.1000000E+01 -0.1414841E-03
       190     20 -0.3188591E-05  0.1000000E+01  0.5521234E-05
       190     21 -0.2390759E-05  0.1000000E+01  0.4163722E-05
       190     22 -0.1593351E-05  0.1000000E+01  0.2785154E-05
       190     23 -0.7964101E-06  0.1000000E+01  0.1394205E-05
       190     24  0.2859034E-16  0.1000000E+01  0.5414787E-16
       190     25  0.7957997E-06  0.1000000E+01 -0.1387573E-05
       190     26  0.1590899E-05  0.1000000E+01 -0.2757641E-05
       190     27  0.2385202E-05  0.1000000E+01 -0.4098286E-05
       190     28  0.3178611E-05  0.1000000E+01 -0.5396693E-05

       200      0  0.0000000E+00  0.0000000E+00  0.0000000E+00
       200      1 -0.5958206E-16  0.1000000E+01 -0.1412013E-16
       200      2 -0.4563800E-06  0.1000000E+01  0.3038717E-05
       200      3 -0.3475186E-06  0.1000000E+01  0.2284773E-05
       200      4 -0.2351938E-06  0.1000000E+01  0.1529081E-05
       200      5 -0.1193671E-06  0.1000000E+01  0.7685274E-06
       200      6 -0.5958206E-16  0.1000000E+01 -0.1412013E-16
       200      7  0.1229454E-06  0.1000000E+01 -0.7796157E-06
       200      8  0.2495068E-06  0.1000000E+01 -0.1573432E-05
       200      9  0.3797217E-06  0.1000000E+01 -0.2384558E-05
       200     10  0.5136271E-06  0.1000000E+01 -0.3216095E-05
       200     11 -0.3477975E-05  0.1000000E+01 -0.1873140E-03
       200     12 -0.2599068E-05  0.1000000E+01 -0.1404153E-03
       200     13 -0.1726745E-05  0.1000000E+01 -0.9358493E-04
       200     14 -0.8605440E-06  0.1000000E+01 -0.4679072E-04
       200     15 -0.5958206E-16  0.1000000E+01 -0.1412013E-16
       200     16  0.8553606E-06  0.1000000E+01  0.4682025E-04
       200     17  0.1706016E-05  0.1000000E+01  0.9370299E-04
       200     18  0.2552446E-05  0.1000000E+01  0.1406808E-03
       200     19  0.3395135E-05  0.1000000E+01  0.1877853E-03
       200     20  0.6798978E-05  0.1000000E+01 -0.9729538E-05
       200     21  0.5095462E-05  0.1000000E+01 -0.7234874E-05
       200     22  0.3394471E-05  0.1000000E+01 -0.4770273E-05
       200     23  0.1695981E-05  0.1000000E+01 -0.2353570E-05
       200     24 -0.5958206E-16  0.1000000E+01 -0.1412013E-16
       200     25 -0.1693443E-05  0.1000000E+01  0.2278401E-05
       200     26 -0.3384300E-05  0.1000000E+01  0.4473373E-05
       200     27 -0.5072515E-05  0.1000000E+01  0.6580986E-05
       200     28 -0.6758026E-05  0.1000000E+01  0.8602125E-05
