BETA     element
 10.43290000000000      0.000000000000000
 10.43324893644334      1.000000000000000
 9.949718212802887      2.000000000000000
 2.113776940550868      3.000000000000000
 1.973796599619924      4.000000000000000
 1.970166327817248      5.000000000000000
 2.097157715761816      6.000000000000000
 9.737658592374748      7.000000000000000
 10.21255455722430      8.000000000000000
 10.21255550131762      9.000000000000000
 9.737657748492470      10.00000000000000
 2.098128555513028      11.00000000000000
 1.971351212496618      12.00000000000000
 1.975125934198880      13.00000000000000
 2.115384617483264      14.00000000000000
 9.949927407340811      15.00000000000000
 10.43292359343437      16.00000000000000
 10.43261286123530      17.00000000000000
 9.948565951685170      18.00000000000000
 2.111854957307942      19.00000000000000
 1.972171356593952      20.00000000000000
 1.968687070718225      21.00000000000000
 2.095879690923264      22.00000000000000
 9.736830901322577      23.00000000000000
 10.21171233323335      24.00000000000000
 10.21173079790475      25.00000000000000
 9.736896267985680      26.00000000000000
 2.099054384447726      27.00000000000000
 1.972495718171353      28.00000000000000
 1.976413155722667      29.00000000000000
 2.116939281232108      30.00000000000000
 9.949258537518482      31.00000000000000
 10.43165004102288      32.00000000000000
 10.43099045890030      33.00000000000000
 10.43102089215308      34.00000000000000
 9.963754381076534      35.00000000000000
 2.415898108327454      36.00000000000000
 2.277338103481797      37.00000000000000
 2.276252029266399      38.00000000000000
 2.411029447472621      39.00000000000000
 9.922503162706921      40.00000000000000
 10.38797781993403      41.00000000000000
 10.38750028975791      42.00000000000000
 10.38772538150739      43.00000000000000
 9.904105794024591      44.00000000000000
 2.102553507353571      45.00000000000000
 1.967876764520510      46.00000000000000
 1.967342898676435      47.00000000000000
 2.099742963994979      48.00000000000000
 9.770696340712092      49.00000000000000
 10.24487725628045      50.00000000000000
 10.24442291863369      51.00000000000000
 9.768729720081682      52.00000000000000
 2.099329547049022      53.00000000000000
 1.968335035159213      54.00000000000000
 1.969556240228450      55.00000000000000
 2.105167495016007      56.00000000000000
 9.902238593112704      57.00000000000000
 10.38473101385788      58.00000000000000
 10.38443618016746      59.00000000000000
 9.900893501116268      60.00000000000000
 2.102626122692158      61.00000000000000
 1.968249132487323      62.00000000000000
 1.967886048522152      63.00000000000000
 2.100575128440886      64.00000000000000
 9.769814405450017      65.00000000000000
 10.24348758336403      66.00000000000000
 10.24277449440175      67.00000000000000
 9.766712726983409      68.00000000000000
 2.097567131947660      69.00000000000000
 1.966835541408015      70.00000000000000
 1.968176006282839      71.00000000000000
 2.103924499553239      72.00000000000000
 9.898396863064489      73.00000000000000
 10.38062027410055      74.00000000000000
 10.38010057348819      75.00000000000000
 10.38028329799255      76.00000000000000
 9.914093512525685      77.00000000000000
 2.406413809623803      78.00000000000000
 2.272939095356105      79.00000000000000
 2.274900934087797      80.00000000000000
 2.415182714398123      81.00000000000000
 9.969129085840409      82.00000000000000
 10.43501855562017      83.00000000000000
 10.43449407553933      84.00000000000000
 10.43465925410553      85.00000000000000
 9.950343445049274      86.00000000000000
 2.116935836149940      87.00000000000000
 1.978049819519136      88.00000000000000
 1.974923829738351      89.00000000000000
 2.102478986907511      90.00000000000000
 9.721406159105541      91.00000000000000
 10.19370946787187      92.00000000000000
 10.19279698016755      93.00000000000000
 9.717306282766646      94.00000000000000
 2.088218725031067      95.00000000000000
 1.962734688044573      96.00000000000000
 1.967265063662801      97.00000000000000
 2.108876645254548      98.00000000000000
 9.951294690661115      99.00000000000000
 10.43387840711705      100.0000000000000
 10.43321576687625      101.0000000000000
 9.948444606411108      102.0000000000000
 2.114543987772211      103.0000000000000
 1.975870781599106      104.0000000000000
 1.972819847123157      105.0000000000000
 2.100400747761793      106.0000000000000
 9.714178563682914      107.0000000000000
 10.18612730805920      108.0000000000000
 10.18521809888702      109.0000000000000
 9.710083059127562      110.0000000000000
 2.088098374616694      111.0000000000000
 1.963014645405152      112.0000000000000
 1.967758060735981      113.0000000000000
 2.109712811016847      114.0000000000000
 9.949818899448285      115.0000000000000
 10.43178719590444      116.0000000000000
 10.43095970155576      117.0000000000000
 10.43082082555499      118.0000000000000
 9.962892025837249      119.0000000000000
 2.417522823095442      120.0000000000000
 2.279802665749068      121.0000000000000
 2.279033229884005      122.0000000000000
 2.413956823015891      123.0000000000000
 9.894564773488996      124.0000000000000
 10.35705075154885      125.0000000000000
 10.35618305950526      126.0000000000000
 10.35601698247180      127.0000000000000
 9.872727074548218      128.0000000000000
 2.093506852553531      129.0000000000000
 1.960229259604614      130.0000000000000
 1.960435530526686      131.0000000000000
 2.094073938330172      132.0000000000000
 9.773400118608908      133.0000000000000
 10.24730256783039      134.0000000000000
 10.24649239983165      135.0000000000000
 9.769911032093068      136.0000000000000
 2.100234949721293      137.0000000000000
 1.970101344751468      138.0000000000000
 1.971664084488582      139.0000000000000
 2.107458061741787      140.0000000000000
 9.869032654648050      141.0000000000000
 10.34816290934215      142.0000000000000
 10.34705727619680      143.0000000000000
 9.864059802567382      144.0000000000000
 2.092513684523050      145.0000000000000
 1.959684572013364      146.0000000000000
 1.960114510982924      147.0000000000000
 2.094086766556704      148.0000000000000
 9.771323039602148      149.0000000000000
 10.24471496271310      150.0000000000000
 10.24367624163903      151.0000000000000
 9.766830137085323      152.0000000000000
 2.098163027597172      153.0000000000000
 1.968231225591621      154.0000000000000
 1.969859280507055      155.0000000000000
 2.105654426173816      156.0000000000000
 9.859859281599910      157.0000000000000
 10.33840723234508      158.0000000000000
 10.33746824160736      159.0000000000000
 10.33723053136470      160.0000000000000
 9.871723637326015      161.0000000000000
 2.393301048152582      162.0000000000000
 2.261420102439643      163.0000000000000
 2.264160074060866      164.0000000000000
 2.405636729883461      165.0000000000000
 9.968613287137650      166.0000000000000
 10.43454124090486      167.0000000000000
 10.43393831828310      168.0000000000000
