BETA     element
 2.255960000000000      0.000000000000000
 2.257617569437882      1.000000000000000
 2.398707058967688      2.000000000000000
 10.12353142584478      3.000000000000000
 10.57174183984330      4.000000000000000
 10.53853863410339      5.000000000000000
 9.979664022988979      6.000000000000000
 1.855445422731861      7.000000000000000
 1.731482267785050      8.000000000000000
 1.731399133901886      9.000000000000000
 1.855079790323593      10.00000000000000
 9.979575855441894      11.00000000000000
 10.53873730418995      12.00000000000000
 10.57208706170494      13.00000000000000
 10.12409072031260      14.00000000000000
 2.398913833758661      15.00000000000000
 2.257588688697816      16.00000000000000
 2.257324965371394      17.00000000000000
 2.397713787519763      18.00000000000000
 10.11185914847812      19.00000000000000
 10.55971714939092      20.00000000000000
 10.52666294942105      21.00000000000000
 9.968649730114727      22.00000000000000
 1.855076896728828      23.00000000000000
 1.731298180105689      24.00000000000000
 1.731298208959851      25.00000000000000
 1.855142036549998      26.00000000000000
 9.988857624036299      27.00000000000000
 10.54878038234318      28.00000000000000
 10.58227173381124      29.00000000000000
 10.13399840590922      30.00000000000000
 2.399483381192424      31.00000000000000
 2.257482926408270      32.00000000000000
 2.255561931639783      33.00000000000000
 2.256831958668295      34.00000000000000
 2.392510640231194      35.00000000000000
 9.922003727198440      36.00000000000000
 10.38996570393156      37.00000000000000
 10.39151035465229      38.00000000000000
 9.928891837631577      39.00000000000000
 2.432588245371191      40.00000000000000
 2.296737474212170      41.00000000000000
 2.295371517268049      42.00000000000000
 2.297185220999728      43.00000000000000
 2.438675720723267      44.00000000000000
 10.14707695868449      45.00000000000000
 10.59180893125998      46.00000000000000
 10.55627231837843      47.00000000000000
 9.992775093753007      48.00000000000000
 1.822688822668662      49.00000000000000
 1.696710191667253      50.00000000000000
 1.695540912163032      51.00000000000000
 1.817403757441949      52.00000000000000
 9.945256017862080      53.00000000000000
 10.50812364109456      54.00000000000000
 10.54440161028563      55.00000000000000
 10.10283408976832      56.00000000000000
 2.436131947775179      57.00000000000000
 2.296100135159600      58.00000000000000
 2.296416456066899      59.00000000000000
 2.437643955055857      60.00000000000000
 10.14432796248076      61.00000000000000
 10.58922891379210      62.00000000000000
 10.55387141826417      63.00000000000000
 9.990814707508505      64.00000000000000
 1.822790562621571      65.00000000000000
 1.696544195394881      66.00000000000000
 1.695202182869824      67.00000000000000
 1.816741988958618      68.00000000000000
 9.941981340230818      69.00000000000000
 10.50490763944728      70.00000000000000
 10.54129772391297      71.00000000000000
 10.10005741432209      72.00000000000000
 2.435477583919834      73.00000000000000
 2.295270899017757      74.00000000000000
 2.293774093038754      75.00000000000000
 2.295455993048086      76.00000000000000
 2.432414700948357      77.00000000000000
 9.964044138391072      78.00000000000000
 10.42980991130660      79.00000000000000
 10.42929699835610      80.00000000000000
 9.961705429301896      81.00000000000000
 2.401143778945679      82.00000000000000
 2.261652445339649      83.00000000000000
 2.259300010390673      84.00000000000000
 2.260132859175223      85.00000000000000
 2.398319847054118      86.00000000000000
 10.08980000003271      87.00000000000000
 10.53693419589275      88.00000000000000
 10.50387080147927      89.00000000000000
 9.946562333395621      90.00000000000000
 1.848494428680282      91.00000000000000
 1.725580268443060      92.00000000000000
 1.725985868253508      93.00000000000000
 1.850420191880016      94.00000000000000
 9.996742411861533      95.00000000000000
 10.55818812658283      96.00000000000000
 10.59252964518272      97.00000000000000
 10.14562394805694      98.00000000000000
 2.405677469688820      99.00000000000000
 2.261556129959874      100.0000000000000
 2.259664362627327      101.0000000000000
 2.397148408427216      102.0000000000000
 10.07558096345284      103.0000000000000
 10.52213518533703      104.0000000000000
 10.48916421615040      105.0000000000000
 9.932755887279811      106.0000000000000
 1.847002261181147      107.0000000000000
 1.724303359692086      108.0000000000000
 1.724777619221316      109.0000000000000
 1.849291147653971      110.0000000000000
 10.00201447223778      111.0000000000000
 10.56411909447617      112.0000000000000
 10.59865825328056      113.0000000000000
 10.15176495650096      114.0000000000000
 2.405999127059860      115.0000000000000
 2.261259813917834      116.0000000000000
 2.258537520845493      117.0000000000000
 2.258995814390911      118.0000000000000
 2.391766681722947      119.0000000000000
 9.882824937532352      120.0000000000000
 10.34907428395136      121.0000000000000
 10.35046756614847      122.0000000000000
 9.889062798357134      123.0000000000000
 2.418652945025652      124.0000000000000
 2.283820695510422      125.0000000000000
 2.282639885448708      126.0000000000000
 2.284642233759551      127.0000000000000
 2.426484955768064      128.0000000000000
 10.14879328199088      129.0000000000000
 10.59593722589133      130.0000000000000
 10.56190000001022      131.0000000000000
 10.00108513844174      132.0000000000000
 1.831520290921753      133.0000000000000
 1.702836004504262      134.0000000000000
 1.700041327922445      135.0000000000000
 1.818943191867080      136.0000000000000
 9.903355878084104      137.0000000000000
 10.46399391578416      138.0000000000000
 10.49995991875564      139.0000000000000
 10.05958812364990      140.0000000000000
 2.420979910686476      141.0000000000000
 2.281991910668439      142.0000000000000
 2.282653139507242      143.0000000000000
 2.424116632945589      144.0000000000000
 10.14107685140319      145.0000000000000
 10.58824702763783      146.0000000000000
 10.55444981331284      147.0000000000000
 9.994421301366575      148.0000000000000
 1.831308690793343      149.0000000000000
 1.702444328736750      150.0000000000000
 1.699506776930625      151.0000000000000
 1.818107088337949      152.0000000000000
 9.897799195751606      153.0000000000000
 10.45827269449487      154.0000000000000
 10.49428876039269      155.0000000000000
 10.05426034957289      156.0000000000000
 2.419123259169055      157.0000000000000
 2.279971463445955      158.0000000000000
 2.278631501276449      159.0000000000000
 2.280472976387721      160.0000000000000
 2.417568818555132      161.0000000000000
 9.956067496649700      162.0000000000000
 10.42388311259331      163.0000000000000
 10.42490776797714      164.0000000000000
 9.960495364506928      165.0000000000000
 2.411933205983052      166.0000000000000
 2.270623877589443      167.0000000000000
 2.267720871238506      168.0000000000000
