DISP     element
0.3557640000000000E-002      0.000000000000000
0.3539664960000000E-002      1.000000000000000
0.3393123845952821E-002      2.000000000000000
0.2612084392993549      3.000000000000000
0.3087044045069867      4.000000000000000
0.3399307331827734      5.000000000000000
0.4033947919900582      6.000000000000000
 1.574276784963081      7.000000000000000
 1.647028310208700      8.000000000000000
 1.666325112862166      9.000000000000000
 1.660125500300475      10.00000000000000
 1.307592640595358      11.00000000000000
 1.330236601360917      12.00000000000000
 1.361517257532189      13.00000000000000
 1.450026852681106      14.00000000000000
 3.233758142848508      15.00000000000000
 3.312679373958105      16.00000000000000
 3.312665036075763      17.00000000000000
 3.233692836282202      18.00000000000000
 1.449304899950860      19.00000000000000
 1.360763628063632      20.00000000000000
 1.329476080147068      21.00000000000000
 1.306840264839016      22.00000000000000
 1.659745092533735      23.00000000000000
 1.665960480066631      24.00000000000000
 1.646664549411210      25.00000000000000
 1.573900259278399      26.00000000000000
0.4026833644344073      27.00000000000000
0.3392149941444202      28.00000000000000
0.3079983118659607      29.00000000000000
0.2605399761634291      30.00000000000000
0.3470220753813802E-002      31.00000000000000
0.3671158848446444E-002      32.00000000000000
0.3703469896418081E-002      33.00000000000000
0.3735780944389719E-002      34.00000000000000
0.3763878406164339E-002      35.00000000000000
0.3049491180019865E-002      36.00000000000000
0.3027456936999877E-002      37.00000000000000
0.3034031760981668E-002      38.00000000000000
0.3078391408751788E-002      39.00000000000000
0.4062689872527783E-002      40.00000000000000
0.4071523657883562E-002      41.00000000000000
0.4054358303790731E-002      42.00000000000000
0.4037192949697900E-002      43.00000000000000
0.3907779215191544E-002      44.00000000000000
0.2621114622201505      45.00000000000000
0.3096109267366326      46.00000000000000
0.3408243783158215      47.00000000000000
0.4042401563058746      48.00000000000000
 1.574175837889236      49.00000000000000
 1.646860761289369      50.00000000000000
 1.666124001612465      51.00000000000000
 1.659871796572909      52.00000000000000
 1.306751805370739      53.00000000000000
 1.329367475167330      54.00000000000000
 1.360641910133619      55.00000000000000
 1.449158884098636      56.00000000000000
 3.233230868791122      57.00000000000000
 3.312166326623574      58.00000000000000
 3.312152347966646      59.00000000000000
 3.233166817630731      60.00000000000000
 1.448442458509033      61.00000000000000
 1.359902697611221      62.00000000000000
 1.328631456556616      63.00000000000000
 1.306051097088255      64.00000000000000
 1.660007147793731      65.00000000000000
 1.666293355978712      66.00000000000000
 1.647031174991437      67.00000000000000
 1.574315904957038      68.00000000000000
0.4035891851350437      69.00000000000000
0.3401427598181304      70.00000000000000
0.3089294673265286      71.00000000000000
0.2614600394566859      72.00000000000000
0.4017059353322071E-002      73.00000000000000
0.4200722710199806E-002      74.00000000000000
0.4231864513222466E-002      75.00000000000000
0.4263006316245127E-002      76.00000000000000
0.4300160544316509E-002      77.00000000000000
0.3870243256942763E-002      78.00000000000000
0.3845073725131591E-002      79.00000000000000
0.3835163140768848E-002      80.00000000000000
0.3824905647502632E-002      81.00000000000000
0.3790804998576495E-002      82.00000000000000
0.3734499119330059E-002      83.00000000000000
0.3702951621743418E-002      84.00000000000000
0.3671404124156778E-002      85.00000000000000
0.3505560914488839E-002      86.00000000000000
0.2614272340396896      87.00000000000000
0.3089137202982459      88.00000000000000
0.3401247675243679      89.00000000000000
0.4035461596803946      90.00000000000000
 1.573691573487124      91.00000000000000
 1.646383731178981      92.00000000000000
 1.665645250570412      93.00000000000000
 1.659379050484149      94.00000000000000
 1.305949940858059      95.00000000000000
 1.328569868097092      96.00000000000000
 1.359862622332913      97.00000000000000
 1.448439775824766      98.00000000000000
 3.233637963293140      99.00000000000000
 3.312643197210189      100.0000000000000
 3.312658440797482      101.0000000000000
 3.233706831708467      102.0000000000000
 1.449188746866741      103.0000000000000
 1.360657251094223      104.0000000000000
 1.329386492324357      105.0000000000000
 1.306798403278246      106.0000000000000
 1.660532560429412      107.0000000000000
 1.666809546353450      108.0000000000000
 1.647547409414864      109.0000000000000
 1.574842333778119      110.0000000000000
0.4043656104005500      111.0000000000000
0.3409096727485663      112.0000000000000
0.3096746889025229      113.0000000000000
0.2621383559266346      114.0000000000000
0.3474074064742315E-002      115.0000000000000
0.3583882728598867E-002      116.0000000000000
0.3600188068501587E-002      117.0000000000000
0.3616493408404308E-002      118.0000000000000
0.3621517911607523E-002      119.0000000000000
0.3029042582817668E-002      120.0000000000000
0.2995602827853414E-002      121.0000000000000
0.2983817239478126E-002      122.0000000000000
0.2976371080819733E-002      123.0000000000000
0.3057098258041653E-002      124.0000000000000
0.3003710233716054E-002      125.0000000000000
0.2971209049989991E-002      126.0000000000000
0.2938707866263927E-002      127.0000000000000
0.2762055820278645E-002      128.0000000000000
0.2604624455786125      129.0000000000000
0.3079636684596228      130.0000000000000
0.3392009680202413      131.0000000000000
0.4027002287554536      132.0000000000000
 1.574246292872536      133.0000000000000
 1.647023910397847      134.0000000000000
 1.666320253422885      135.0000000000000
 1.660091929220746      136.0000000000000
 1.306842428159065      137.0000000000000
 1.329471123184963      138.0000000000000
 1.360766240848154      139.0000000000000
 1.449341666110715      140.0000000000000
 3.234424921380485      141.0000000000000
 3.313424963651883      142.0000000000000
 3.313440247349632      143.0000000000000
 3.234495040432799      144.0000000000000
 1.450127883040208      145.0000000000000
 1.361575498892885      146.0000000000000
 1.330274595586460      147.0000000000000
 1.307600961374979      148.0000000000000
 1.659826816631272      149.0000000000000
 1.666013654308595      150.0000000000000
 1.646716104649891      151.0000000000000
 1.573975808756720      152.0000000000000
0.4034021105858010      153.0000000000000
0.3399424766642517      154.0000000000000
0.3087071423066386      155.0000000000000
0.2611746171877304      156.0000000000000
0.2634680254706746E-002      157.0000000000000
0.2751736726755973E-002      158.0000000000000
0.2768956714925360E-002      159.0000000000000
0.2786176703094746E-002      160.0000000000000
0.2789385187834718E-002      161.0000000000000
0.2104503086291609E-002      162.0000000000000
0.2093017345695153E-002      163.0000000000000
0.2110730651350333E-002      164.0000000000000
0.2185582854652091E-002      165.0000000000000
0.3701333912231712E-002      166.0000000000000
0.3731381793774273E-002      167.0000000000000
0.3714289035283127E-002      168.0000000000000
