 SGx1               SGx2              SGy1                SGy2              chrom_x            chrom_y            CONS(MU)           quad_Kx                 quad_Ky                 quad_Kz                  alpha_0              alpha_1            eta_1
 0.000000000000000  0.000000000000000  0.000000000000000  0.000000000000000 -5.488793815327182 -5.484726555013194 0.1635648284944904 -.2642358053985938E-003 -.1173617175622734E-002 0.1029127376266327E-001 0.5865826778948489E-001 0.1616670399020037 0.9711469784073004
 0.000000000000000 0.1550000000000000E-001  0.000000000000000  0.000000000000000 -3.478552442746156 -3.661262539867168 0.1635648284944904 -.4464960489445873E-003 -.3637554202482050E-002 0.9458146977484998E-002 0.5865826778948489E-001 0.1010925577063413 0.9105724962116379
 0.000000000000000 0.3100000000000000E-001  0.000000000000000  0.000000000000000 -1.468311070165156 -1.837798524721167 0.1635648284944904 -.6287562924906254E-003 -.6101491229341712E-002 0.8625019785086927E-002 0.5865826778948489E-001 0.4051807551067895E-001 0.8499980140159755
 0.000000000000000 0.4650000000000000E-001  0.000000000000000  0.000000000000000 0.5419303024158474 -.1433450957516045E-001 0.1635648284944904 -.8110165360366759E-003 -.8565428256201045E-002 0.7791894907608611E-002 0.5865826778948489E-001 -.2005640668498304E-001 0.7894235318203136
 0.000000000000000 0.6200000000000000E-001  0.000000000000000  0.000000000000000  2.552171674996859  1.809129505570853 0.1635648284944904 -.9932767795826822E-003 -.1102936528305985E-001 0.6958768319988500E-002 0.5865826778948489E-001 -.8063088888064503E-001 0.7288490496246516
0.1550000000000000E-001  0.000000000000000  0.000000000000000  0.000000000000000 -3.525229738776649 -3.786823207099157 0.1635648284944904 -.4278354453935080E-003 -.2862986266734128E-002 0.7679480530010226E-002 0.5865826778948489E-001 -.8049389954665877E-001 0.7289860389586378
0.1550000000000000E-001 0.1550000000000000E-001  0.000000000000000  0.000000000000000 -1.514988366195636 -1.963359191953147 0.1635648284944904 -.6100956889394967E-003 -.5326923293593486E-002 0.6846353365092240E-002 0.5865826778948489E-001 -.1410683817423213 0.6684115567629753
0.1550000000000000E-001 0.3100000000000000E-001  0.000000000000000  0.000000000000000 0.4952530063854031 -.1398951768071108 0.1635648284944904 -.7923559324855244E-003 -.7790860320453142E-002 0.6013225919497104E-002 0.5865826778948489E-001 -.2016428639379833 0.6078370745673133
0.1550000000000000E-001 0.4650000000000000E-001  0.000000000000000  0.000000000000000  2.505494378966375  1.683568838338869 0.1635648284944904 -.9746161760315753E-003 -.1025479734731184E-001 0.5180098462323783E-002 0.5865826778948489E-001 -.2622173461336455 0.5472625923716511
0.1550000000000000E-001 0.6200000000000000E-001  0.000000000000000  0.000000000000000  4.515735751547400  3.507032853484891 0.1635648284944904 -.1156876419577578E-002 -.1271873437417128E-001 0.4346972915361750E-002 0.5865826778948489E-001 -.3227918283293082 0.4866881101759884
0.3100000000000000E-001  0.000000000000000  0.000000000000000  0.000000000000000 -1.561665662226124 -2.088919859185132 0.1635648284944904 -.5914350853887015E-003 -.4552355357846296E-002 0.5067400340400387E-002 0.5865826778948489E-001 -.3226548389953227 0.4868250995099739
0.3100000000000000E-001 0.1550000000000000E-001  0.000000000000000  0.000000000000000 0.4485757103548997 -.2654558440391103 0.1635648284944904 -.7736953289345884E-003 -.7016292384705405E-002 0.4234274381079919E-002 0.5865826778948489E-001 -.3832293211909857 0.4262506173143109
0.3100000000000000E-001 0.3100000000000000E-001  0.000000000000000  0.000000000000000  2.458817082935909  1.558008171106898 0.1635648284944904 -.9559555724806446E-003 -.9480229411564716E-002 0.3401147719134570E-002 0.5865826778948489E-001 -.4438038033866479 0.3656761351186487
0.3100000000000000E-001 0.4650000000000000E-001  0.000000000000000  0.000000000000000  4.469058455516934  3.381472186252922 0.1635648284944904 -.1138215816026666E-002 -.1194416643842439E-001 0.2568021086691247E-002 0.5865826778948489E-001 -.5043782855823111 0.3051016529229855
0.3100000000000000E-001 0.6200000000000000E-001  0.000000000000000  0.000000000000000  6.479299828097927  5.204936201398921 0.1635648284944904 -.1320476059572773E-002 -.1440810346528346E-001 0.1734894403817444E-002 0.5865826778948489E-001 -.5649527677779740 0.2445271707273226
0.4650000000000000E-001  0.000000000000000  0.000000000000000  0.000000000000000 0.4018984143244334 -.3910165112710812 0.1635648284944904 -.7550347253836484E-003 -.6241724448957911E-002 0.2455437115654182E-002 0.5865826778948489E-001 -.5648157784439881 0.2446641600613085
0.4650000000000000E-001 0.1550000000000000E-001  0.000000000000000  0.000000000000000  2.412139786905409  1.432447503874904 0.1635648284944904 -.9372949689298171E-003 -.8705661475817247E-002 0.1622311653495991E-002 0.5865826778948489E-001 -.6253902606396512 0.1840896778656454
0.4650000000000000E-001 0.3100000000000000E-001  0.000000000000000  0.000000000000000  4.422381159486408  3.255911519020910 0.1635648284944904 -.1119555212475696E-002 -.1116959850267664E-001 0.7891855035376464E-003 0.5865826778948489E-001 -.6859647428353136 0.1235151956699830
0.4650000000000000E-001 0.4650000000000000E-001  0.000000000000000  0.000000000000000  6.432622532067453  5.079375534166944 0.1635648284944904 -.1301815456021750E-002 -.1363353552953557E-001 -.4394149939642357E-004 0.5865826778948489E-001 -.7465392250309764 0.6294071347432018E-001
0.4650000000000000E-001 0.6200000000000000E-001  0.000000000000000  0.000000000000000  8.442863904648492  6.902839549312975 0.1635648284944904 -.1484075699567686E-002 -.1609747255639475E-001 -.8770683738138250E-003 0.5865826778948489E-001 -.8071137072266393 0.2366231278657316E-002
0.6200000000000000E-001  0.000000000000000  0.000000000000000  0.000000000000000  2.365462490874956  1.306886836642949 0.1635648284944904 -.9186343653786902E-003 -.7931093540070289E-002 -.1569218089500568E-003 0.5865826778948489E-001 -.8069767178926532 0.2503220612643298E-002
0.6200000000000000E-001 0.1550000000000000E-001  0.000000000000000  0.000000000000000  4.375703863455957  3.130350851788946 0.1635648284944904 -.1100894608924612E-002 -.1039503056692820E-001 -.9900474405569249E-003 0.5865826778948489E-001 -.8675512000883162 -.5807126158301956E-001
0.6200000000000000E-001 0.3100000000000000E-001  0.000000000000000  0.000000000000000  6.385945236037001  4.953814866934987 0.1635648284944904 -.1283154852470788E-002 -.1285896759378850E-001 -.1823173678439251E-002 0.5865826778948489E-001 -.9281256822839785 -.1186457437786820
0.6200000000000000E-001 0.4650000000000000E-001  0.000000000000000  0.000000000000000  8.396186608617992  6.777278882080976 0.1635648284944904 -.1465415096016724E-002 -.1532290462064743E-001 -.2656299871126480E-002 0.5865826778948489E-001 -.9887001644796415 -.1792202259743448
0.6200000000000000E-001 0.6200000000000000E-001  0.000000000000000  0.000000000000000  10.40642798119893  8.600742897226942 0.1635648284944904 -.1647675339562908E-002 -.1778684164750774E-001 -.3489426990541383E-002 0.5865826778948489E-001 -1.049274646675304 -.2397947081700079
 0.000000000000000  0.000000000000000 -.2320000000000000E-001  0.000000000000000 -3.085580990040582 -3.159006679828007 0.1635648284944904 -.1608787267103206E-002 -.4654782679902266E-002 0.1038381491608218E-001 0.5865826778948489E-001 0.2100366735985072  1.019516612103804
 0.000000000000000 0.1550000000000000E-001 -.2320000000000000E-001  0.000000000000000 -1.075339617459576 -1.335542664682001 0.1635648284944904 -.1791047510649235E-002 -.7118719706761748E-002 0.9550687331748837E-002 0.5865826778948489E-001 0.1494621914028444 0.9589421299081410
 0.000000000000000 0.3100000000000000E-001 -.2320000000000000E-001  0.000000000000000 0.9349017551214419 0.4879213504640159 0.1635648284944904 -.1973307754195333E-002 -.9582656733620912E-002 0.8717559986935634E-002 0.5865826778948489E-001 0.8888770920718300E-001 0.8983676477124796
 0.000000000000000 0.4650000000000000E-001 -.2320000000000000E-001  0.000000000000000  2.945143127702450  2.311385365610026 0.1635648284944904 -.2155567997741373E-002 -.1204659376048004E-001 0.7884433803368980E-002 0.5865826778948489E-001 0.2831322701152102E-001 0.8377931655168176
 0.000000000000000 0.6200000000000000E-001 -.2320000000000000E-001  0.000000000000000  4.955384500283460  4.134849380756035 0.1635648284944904 -.2337828241287438E-002 -.1451053078733966E-001 0.7051308273587623E-002 0.5865826778948489E-001 -.3226125518414118E-001 0.7772186833211554
0.1550000000000000E-001  0.000000000000000 -.2320000000000000E-001  0.000000000000000 -1.122016913490049 -1.461103331913975 0.1635648284944904 -.1772386907098188E-002 -.6344151771013653E-002 0.7772027870962135E-002 0.5865826778948489E-001 -.3212426585015570E-001 0.7773556726551409
0.1550000000000000E-001 0.1550000000000000E-001 -.2320000000000000E-001  0.000000000000000 0.8882244590909580 0.3623606832320340 0.1635648284944904 -.1954647150644345E-002 -.8808088797872668E-002 0.6938901280946434E-002 0.5865826778948489E-001 -.9269874804581750E-001 0.7167811904594791
0.1550000000000000E-001 0.3100000000000000E-001 -.2320000000000000E-001  0.000000000000000  2.898465831671988  2.185824698378060 0.1635648284944904 -.2136907394190355E-002 -.1127202582473225E-001 0.6105774408917557E-002 0.5865826778948489E-001 -.1532732302414797 0.6562067082638169
0.1550000000000000E-001 0.4650000000000000E-001 -.2320000000000000E-001  0.000000000000000  4.908707204252975  4.009288713524053 0.1635648284944904 -.2319167637736271E-002 -.1373596285159154E-001 0.5272647663071104E-002 0.5865826778948489E-001 -.2138477124371418 0.5956322260681548
0.1550000000000000E-001 0.6200000000000000E-001 -.2320000000000000E-001  0.000000000000000  6.918948576834007  5.832752728670083 0.1635648284944904 -.2501427881282383E-002 -.1619989987845060E-001 0.4439522620782213E-002 0.5865826778948489E-001 -.2744221946328042 0.5350577438724924
0.3100000000000000E-001  0.000000000000000 -.2320000000000000E-001  0.000000000000000 0.8415471630604781 0.2368000160000535 0.1635648284944904 -.1935986547093345E-002 -.8033520862125644E-002 0.5160217709146772E-002 0.5865826778948489E-001 -.2742852052988186 0.5351947332064780
0.3100000000000000E-001 0.1550000000000000E-001 -.2320000000000000E-001  0.000000000000000  2.851788535641497  2.060264031146074 0.1635648284944904 -.2118246790639359E-002 -.1049745788898519E-001 0.4327090961990566E-002 0.5865826778948489E-001 -.3348596874944812 0.4746202510108154
0.3100000000000000E-001 0.3100000000000000E-001 -.2320000000000000E-001  0.000000000000000  4.862029908222518  3.883728046292094 0.1635648284944904 -.2300507034185556E-002 -.1296139491584457E-001 0.3493963956959791E-002 0.5865826778948489E-001 -.3954341696901436 0.4140457688151530
0.3100000000000000E-001 0.4650000000000000E-001 -.2320000000000000E-001  0.000000000000000  6.872271280803517  5.707192061438093 0.1635648284944904 -.2482767277731300E-002 -.1542533194270283E-001 0.2660836400142227E-002 0.5865826778948489E-001 -.4560086518858069 0.3534712866194897
0.3100000000000000E-001 0.6200000000000000E-001 -.2320000000000000E-001  0.000000000000000  8.882512653384527  7.530656076584107 0.1635648284944904 -.2665027521277348E-002 -.1788926896956266E-001 0.1827709162549424E-002 0.5865826778948489E-001 -.5165831340814696 0.2928968044238270
0.4650000000000000E-001  0.000000000000000 -.2320000000000000E-001  0.000000000000000  2.805111239611020  1.934703363914096 0.1635648284944904 -.2099586187088452E-002 -.9722889953237387E-002 0.2547996059635833E-002 0.5865826778948489E-001 -.5164461447474843 0.2930337937578123
0.4650000000000000E-001 0.1550000000000000E-001 -.2320000000000000E-001  0.000000000000000  4.815352612192045  3.758167379060114 0.1635648284944904 -.2281846430634511E-002 -.1218682698009658E-001 0.1714869636393778E-002 0.5865826778948489E-001 -.5770206269431476 0.2324593115621490
0.4650000000000000E-001 0.3100000000000000E-001 -.2320000000000000E-001  0.000000000000000  6.825593984773044  5.581631394206119 0.1635648284944904 -.2464106674180393E-002 -.1465076400695579E-001 0.8817444552764565E-003 0.5865826778948489E-001 -.6375951091388098 0.1718848293664868
0.4650000000000000E-001 0.4650000000000000E-001 -.2320000000000000E-001  0.000000000000000  8.835835357354082  7.405095409352149 0.1635648284944904 -.2646366917726293E-002 -.1711470103381487E-001 0.4861743330927331E-004 0.5865826778948489E-001 -.6981695913344723 0.1113103471708243
0.4650000000000000E-001 0.6200000000000000E-001 -.2320000000000000E-001  0.000000000000000  10.84607672993507  9.228559424498144 0.1635648284944904 -.2828627161272421E-002 -.1957863806067431E-001 -.7845097581592554E-003 0.5865826778948489E-001 -.7587440735301353 0.5073586497516136E-001
0.6200000000000000E-001  0.000000000000000 -.2320000000000000E-001  0.000000000000000  4.768675316161563  3.632606711828135 0.1635648284944904 -.2263185827083521E-002 -.1141225904434939E-001 -.6433683015058686E-004 0.5865826778948489E-001 -.7586070841961488 0.5087285430914779E-001
0.6200000000000000E-001 0.1550000000000000E-001 -.2320000000000000E-001  0.000000000000000  6.778916688742564  5.456070726974143 0.1635648284944904 -.2445446070629435E-002 -.1387619607120873E-001 -.8974624526464037E-003 0.5865826778948489E-001 -.8191815663918123 -.9701627886515740E-002
0.6200000000000000E-001 0.3100000000000000E-001 -.2320000000000000E-001  0.000000000000000  8.789158061323555  7.279534742120137 0.1635648284944904 -.2627706314175619E-002 -.1634013309806801E-001 -.1730588733937389E-002 0.5865826778948489E-001 -.8797560485874746 -.7027611008217793E-001
0.6200000000000000E-001 0.4650000000000000E-001 -.2320000000000000E-001  0.000000000000000  10.79939943390459  9.102998757266162 0.1635648284944904 -.2809966557721452E-002 -.1880407012492668E-001 -.2563715047503545E-002 0.5865826778948489E-001 -.9403305307831371 -.1308505922778406
0.6200000000000000E-001 0.6200000000000000E-001 -.2320000000000000E-001  0.000000000000000  12.80964080648561  10.92646277241218 0.1635648284944904 -.2992226801267406E-002 -.2126800715178559E-001 -.3396842112569116E-002 0.5865826778948489E-001 -1.000905012978800 -.1914250744735039
 0.000000000000000  0.000000000000000 -.4640000000000000E-001  0.000000000000000 -.6823681647539855 -.8332868046428256 0.1635648284944904 -.2953338728808037E-002 -.8135948184181677E-002 0.1047636482420686E-001 0.5865826778948489E-001 0.2584063072950115  1.067886245800308
 0.000000000000000 0.1550000000000000E-001 -.4640000000000000E-001  0.000000000000000  1.327873207827021 0.9901772105031813 0.1635648284944904 -.3135598972353906E-002 -.1059988521104118E-001 0.9643237224171569E-002 0.5865826778948489E-001 0.1978318250993487  1.007311763604645
 0.000000000000000 0.3100000000000000E-001 -.4640000000000000E-001  0.000000000000000  3.338114580408034  2.813641225649194 0.1635648284944904 -.3317859215900088E-002 -.1306382223790027E-001 0.8810109739827886E-002 0.5865826778948489E-001 0.1372573429036869 0.9467372814089834
 0.000000000000000 0.4650000000000000E-001 -.4640000000000000E-001  0.000000000000000  5.348355952989037  4.637105240795199 0.1635648284944904 -.3500119459446049E-002 -.1552775926475997E-001 0.7976983568949001E-002 0.5865826778948489E-001 0.7668286070802467E-001 0.8861627992133212
 0.000000000000000 0.6200000000000000E-001 -.4640000000000000E-001  0.000000000000000  7.358597325570051  6.460569255941218 0.1635648284944904 -.3682379702991987E-002 -.1799169629161898E-001 0.7143857536844767E-002 0.5865826778948489E-001 0.1610837851236230E-001 0.8255883170176589
0.1550000000000000E-001  0.000000000000000 -.4640000000000000E-001  0.000000000000000  1.281195911796542 0.8646165432712032 0.1635648284944904 -.3116938368803003E-002 -.9825317275292839E-002 0.7864568047357988E-002 0.5865826778948489E-001 0.1624536784634836E-001 0.8257253063516450
0.1550000000000000E-001 0.1550000000000000E-001 -.4640000000000000E-001  0.000000000000000  3.291437284377552  2.688080558417215 0.1635648284944904 -.3299198612348976E-002 -.1228925430215216E-001 0.7031440686088135E-002 0.5865826778948489E-001 -.4432911434931421E-001 0.7651508241559823
0.1550000000000000E-001 0.3100000000000000E-001 -.4640000000000000E-001  0.000000000000000  5.301678656958573  4.511544573563232 0.1635648284944904 -.3481458855894951E-002 -.1475319132901160E-001 0.6198313701581936E-002 0.5865826778948489E-001 -.1049035965449764 0.7045763419603202
0.1550000000000000E-001 0.4650000000000000E-001 -.4640000000000000E-001  0.000000000000000  7.311920029539544  6.335008588709213 0.1635648284944904 -.3663719099441091E-002 -.1721712835587117E-001 0.5365186694582389E-002 0.5865826778948489E-001 -.1654780787406382 0.6440018597646584
0.1550000000000000E-001 0.6200000000000000E-001 -.4640000000000000E-001  0.000000000000000  9.322161402120612  8.158472603855264 0.1635648284944904 -.3845979342987041E-002 -.1968106538273036E-001 0.4532060805512584E-002 0.5865826778948489E-001 -.2260525609363000 0.5834273775689967
0.3100000000000000E-001  0.000000000000000 -.4640000000000000E-001  0.000000000000000  3.244759988347081  2.562519891185241 0.1635648284944904 -.3280538008798045E-002 -.1151468636640450E-001 0.5252763600324305E-002 0.5865826778948489E-001 -.2259155716023147 0.5835643669029820
0.3100000000000000E-001 0.1550000000000000E-001 -.4640000000000000E-001  0.000000000000000  5.255001360928088  4.385983906331248 0.1635648284944904 -.3462798252344039E-002 -.1397862339326466E-001 0.4419636641830258E-002 0.5865826778948489E-001 -.2864900537979767 0.5229898847073199
0.3100000000000000E-001 0.3100000000000000E-001 -.4640000000000000E-001  0.000000000000000  7.265242733509082  6.209447921477242 0.1635648284944904 -.3645058495890167E-002 -.1644256042012405E-001 0.3586509535810863E-002 0.5865826778948489E-001 -.3470645359936398 0.4624154025116567
0.3100000000000000E-001 0.4650000000000000E-001 -.4640000000000000E-001  0.000000000000000  9.275484106090097  8.032911936623261 0.1635648284944904 -.3827318739436168E-002 -.1890649744698306E-001 0.2753382187154808E-002 0.5865826778948489E-001 -.4076390181893024 0.4018409203159942
0.3100000000000000E-001 0.6200000000000000E-001 -.4640000000000000E-001  0.000000000000000  11.28572547867112  9.856375951769278 0.1635648284944904 -.4009578982982204E-002 -.2137043447384249E-001 0.1920255044291058E-002 0.5865826778948489E-001 -.4682135003849654 0.3412664381203312
0.4650000000000000E-001  0.000000000000000 -.4640000000000000E-001  0.000000000000000  5.208324064897612  4.260423239099275 0.1635648284944904 -.3444137648793220E-002 -.1320405545751745E-001 0.2640556251749001E-002 0.5865826778948489E-001 -.4680765110509800 0.3414034274543166
0.4650000000000000E-001 0.1550000000000000E-001 -.4640000000000000E-001  0.000000000000000  7.218565437478635  6.083887254245296 0.1635648284944904 -.3626397892339072E-002 -.1566799248437610E-001 0.1807430239671321E-002 0.5865826778948489E-001 -.5286509932466431 0.2808289452586535
0.4650000000000000E-001 0.3100000000000000E-001 -.4640000000000000E-001  0.000000000000000  9.228806810059597  7.907351269391265 0.1635648284944904 -.3808658135885166E-002 -.1813192951123583E-001 0.9743037350200716E-003 0.5865826778948489E-001 -.5892254754423057 0.2202544630629908
0.4650000000000000E-001 0.4650000000000000E-001 -.4640000000000000E-001  0.000000000000000  11.23904818264063  9.730815284537298 0.1635648284944904 -.3990918379431152E-002 -.2059586653809471E-001 0.1411772659916544E-003 0.5865826778948489E-001 -.6497999576379683 0.1596799808673283
0.4650000000000000E-001 0.6200000000000000E-001 -.4640000000000000E-001  0.000000000000000  13.24928955522165  11.55427929968331 0.1635648284944904 -.4173178622977045E-002 -.2305980356495350E-001 -.6919502437814219E-003 0.5865826778948489E-001 -.7103744398336310 0.9910549867166557E-001
0.6200000000000000E-001  0.000000000000000 -.4640000000000000E-001  0.000000000000000  7.171888141448109  5.958326587013278 0.1635648284944904 -.3607737288788157E-002 -.1489342454862864E-001 0.2824727455727141E-004 0.5865826778948489E-001 -.7102374504996452 0.9924248800565144E-001
0.6200000000000000E-001 0.1550000000000000E-001 -.4640000000000000E-001  0.000000000000000  9.182129514029135  7.781790602159299 0.1635648284944904 -.3789997532334089E-002 -.1735736157548816E-001 -.8048789459377454E-003 0.5865826778948489E-001 -.7708119326953080 0.3866800580998853E-001
0.6200000000000000E-001 0.3100000000000000E-001 -.4640000000000000E-001  0.000000000000000  11.19237088661019  9.605254617305349 0.1635648284944904 -.3972257775880127E-002 -.1982129860234636E-001 -.1638004540397040E-002 0.5865826778948489E-001 -.8313864148909709 -.2190647638567433E-001
0.6200000000000000E-001 0.4650000000000000E-001 -.4640000000000000E-001  0.000000000000000  13.20261225919119  11.42871863245135 0.1635648284944904 -.4154518019426232E-002 -.2228523562920616E-001 -.2471130824420403E-002 0.5865826778948489E-001 -.8919608970866334 -.8248095858133675E-001
0.6200000000000000E-001 0.6200000000000000E-001 -.4640000000000000E-001  0.000000000000000  15.21285363177218  13.25218264759734 0.1635648284944904 -.4336778262972371E-002 -.2474917265606543E-001 -.3304257886419105E-002 0.5865826778948489E-001 -.9525353792822957 -.1430554407769992
 0.000000000000000  0.000000000000000 -.6960000000000000E-001  0.000000000000000  1.720844660532617  1.492433070542358 0.1635648284944904 -.4297890190512779E-002 -.1161711368846127E-001 0.1056889347186025E-001 0.5865826778948489E-001 0.3067759409915155  1.116255879496812
 0.000000000000000 0.1550000000000000E-001 -.6960000000000000E-001  0.000000000000000  3.731086033113606  3.315897085688351 0.1635648284944904 -.4480150434058762E-002 -.1408105071532027E-001 0.9735766339298948E-002 0.5865826778948489E-001 0.2462014587958529  1.055681397301149
 0.000000000000000 0.3100000000000000E-001 -.6960000000000000E-001  0.000000000000000  5.741327405694617  5.139361100834364 0.1635648284944904 -.4662410677604880E-002 -.1654498774218000E-001 0.8902639609554133E-002 0.5865826778948489E-001 0.1856269766001903 0.9951069151054870
 0.000000000000000 0.4650000000000000E-001 -.6960000000000000E-001  0.000000000000000  7.751568778275625  6.962825115980370 0.1635648284944904 -.4844670921150825E-002 -.1900892476903895E-001 0.8069513428840103E-002 0.5865826778948489E-001 0.1250524944045281 0.9345324329098248
 0.000000000000000 0.6200000000000000E-001 -.6960000000000000E-001  0.000000000000000  9.761810150856634  8.786289131126386 0.1635648284944904 -.5026931164696886E-002 -.2147286179589836E-001 0.7236387633950147E-002 0.5865826778948489E-001 0.6447801220886615E-001 0.8739579507141628
0.1550000000000000E-001  0.000000000000000 -.6960000000000000E-001  0.000000000000000  3.684408737083128  3.190336418456374 0.1635648284944904 -.4461489830507788E-002 -.1330648277957282E-001 0.7957106584309443E-002 0.5865826778948489E-001 0.6461500154285164E-001 0.8740949400481483
0.1550000000000000E-001 0.1550000000000000E-001 -.6960000000000000E-001  0.000000000000000  5.694650109664143  5.013800433602389 0.1635648284944904 -.4643750074053917E-002 -.1577041980643237E-001 0.7123979666362689E-002 0.5865826778948489E-001 0.4040519347190033E-002 0.8135204578524866
0.1550000000000000E-001 0.3100000000000000E-001 -.6960000000000000E-001  0.000000000000000  7.704891482245173  6.837264448748416 0.1635648284944904 -.4826010317599929E-002 -.1823435683329182E-001 0.6290853281793659E-002 0.5865826778948489E-001 -.5653396284847195E-001 0.7529459756568246
0.1550000000000000E-001 0.4650000000000000E-001 -.6960000000000000E-001  0.000000000000000  9.715132854826175  8.660728463894420 0.1635648284944904 -.5008270561145934E-002 -.2069829386015103E-001 0.5457726279717015E-002 0.5865826778948489E-001 -.1171084450441345 0.6923714934611620
0.1550000000000000E-001 0.6200000000000000E-001 -.6960000000000000E-001  0.000000000000000  11.72537422740716  10.48419247904041 0.1635648284944904 -.5190530804691942E-002 -.2316223088701012E-001 0.4624600585757413E-002 0.5865826778948489E-001 -.1776829272397963 0.6317970112655003
0.3100000000000000E-001  0.000000000000000 -.6960000000000000E-001  0.000000000000000  5.647972813633676  4.888239766370422 0.1635648284944904 -.4625089470502834E-002 -.1499585187068461E-001 0.5345310474957283E-002 0.5865826778948489E-001 -.1775459379058108 0.6319340005994858
0.3100000000000000E-001 0.1550000000000000E-001 -.6960000000000000E-001  0.000000000000000  7.658214186214682  6.711703781516428 0.1635648284944904 -.4807349714048932E-002 -.1745978889754368E-001 0.4512182955820595E-002 0.5865826778948489E-001 -.2381204201014729 0.5713595184038236
0.3100000000000000E-001 0.3100000000000000E-001 -.6960000000000000E-001  0.000000000000000  9.668455558795669  8.535167796662423 0.1635648284944904 -.4989609957594982E-002 -.1992372592440329E-001 0.3679055734026948E-002 0.5865826778948489E-001 -.2986949022971354 0.5107850362081612
0.3100000000000000E-001 0.4650000000000000E-001 -.6960000000000000E-001  0.000000000000000  11.67869693137671  10.35863181180845 0.1635648284944904 -.5171870201140903E-002 -.2238766295126273E-001 0.2845928473103674E-002 0.5865826778948489E-001 -.3592693844927983 0.4502105540124983
0.3100000000000000E-001 0.6200000000000000E-001 -.6960000000000000E-001  0.000000000000000  13.68893830395774  12.18209582695449 0.1635648284944904 -.5354130444686887E-002 -.2485159997812151E-001 0.2012801050269242E-002 0.5865826778948489E-001 -.4198438666884610 0.3896360718168356
0.4650000000000000E-001  0.000000000000000 -.6960000000000000E-001  0.000000000000000  7.611536890184207  6.586143114284456 0.1635648284944904 -.4788689110497941E-002 -.1668522096179669E-001 0.2733129992608462E-002 0.5865826778948489E-001 -.4197068773544757 0.3897730611508209
0.4650000000000000E-001 0.1550000000000000E-001 -.6960000000000000E-001  0.000000000000000  9.621778262765227  8.409607129430471 0.1635648284944904 -.4970949354044000E-002 -.1914915798865615E-001 0.1900004566635709E-002 0.5865826778948489E-001 -.4802813595501384 0.3291985789551582
0.4650000000000000E-001 0.3100000000000000E-001 -.6960000000000000E-001  0.000000000000000  11.63201963534623  10.23307114457648 0.1635648284944904 -.5153209597589904E-002 -.2161309501551469E-001 0.1066876974994981E-002 0.5865826778948489E-001 -.5408558417458011 0.2686240967594954
0.4650000000000000E-001 0.4650000000000000E-001 -.6960000000000000E-001  0.000000000000000  13.64226100792721  12.05653515972246 0.1635648284944904 -.5335469841135895E-002 -.2407703204237351E-001 0.2337504963358389E-003 0.5865826778948489E-001 -.6014303239414642 0.2080496145638324
0.4650000000000000E-001 0.6200000000000000E-001 -.6960000000000000E-001  0.000000000000000  15.65250238050829  13.87999917486851 0.1635648284944904 -.5517730084682072E-002 -.2654096906923357E-001 -.5993768833030834E-003 0.5865826778948489E-001 -.6620048061371269 0.1474751323681697
0.6200000000000000E-001  0.000000000000000 -.6960000000000000E-001  0.000000000000000  9.575100966734720  8.284046462198466 0.1635648284944904 -.4952288750492961E-002 -.1837459005290823E-001 0.1208235516397159E-003 0.5865826778948489E-001 -.6618678168031409 0.1476121217021557
0.6200000000000000E-001 0.1550000000000000E-001 -.6960000000000000E-001  0.000000000000000  11.58534233931573  10.10751047734448 0.1635648284944904 -.5134548994038815E-002 -.2083852707976701E-001 -.7123029662865306E-003 0.5865826778948489E-001 -.7224422989988036 0.8703763950649296E-001
0.6200000000000000E-001 0.3100000000000000E-001 -.6960000000000000E-001  0.000000000000000  13.59558371189674  11.93097449249049 0.1635648284944904 -.5316809237584948E-002 -.2330246410662657E-001 -.1545428889590292E-002 0.5865826778948489E-001 -.7830167811944664 0.2646315731083015E-001
0.6200000000000000E-001 0.4650000000000000E-001 -.6960000000000000E-001  0.000000000000000  15.60582508447774  13.75443850763650 0.1635648284944904 -.5499069481130930E-002 -.2576640113348584E-001 -.2378555580699205E-002 0.5865826778948489E-001 -.8435912633901292 -.3411132488483271E-001
0.6200000000000000E-001 0.6200000000000000E-001 -.6960000000000000E-001  0.000000000000000  17.61606645705878  15.57790252278254 0.1635648284944904 -.5681329724676889E-002 -.2823033816034514E-001 -.3211682961301018E-002 0.5865826778948489E-001 -.9041657455857923 -.9468580708049579E-001
 0.000000000000000  0.000000000000000 -.9279999999999999E-001  0.000000000000000  4.124057485819195  3.818152945727524 0.1635648284944904 -.5642441652217473E-002 -.1509827919274032E-001 0.1066142078161249E-001 0.5865826778948489E-001 0.3551455746880199  1.164625513193317
 0.000000000000000 0.1550000000000000E-001 -.9279999999999999E-001  0.000000000000000  6.134298858400195  5.641616960873532 0.1635648284944904 -.5824701895763332E-002 -.1756221621959892E-001 0.9828293761297542E-002 0.5865826778948489E-001 0.2945710924923566  1.104051030997653
 0.000000000000000 0.3100000000000000E-001 -.9279999999999999E-001  0.000000000000000  8.144540230981207  7.465080976019538 0.1635648284944904 -.6006962139309475E-002 -.2002615324645891E-001 0.8995167602371108E-002 0.5865826778948489E-001 0.2339966102966944  1.043476548801991
 0.000000000000000 0.4650000000000000E-001 -.9279999999999999E-001  0.000000000000000  10.15478160356221  9.288544991165558 0.1635648284944904 -.6189222382855638E-002 -.2249009027331845E-001 0.8162040762635703E-002 0.5865826778948489E-001 0.1734221281010320 0.9829020666063286
 0.000000000000000 0.6200000000000000E-001 -.9279999999999999E-001  0.000000000000000  12.16502297614322  11.11200900631155 0.1635648284944904 -.6371482626401474E-002 -.2495402730017734E-001 0.7328914661405400E-002 0.5865826778948489E-001 0.1128476459053698 0.9223275844106664
0.1550000000000000E-001  0.000000000000000 -.9279999999999999E-001  0.000000000000000  6.087621562369734  5.516056293641566 0.1635648284944904 -.5806041292212242E-002 -.1678764828385249E-001 0.8049618449809125E-002 0.5865826778948489E-001 0.1129846352393555 0.9224645737446522
0.1550000000000000E-001 0.1550000000000000E-001 -.9279999999999999E-001  0.000000000000000  8.097862934950728  7.339520308787560 0.1635648284944904 -.5988301535758456E-002 -.1925158531071083E-001 0.7216491698048505E-002 0.5865826778948489E-001 0.5241015304369370E-001 0.8618900915489902
0.1550000000000000E-001 0.3100000000000000E-001 -.9279999999999999E-001  0.000000000000000  10.10810430753174  9.162984323933573 0.1635648284944904 -.6170561779304496E-002 -.2171552233757062E-001 0.6383365337498134E-002 0.5865826778948489E-001 -.8164329151968684E-002 0.8013156093533279
0.1550000000000000E-001 0.4650000000000000E-001 -.9279999999999999E-001  0.000000000000000  12.11834568011276  10.98644833907959 0.1635648284944904 -.6352822022850459E-002 -.2417945936442986E-001 0.5550239039897524E-002 0.5865826778948489E-001 -.6873881134763106E-001 0.7407411271576656
0.1550000000000000E-001 0.6200000000000000E-001 -.9279999999999999E-001  0.000000000000000  14.12858705269374  12.80991235422558 0.1635648284944904 -.6535082266396576E-002 -.2664339639128975E-001 0.4717113174276275E-002 0.5865826778948489E-001 -.1293132935432929 0.6801666449620037
0.3100000000000000E-001  0.000000000000000 -.9279999999999999E-001  0.000000000000000  8.051185638920247  7.213959641555582 0.1635648284944904 -.5969640932207523E-002 -.1847701737496340E-001 0.5437860761383818E-002 0.5865826778948489E-001 -.1291763042093072 0.6803036342959894
0.3100000000000000E-001 0.1550000000000000E-001 -.9279999999999999E-001  0.000000000000000  10.06142701150125  9.037423656701590 0.1635648284944904 -.6151901175753537E-002 -.2094095440182334E-001 0.4604733629341000E-002 0.5865826778948489E-001 -.1897507864049692 0.6197291521003274
0.3100000000000000E-001 0.3100000000000000E-001 -.9279999999999999E-001  0.000000000000000  12.07166838408229  10.86088767184762 0.1635648284944904 -.6334161419299619E-002 -.2340489142868236E-001 0.3771606580015870E-002 0.5865826778948489E-001 -.2503252686006314 0.5591546699046652
0.3100000000000000E-001 0.4650000000000000E-001 -.9279999999999999E-001  0.000000000000000  14.08190975666329  12.68435168699363 0.1635648284944904 -.6516421662845538E-002 -.2586882845554102E-001 0.2938480148030463E-002 0.5865826778948489E-001 -.3108997507962941 0.4985801877090025
0.3100000000000000E-001 0.6200000000000000E-001 -.9279999999999999E-001  0.000000000000000  16.09215112924428  14.50781570213962 0.1635648284944904 -.6698681906391526E-002 -.2833276548240062E-001 0.2105352863249795E-002 0.5865826778948489E-001 -.3714742329919569 0.4380057055133397
0.4650000000000000E-001  0.000000000000000 -.9279999999999999E-001  0.000000000000000  10.01474971547077  8.911862989469604 0.1635648284944904 -.6133240572202542E-002 -.2016638646607536E-001 0.2825703490103921E-002 0.5865826778948489E-001 -.3713372436579717 0.4381426948473249
0.4650000000000000E-001 0.1550000000000000E-001 -.9279999999999999E-001  0.000000000000000  12.02499108805181  10.73532700461564 0.1635648284944904 -.6315500815748732E-002 -.2263032349293496E-001 0.1992578144084593E-002 0.5865826778948489E-001 -.4319117258536343 0.3775682126516623
0.4650000000000000E-001 0.3100000000000000E-001 -.9279999999999999E-001  0.000000000000000  14.03523246063278  12.55879101976162 0.1635648284944904 -.6497761059294714E-002 -.2509426051979445E-001 0.1159450902279652E-002 0.5865826778948489E-001 -.4924862080492970 0.3169937304559996
0.4650000000000000E-001 0.4650000000000000E-001 -.9279999999999999E-001  0.000000000000000  16.04547383321382  14.38225503490765 0.1635648284944904 -.6680021302840762E-002 -.2755819754665397E-001 0.3263235894495051E-003 0.5865826778948489E-001 -.5530606902449597 0.2564192482603369
0.4650000000000000E-001 0.6200000000000000E-001 -.9279999999999999E-001  0.000000000000000  18.05571520579483  16.20571905005367 0.1635648284944904 -.6862281546386627E-002 -.3002213457351247E-001 -.5068027223570710E-003 0.5865826778948489E-001 -.6136351724406225 0.1958447660646741
0.6200000000000000E-001  0.000000000000000 -.9279999999999999E-001  0.000000000000000  11.97831379202132  10.60976633738365 0.1635648284944904 -.6296840212197604E-002 -.2185575555718678E-001 0.2134136924747804E-003 0.5865826778948489E-001 -.6134981831066370 0.1959817553986596
0.6200000000000000E-001 0.1550000000000000E-001 -.9279999999999999E-001  0.000000000000000  13.98855516460234  12.43323035252967 0.1635648284944904 -.6479100455743760E-002 -.2431969258404685E-001 -.6197128859133713E-003 0.5865826778948489E-001 -.6740726653022997 0.1354072732029969
0.6200000000000000E-001 0.3100000000000000E-001 -.9279999999999999E-001  0.000000000000000  15.99879653718331  14.25669436767565 0.1635648284944904 -.6661360699289675E-002 -.2678362961090637E-001 -.1452838229545064E-002 0.5865826778948489E-001 -.7346471474979624 0.7483279100733420E-001
0.6200000000000000E-001 0.4650000000000000E-001 -.9279999999999999E-001  0.000000000000000  18.00903790976436  16.08015838282168 0.1635648284944904 -.6843620942835596E-002 -.2924756663776489E-001 -.2285965534704935E-002 0.5865826778948489E-001 -.7952216296936246 0.1425830881167200E-001
0.6200000000000000E-001 0.6200000000000000E-001 -.9279999999999999E-001  0.000000000000000  20.01927928234534  17.90362239796768 0.1635648284944904 -.7025881186381696E-002 -.3171150366462419E-001 -.3119092988138256E-002 0.5865826778948489E-001 -.8557961118892873 -.4631617338399063E-001
