 SGx1               SGx2               SGy1               SGy2               spin_ref          spin_x                  spin_y                  spin_z
 0.000000000000000  0.000000000000000  0.000000000000000  0.000000000000000  0.000000000000000 -.2642359386850757E-009 -.1173617231176038E-008 0.1029062945967496E-009
 0.000000000000000 0.2000000000000000E-001  0.000000000000000  0.000000000000000  0.000000000000000 -.4993528646135559E-009 -.4352902427395833E-008 0.9215714302790445E-010
 0.000000000000000 0.4000000000000000E-001  0.000000000000000  0.000000000000000  0.000000000000000 -.7343521901681527E-009 -.7532198392778966E-008 0.8140779717002999E-010
 0.000000000000000 0.6000000000000000E-001  0.000000000000000  0.000000000000000  0.000000000000000 -.9692339431044417E-009 -.1071150515508101E-007 0.7065825702312623E-010
 0.000000000000000 0.8000000000000000E-001  0.000000000000000  0.000000000000000  0.000000000000000 -.1203998151177998E-008 -.1389082268654640E-007 0.5990849483161753E-010
0.2000000000000000E-001  0.000000000000000  0.000000000000000  0.000000000000000  0.000000000000000 -.4750963233934868E-009 -.3354642341690806E-008 0.6920888862005370E-010
0.2000000000000000E-001 0.2000000000000000E-001  0.000000000000000  0.000000000000000  0.000000000000000 -.7099615340067089E-009 -.6536048452465693E-008 0.5845970929563293E-010
0.2000000000000000E-001 0.4000000000000000E-001  0.000000000000000  0.000000000000000  0.000000000000000 -.9447091442460476E-009 -.9717465387915070E-008 0.4771039119333409E-010
0.2000000000000000E-001 0.6000000000000000E-001  0.000000000000000  0.000000000000000  0.000000000000000 -.1179339181867078E-008 -.1289889306477221E-007 0.3696082329085471E-010
0.2000000000000000E-001 0.8000000000000000E-001  0.000000000000000  0.000000000000000  0.000000000000000 -.1413851674625377E-008 -.1608033153854826E-007 0.2621103334377040E-010
0.4000000000000000E-001  0.000000000000000  0.000000000000000  0.000000000000000  0.000000000000000 -.6856552825507123E-009 -.5538113745373607E-008 0.3550712501798614E-010
0.4000000000000000E-001 0.2000000000000000E-001  0.000000000000000  0.000000000000000  0.000000000000000 -.9202687500931006E-009 -.8721640826214738E-008 0.2475786242683853E-010
0.4000000000000000E-001 0.4000000000000000E-001  0.000000000000000  0.000000000000000  0.000000000000000 -.1154764672772757E-008 -.1190517870397478E-007 0.1400843330223722E-010
0.4000000000000000E-001 0.6000000000000000E-001  0.000000000000000  0.000000000000000  0.000000000000000 -.1389142967322954E-008 -.1508872729538702E-007 0.3258809888606606E-011
0.4000000000000000E-001 0.8000000000000000E-001  0.000000000000000  0.000000000000000  0.000000000000000 -.1623403744765994E-008 -.1827228673922932E-007 -.7491007814053319E-011
0.6000000000000000E-001  0.000000000000000  0.000000000000000  0.000000000000000  0.000000000000000 -.8959127884011764E-009 -.7724031553246746E-008 0.1802447080478942E-011
0.6000000000000000E-001 0.2000000000000000E-001  0.000000000000000  0.000000000000000  0.000000000000000 -.1130274568383882E-008 -.1090967954864297E-007 -.8946843266244286E-011
0.6000000000000000E-001 0.4000000000000000E-001  0.000000000000000  0.000000000000000  0.000000000000000 -.1364518747992705E-008 -.1409533831320253E-007 -.1969630014642121E-010
0.6000000000000000E-001 0.6000000000000000E-001  0.000000000000000  0.000000000000000  0.000000000000000 -.1598645327227644E-008 -.1728100790243658E-007 -.3044595131562744E-010
0.6000000000000000E-001 0.8000000000000000E-001  0.000000000000000  0.000000000000000  0.000000000000000 -.1832654389355426E-008 -.2046668823307840E-007 -.4119582452943860E-010
0.8000000000000000E-001  0.000000000000000  0.000000000000000  0.000000000000000  0.000000000000000 -.1105868924211606E-008 -.9912395654287920E-008 -.3189778996492976E-010
0.8000000000000000E-001 0.2000000000000000E-001  0.000000000000000  0.000000000000000  0.000000000000000 -.1339978933367902E-008 -.1310016459199481E-007 -.4264708031165299E-010
0.8000000000000000E-001 0.4000000000000000E-001  0.000000000000000  0.000000000000000  0.000000000000000 -.1573971397661467E-008 -.1628794432662062E-007 -.5339656494740552E-010
0.8000000000000000E-001 0.6000000000000000E-001  0.000000000000000  0.000000000000000  0.000000000000000 -.1807846261581147E-008 -.1947573483040976E-007 -.6414621611661175E-010
0.8000000000000000E-001 0.8000000000000000E-001  0.000000000000000  0.000000000000000  0.000000000000000 -.2041603580638096E-008 -.2266353610336225E-007 -.7489611708599853E-010
 0.000000000000000  0.000000000000000 -.3000000000000000E-001  0.000000000000000  0.000000000000000 -.2002227050823535E-008 -.5729055341241462E-008 0.1041028929726906E-009
 0.000000000000000 0.2000000000000000E-001 -.3000000000000000E-001  0.000000000000000  0.000000000000000 -.2238139340526857E-008 -.8880326390903193E-008 0.9335385242614791E-010
 0.000000000000000 0.4000000000000000E-001 -.3000000000000000E-001  0.000000000000000  0.000000000000000 -.2473934085367446E-008 -.1203160818197269E-007 0.8260467310172714E-010
 0.000000000000000 0.6000000000000000E-001 -.3000000000000000E-001  0.000000000000000  0.000000000000000 -.2709611257589728E-008 -.1518290076996109E-007 0.7185524397712584E-010
 0.000000000000000 0.8000000000000000E-001 -.3000000000000000E-001  0.000000000000000  0.000000000000000 -.2945170829438126E-008 -.1833420415486842E-007 0.6110553729676838E-010
0.2000000000000000E-001  0.000000000000000 -.3000000000000000E-001  0.000000000000000  0.000000000000000 -.2213159072672610E-008 -.7890696318568757E-008 0.7040501515120923E-010
0.2000000000000000E-001 0.2000000000000000E-001 -.3000000000000000E-001  0.000000000000000  0.000000000000000 -.2448819647060674E-008 -.1104408828278558E-007 0.5965597460466654E-010
0.2000000000000000E-001 0.4000000000000000E-001 -.3000000000000000E-001  0.000000000000000  0.000000000000000 -.2684362676586005E-008 -.1419749101616574E-007 0.4890668425794331E-010
0.2000000000000000E-001 0.6000000000000000E-001 -.3000000000000000E-001  0.000000000000000  0.000000000000000 -.2919788133493029E-008 -.1735090454646482E-007 0.3815725513334201E-010
0.2000000000000000E-001 0.8000000000000000E-001 -.3000000000000000E-001  0.000000000000000  0.000000000000000 -.3155095990026169E-008 -.2050432881817166E-007 0.2740763171971139E-010
0.4000000000000000E-001  0.000000000000000 -.3000000000000000E-001  0.000000000000000  0.000000000000000 -.2423789668970500E-008 -.1005478358906409E-007 0.3670297399338551E-010
0.4000000000000000E-001 0.2000000000000000E-001 -.3000000000000000E-001  0.000000000000000  0.000000000000000 -.2659198528043305E-008 -.1321029646783600E-007 0.2595390569126721E-010
0.4000000000000000E-001 0.4000000000000000E-001 -.3000000000000000E-001  0.000000000000000  0.000000000000000 -.2894489842253378E-008 -.1636582017128241E-007 0.1520458758896837E-010
0.4000000000000000E-001 0.6000000000000000E-001 -.3000000000000000E-001  0.000000000000000  0.000000000000000 -.3129663583845144E-008 -.1952135461613658E-007 0.4455130708791444E-011
0.4000000000000000E-001 0.8000000000000000E-001 -.3000000000000000E-001  0.000000000000000  0.000000000000000 -.3364719725063026E-008 -.2267689985790966E-007 -.6294548215990403E-011
0.6000000000000000E-001  0.000000000000000 -.3000000000000000E-001  0.000000000000000  0.000000000000000 -.2634118839717203E-008 -.1222131720823860E-007 0.2998185033575851E-011
0.6000000000000000E-001 0.2000000000000000E-001 -.3000000000000000E-001  0.000000000000000  0.000000000000000 -.2869276011230326E-008 -.1537895105707676E-007 -.7750938779693684E-011
0.6000000000000000E-001 0.4000000000000000E-001 -.3000000000000000E-001  0.000000000000000  0.000000000000000 -.3104315554613990E-008 -.1853659567507826E-007 -.1850025688199253E-010
0.6000000000000000E-001 0.6000000000000000E-001 -.3000000000000000E-001  0.000000000000000  0.000000000000000 -.3339237580890497E-008 -.2169425106224310E-007 -.2924979702889630E-010
0.6000000000000000E-001 0.8000000000000000E-001 -.3000000000000000E-001  0.000000000000000  0.000000000000000 -.3574042006793121E-008 -.2485191724632685E-007 -.3999950370925376E-010
0.8000000000000000E-001  0.000000000000000 -.3000000000000000E-001  0.000000000000000  0.000000000000000 -.2844146584912721E-008 -.1439029717609230E-007 -.3070541043648234E-010
0.8000000000000000E-001 0.2000000000000000E-001 -.3000000000000000E-001  0.000000000000000  0.000000000000000 -.3079052013355010E-008 -.1755005193948556E-007 -.4145458976090310E-010
0.8000000000000000E-001 0.4000000000000000E-001 -.3000000000000000E-001  0.000000000000000  0.000000000000000 -.3313839869178992E-008 -.2070981747204215E-007 -.5220393561877756E-010
0.8000000000000000E-001 0.6000000000000000E-001 -.3000000000000000E-001  0.000000000000000  0.000000000000000 -.3548510152384665E-008 -.2386959382927323E-007 -.6295350352125695E-010
0.8000000000000000E-001 0.8000000000000000E-001 -.3000000000000000E-001  0.000000000000000  0.000000000000000 -.3783062862972031E-008 -.2702938092791207E-007 -.7370323795719003E-010
 0.000000000000000  0.000000000000000 -.6000000000000000E-001  0.000000000000000  0.000000000000000 -.3738820530951870E-008 -.1038975402933850E-007 0.1052991582817242E-009
 0.000000000000000 0.2000000000000000E-001 -.6000000000000000E-001  0.000000000000000  0.000000000000000 -.3975528239941184E-008 -.1351301090468660E-007 0.9455025651305959E-010
 0.000000000000000 0.4000000000000000E-001 -.6000000000000000E-001  0.000000000000000  0.000000000000000 -.4212118348556615E-008 -.1663627854919802E-007 0.8380118821094129E-010
 0.000000000000000 0.6000000000000000E-001 -.6000000000000000E-001  0.000000000000000  0.000000000000000 -.4448590940064889E-008 -.1975955693511722E-007 0.7305195337536929E-010
 0.000000000000000 0.8000000000000000E-001 -.6000000000000000E-001  0.000000000000000  0.000000000000000 -.4684945958954856E-008 -.2288284614571090E-007 0.6230249649519237E-010
0.2000000000000000E-001  0.000000000000000 -.6000000000000000E-001  0.000000000000000  0.000000000000000 -.3949824217697184E-008 -.1253201081796718E-007 0.7160111392678914E-010
0.2000000000000000E-001 0.2000000000000000E-001 -.6000000000000000E-001  0.000000000000000  0.000000000000000 -.4186280211371241E-008 -.1565738863562594E-007 0.6085221215812453E-010
0.2000000000000000E-001 0.4000000000000000E-001 -.6000000000000000E-001  0.000000000000000  0.000000000000000 -.4422618632426989E-008 -.1878277719469246E-007 0.5010308834485500E-010
0.2000000000000000E-001 0.6000000000000000E-001 -.6000000000000000E-001  0.000000000000000  0.000000000000000 -.4658839480864430E-008 -.2190817655067789E-007 0.3935379799813177E-010
0.2000000000000000E-001 0.8000000000000000E-001 -.6000000000000000E-001  0.000000000000000  0.000000000000000 -.4894942756683562E-008 -.2503358670358224E-007 0.2860431336237923E-010
0.4000000000000000E-001  0.000000000000000 -.6000000000000000E-001  0.000000000000000  0.000000000000000 -.4160526451135738E-008 -.1467671395527503E-007 0.3789896174666296E-010
0.4000000000000000E-001 0.2000000000000000E-001 -.6000000000000000E-001  0.000000000000000  0.000000000000000 -.4396730729494536E-008 -.1780421265973331E-007 0.2715000446684712E-010
0.4000000000000000E-001 0.4000000000000000E-001 -.6000000000000000E-001  0.000000000000000  0.000000000000000 -.4632817462990602E-008 -.2093172218886608E-007 0.1640085289800197E-010
0.4000000000000000E-001 0.6000000000000000E-001 -.6000000000000000E-001  0.000000000000000  0.000000000000000 -.4868786568357208E-008 -.2405924248716218E-007 0.5651507040127512E-011
0.4000000000000000E-001 0.8000000000000000E-001 -.6000000000000000E-001  0.000000000000000  0.000000000000000 -.5104638128861083E-008 -.2718677355462162E-007 -.5098005351200641E-011
0.6000000000000000E-001  0.000000000000000 -.6000000000000000E-001  0.000000000000000  0.000000000000000 -.4370927286778681E-008 -.1682386344126208E-007 0.4193728697643451E-011
0.6000000000000000E-001 0.2000000000000000E-001 -.6000000000000000E-001  0.000000000000000  0.000000000000000 -.4606879849822221E-008 -.1995348308803102E-007 -.6555228582172390E-011
0.6000000000000000E-001 0.4000000000000000E-001 -.6000000000000000E-001  0.000000000000000  0.000000000000000 -.4842714840247453E-008 -.2308311353171888E-007 -.1730440790659316E-010
0.6000000000000000E-001 0.6000000000000000E-001 -.6000000000000000E-001  0.000000000000000  0.000000000000000 -.5078432230298802E-008 -.2621275474457008E-007 -.2805380927561885E-010
0.6000000000000000E-001 0.8000000000000000E-001 -.6000000000000000E-001  0.000000000000000  0.000000000000000 -.5314032075487418E-008 -.2934240678209576E-007 -.3880334942252261E-010
0.8000000000000000E-001  0.000000000000000 -.6000000000000000E-001  0.000000000000000  0.000000000000000 -.4581026696870438E-008 -.1897345922041715E-007 -.2951017208374651E-010
0.8000000000000000E-001 0.2000000000000000E-001 -.6000000000000000E-001  0.000000000000000  0.000000000000000 -.4816727489087569E-008 -.2210519983725234E-007 -.4025921263028920E-010
0.8000000000000000E-001 0.4000000000000000E-001 -.6000000000000000E-001  0.000000000000000  0.000000000000000 -.5052310764197543E-008 -.2523695119549529E-007 -.5100839195470996E-010
0.8000000000000000E-001 0.6000000000000000E-001 -.6000000000000000E-001  0.000000000000000  0.000000000000000 -.5287776438933633E-008 -.2836871337841274E-007 -.6175782107931127E-010
0.8000000000000000E-001 0.8000000000000000E-001 -.6000000000000000E-001  0.000000000000000  0.000000000000000 -.5523124568806992E-008 -.3150048633049352E-007 -.7250741673736627E-010
 0.000000000000000  0.000000000000000 -.9000000000000000E-001  0.000000000000000  0.000000000000000 -.5474016462336806E-008 -.1515571326771159E-007 0.1064953680796066E-009
 0.000000000000000 0.2000000000000000E-001 -.9000000000000000E-001  0.000000000000000  0.000000000000000 -.5711519535100962E-008 -.1825095594099047E-007 0.9574663284439566E-010
 0.000000000000000 0.4000000000000000E-001 -.9000000000000000E-001  0.000000000000000  0.000000000000000 -.5948905090757961E-008 -.2134620943894383E-007 0.8499773107573105E-010
 0.000000000000000 0.6000000000000000E-001 -.9000000000000000E-001  0.000000000000000  0.000000000000000 -.6186173073796652E-008 -.2444147365054938E-007 0.7424860726246152E-010
 0.000000000000000 0.8000000000000000E-001 -.9000000000000000E-001  0.000000000000000  0.000000000000000 -.6423323456461461E-008 -.2753674871458500E-007 0.6349931691573829E-010
0.2000000000000000E-001  0.000000000000000 -.9000000000000000E-001  0.000000000000000  0.000000000000000 -.5685091786222785E-008 -.1727858589539721E-007 0.7279687963546166E-010
0.2000000000000000E-001 0.2000000000000000E-001 -.9000000000000000E-001  0.000000000000000  0.000000000000000 -.5922343171427258E-008 -.2037594953874233E-007 0.6204808888909952E-010
0.2000000000000000E-001 0.4000000000000000E-001 -.9000000000000000E-001  0.000000000000000  0.000000000000000 -.6159476984013423E-008 -.2347332395125079E-007 0.5129913160928368E-010
0.2000000000000000E-001 0.6000000000000000E-001 -.9000000000000000E-001  0.000000000000000  0.000000000000000 -.6396493251736857E-008 -.2657070910516701E-007 0.4054998004043853E-010
0.2000000000000000E-001 0.8000000000000000E-001 -.9000000000000000E-001  0.000000000000000  0.000000000000000 -.6633391919086407E-008 -.2966810508375772E-007 0.2980077296044215E-010
0.4000000000000000E-001  0.000000000000000 -.9000000000000000E-001  0.000000000000000  0.000000000000000 -.5895865684557577E-008 -.1940390487176202E-007 0.3909486623321357E-010
0.4000000000000000E-001 0.2000000000000000E-001 -.9000000000000000E-001  0.000000000000000  0.000000000000000 -.6132865354446793E-008 -.2250338942966223E-007 0.2834607548685142E-010
0.4000000000000000E-001 0.4000000000000000E-001 -.9000000000000000E-001  0.000000000000000  0.000000000000000 -.6369747451717700E-008 -.2560288475672579E-007 0.1759706269588435E-010
0.4000000000000000E-001 0.6000000000000000E-001 -.9000000000000000E-001  0.000000000000000  0.000000000000000 -.6606512004125875E-008 -.2870239090846383E-007 0.6847883371463581E-011
0.4000000000000000E-001 0.8000000000000000E-001 -.9000000000000000E-001  0.000000000000000  0.000000000000000 -.6843158928404591E-008 -.3180190777385405E-007 -.3901517997562109E-011
0.6000000000000000E-001  0.000000000000000 -.9000000000000000E-001  0.000000000000000  0.000000000000000 -.6106338157341185E-008 -.2153167019680602E-007 0.5389438895164744E-011
0.6000000000000000E-001 0.2000000000000000E-001 -.9000000000000000E-001  0.000000000000000  0.000000000000000 -.6343086111915142E-008 -.2463327566926132E-007 -.5359379606773018E-011
0.6000000000000000E-001 0.4000000000000000E-001 -.9000000000000000E-001  0.000000000000000  0.000000000000000 -.6579716493870791E-008 -.2773489196639112E-007 -.1610842015331571E-010
0.6000000000000000E-001 0.6000000000000000E-001 -.9000000000000000E-001  0.000000000000000  0.000000000000000 -.6816229303208132E-008 -.3083651903268425E-007 -.2685765498888770E-010
0.6000000000000000E-001 0.8000000000000000E-001 -.9000000000000000E-001  0.000000000000000  0.000000000000000 -.7052624512171590E-008 -.3393815684038515E-007 -.3760711186906462E-010
0.8000000000000000E-001  0.000000000000000 -.9000000000000000E-001  0.000000000000000  0.000000000000000 -.6316509176818030E-008 -.2366188181501805E-007 -.2831510026446438E-010
0.8000000000000000E-001 0.2000000000000000E-001 -.9000000000000000E-001  0.000000000000000  0.000000000000000 -.6553005443832305E-008 -.2676560825753960E-007 -.3906397427755337E-010
0.8000000000000000E-001 0.4000000000000000E-001 -.9000000000000000E-001  0.000000000000000  0.000000000000000 -.6789384082717120E-008 -.2986934546922448E-007 -.4981293155736921E-010
0.8000000000000000E-001 0.6000000000000000E-001 -.9000000000000000E-001  0.000000000000000  0.000000000000000 -.7025645176739204E-008 -.3297309345007271E-007 -.6056219414851682E-010
0.8000000000000000E-001 0.8000000000000000E-001 -.9000000000000000E-001  0.000000000000000  0.000000000000000 -.7261788670387403E-008 -.3607685225559543E-007 -.7131165102869375E-010
 0.000000000000000  0.000000000000000 -.1200000000000000  0.000000000000000  0.000000000000000 -.7207814761711617E-008 -.2002693305636072E-007 0.1076916333886402E-009
 0.000000000000000 0.2000000000000000E-001 -.1200000000000000  0.000000000000000  0.000000000000000 -.7446113281517341E-008 -.2309416155532595E-007 0.9694306468688296E-010
 0.000000000000000 0.4000000000000000E-001 -.1200000000000000  0.000000000000000  0.000000000000000 -.7684294200949182E-008 -.2616140085121010E-007 0.8619427394052082E-010
 0.000000000000000 0.6000000000000000E-001 -.1200000000000000  0.000000000000000  0.000000000000000 -.7922357603273866E-008 -.2922865094401317E-007 0.7544531666070498E-010
 0.000000000000000 0.8000000000000000E-001 -.1200000000000000  0.000000000000000  0.000000000000000 -.8160303405224667E-008 -.3229591180597957E-007 0.6469613733628421E-010
0.2000000000000000E-001  0.000000000000000 -.1200000000000000  0.000000000000000  0.000000000000000 -.7418961750493835E-008 -.2213042152310329E-007 0.7399264534413419E-010
0.2000000000000000E-001 0.2000000000000000E-001 -.1200000000000000  0.000000000000000  0.000000000000000 -.7657008554984301E-008 -.2519977096437920E-007 0.6324402113122574E-010
0.2000000000000000E-001 0.4000000000000000E-001 -.1200000000000000  0.000000000000000  0.000000000000000 -.7894937786856460E-008 -.2826913123032959E-007 0.5249520262928797E-010
0.2000000000000000E-001 0.6000000000000000E-001 -.1200000000000000  0.000000000000000  0.000000000000000 -.8132749418354734E-008 -.3133850220993217E-007 0.4174618983832090E-010
0.2000000000000000E-001 0.8000000000000000E-001 -.1200000000000000  0.000000000000000  0.000000000000000 -.8370443504990277E-008 -.3440788404196482E-007 0.3099701051390014E-010
0.4000000000000000E-001  0.000000000000000 -.1200000000000000  0.000000000000000  0.000000000000000 -.7629807313724868E-008 -.2423635633852506E-007 0.4029296341023780E-010
0.4000000000000000E-001 0.2000000000000000E-001 -.1200000000000000  0.000000000000000  0.000000000000000 -.7867602402900076E-008 -.2730782672211163E-007 0.2954433919732935E-010
0.4000000000000000E-001 0.4000000000000000E-001 -.1200000000000000  0.000000000000000  0.000000000000000 -.8105279891701400E-008 -.3037930787486154E-007 0.1879557620654282E-010
0.4000000000000000E-001 0.6000000000000000E-001 -.1200000000000000  0.000000000000000  0.000000000000000 -.8342839807884417E-008 -.3345079985228594E-007 0.8046535660000131E-011
0.4000000000000000E-001 0.8000000000000000E-001 -.1200000000000000  0.000000000000000  0.000000000000000 -.8580282179204701E-008 -.3652230259887368E-007 -.2702699175571865E-011
0.6000000000000000E-001  0.000000000000000 -.1200000000000000  0.000000000000000  0.000000000000000 -.7840351423649139E-008 -.2634473750262600E-007 0.6587702605642676E-011
0.6000000000000000E-001 0.2000000000000000E-001 -.1200000000000000  0.000000000000000  0.000000000000000 -.8077894797509089E-008 -.2941832882852324E-007 -.4160949362841393E-011
0.6000000000000000E-001 0.4000000000000000E-001 -.1200000000000000  0.000000000000000  0.000000000000000 -.8315320570995155E-008 -.3249193092358382E-007 -.1490985113150600E-010
0.6000000000000000E-001 0.6000000000000000E-001 -.1200000000000000  0.000000000000000  0.000000000000000 -.8552628771862913E-008 -.3556554381556332E-007 -.2565891943362431E-010
0.6000000000000000E-001 0.8000000000000000E-001 -.1200000000000000  0.000000000000000  0.000000000000000 -.8789819427867940E-008 -.3863916747670615E-007 -.3640823753592315E-010
0.8000000000000000E-001  0.000000000000000 -.1200000000000000  0.000000000000000  0.000000000000000 -.8050594135777800E-008 -.2845556498765056E-007 -.2711988966730416E-010
0.8000000000000000E-001 0.2000000000000000E-001 -.1200000000000000  0.000000000000000  0.000000000000000 -.8287885738811340E-008 -.3153127722810289E-007 -.3786862490251508E-010
0.8000000000000000E-001 0.4000000000000000E-001 -.1200000000000000  0.000000000000000  0.000000000000000 -.8525059824737724E-008 -.3460700029322972E-007 -.4861755442675531E-010
0.8000000000000000E-001 0.6000000000000000E-001 -.1200000000000000  0.000000000000000  0.000000000000000 -.8762116310290224E-008 -.3768273409976430E-007 -.5936665048444922E-010
0.8000000000000000E-001 0.8000000000000000E-001 -.1200000000000000  0.000000000000000  0.000000000000000 -.8999055223224417E-008 -.4075847873097338E-007 -.7011599634232368E-010
