BETA     element
 12.72390000000000      0.000000000000000
 12.21722870920874      1.000000000000000
 2.214886417989470      2.000000000000000
 2.333205106028370      3.000000000000000
 2.819312066017489      4.000000000000000
 9.004246629934237      5.000000000000000
 11.33094785727053      6.000000000000000
 11.00344975696917      7.000000000000000
 9.322641892736341      8.000000000000000
 1.744237407869988      9.000000000000000
 1.322648856517147      10.00000000000000
 1.153617675422733      11.00000000000000
 1.039434962319599      12.00000000000000
 1.026992843294532      13.00000000000000
 1.340136971788391      14.00000000000000
 7.867862957612184      15.00000000000000
 9.264563595550618      16.00000000000000
 10.04347392681563      17.00000000000000
 10.71885951260517      18.00000000000000
 11.04982470701393      19.00000000000000
 1.838805404605281      20.00000000000000
 1.695947774222602      21.00000000000000
 1.682858218391275      22.00000000000000
 1.682858339550102      23.00000000000000
 1.695948097312807      24.00000000000000
 1.838806178497329      25.00000000000000
 11.04983561612932      26.00000000000000
 10.71886990801093      27.00000000000000
 10.04348361104701      28.00000000000000
 9.264572456949359      29.00000000000000
 7.867870335150569      30.00000000000000
 1.340137016654902      31.00000000000000
 1.026992443013451      32.00000000000000
 1.039433975614760      33.00000000000000
 1.153616526428677      34.00000000000000
 1.322647521692900      35.00000000000000
 1.744235744060909      36.00000000000000
 9.322638891843683      37.00000000000000
 11.00344673902626      38.00000000000000
 11.33094551644881      39.00000000000000
 9.004245569277538      40.00000000000000
 2.819313682040840      41.00000000000000
 2.333206794267865      42.00000000000000
 2.214888473746816      43.00000000000000
 12.21723583425380      44.00000000000000
 12.72390708263880      45.00000000000000
