BETA     element
 1.601280000000000      0.000000000000000
 1.692514616554134      1.000000000000000
 12.34920023351433      2.000000000000000
 11.80448026608391      3.000000000000000
 9.872018813487676      4.000000000000000
 1.399368803115060      5.000000000000000
0.7518532970040362      6.000000000000000
0.8442657450367574      7.000000000000000
 1.259955475075838      8.000000000000000
 10.05259135591854      9.000000000000000
 11.92380024751541      10.00000000000000
 12.96728356591025      11.00000000000000
 13.87205321708421      12.00000000000000
 14.38667649212993      13.00000000000000
 12.73430098865264      14.00000000000000
 4.057184012618101      15.00000000000000
 3.341806571027508      16.00000000000000
 3.007505664944404      17.00000000000000
 2.749318456564454      18.00000000000000
 2.415684203521795      19.00000000000000
 8.082673480024448      20.00000000000000
 8.432344075628135      21.00000000000000
 8.429721334839181      22.00000000000000
 8.429705983556136      23.00000000000000
 8.432303138873356      24.00000000000000
 8.082582123360973      25.00000000000000
 2.415376673005048      26.00000000000000
 2.748975668162217      27.00000000000000
 3.007137571437276      28.00000000000000
 3.341408137887894      29.00000000000000
 4.056727509300973      30.00000000000000
 12.73341240132780      31.00000000000000
 14.38573025862355      32.00000000000000
 13.87122516920191      33.00000000000000
 12.96653148902123      34.00000000000000
 11.92313505902202      35.00000000000000
 10.05207966252799      36.00000000000000
 1.260050794920419      37.00000000000000
0.8443630774631533      38.00000000000000
0.7519300356540399      39.00000000000000
 1.399371548537335      40.00000000000000
 9.870971270220252      41.00000000000000
 11.80318995834029      42.00000000000000
 12.34780079244420      43.00000000000000
 1.692418294325561      44.00000000000000
 1.601236137005582      45.00000000000000
