DISP     element
 0.000000000000000      0.000000000000000
 0.000000000000000      1.000000000000000
-.1070737163279678      2.000000000000000
-.1205285273531347      3.000000000000000
-.1206676650778096      4.000000000000000
-.4517345974004640E-002      5.000000000000000
0.5449338789737978E-001      6.000000000000000
0.1150646252601008      7.000000000000000
0.1593893570510534      8.000000000000000
0.5881974268314466      9.000000000000000
0.6582957498476359      10.00000000000000
0.6948687879430391      11.00000000000000
0.7253463196892083      12.00000000000000
0.7630774402356253      13.00000000000000
0.7331644065388311      14.00000000000000
0.6310438331411137      15.00000000000000
0.6321584661214370      16.00000000000000
0.6327400137633448      17.00000000000000
0.6332246367982679      18.00000000000000
0.7067743433854968      19.00000000000000
 1.749258209668927      20.00000000000000
 1.788303945598200      21.00000000000000
 1.788387541410879      22.00000000000000
 1.788487856386093      23.00000000000000
 1.788571452198772      24.00000000000000
 1.749868456409592      25.00000000000000
0.7118413138373204      26.00000000000000
0.6395198406933795      27.00000000000000
0.6395026047241407      28.00000000000000
0.6394819215610540      29.00000000000000
0.6394422788318047      30.00000000000000
0.7497703095497084      31.00000000000000
0.7808216207596573      32.00000000000000
0.7428953039528574      33.00000000000000
0.7118666905154648      34.00000000000000
0.6746323543905937      35.00000000000000
0.6032665434845906      36.00000000000000
0.1645676792697686      37.00000000000000
0.1188407965736883      38.00000000000000
0.5636886715409663E-001      39.00000000000000
-.4473313598525911E-002      40.00000000000000
-.1278334093681952      41.00000000000000
-.1287031434064893      42.00000000000000
-.1159049696526371      43.00000000000000
-.6147905503320034E-002      44.00000000000000
-.6106713959929161E-002      45.00000000000000
