 SGx1               SGx2              SGy1                SGy2              chrom_x            chrom_y            CONS(MU)           quad_Kx                 quad_Ky                 quad_Kz                  alpha_0              alpha_1            eta_1
 0.000000000000000  0.000000000000000  0.000000000000000  0.000000000000000 -18.45086224438384 -16.32998600024449 0.8312483219509215E-003 0.3214803787180444E-001 0.1259733606165362E-001 -.7514090579213855E-002 0.8231447390287338E-002 0.5978987473571377E-001 0.9078065409760332
 0.000000000000000 0.4000000000000000E-001  0.000000000000000  0.000000000000000 -7.255189356667676 -18.44906526537536 0.8312483219509215E-003 0.2191691973259775E-001 0.1282974003552982E-001 -.9191869936680955E-002 0.8231447390287338E-002 -.4328898409726487E-001 0.8047276821430546
 0.000000000000000 0.8000000000000000E-001  0.000000000000000  0.000000000000000  3.940483457369025 -20.56814451655510 0.8312483219509215E-003 0.1168580166130884E-001 0.1306214400805017E-001 -.1086963614885660E-001 0.8231447390287338E-002 -.1463678422518831 0.7016488239884363
0.4000000000000000E-001  0.000000000000000  0.000000000000000  0.000000000000000 -6.696427707307484 -17.54810320480253 0.8312483219509215E-003 0.1208839773794067E-001 0.1284706450169005E-001 -.7876559409559723E-002 0.8231447390287338E-002 0.4787205998924901E-001 0.8958887262295685
0.4000000000000000E-001 0.4000000000000000E-001  0.000000000000000  0.000000000000000  4.499245180408661 -19.66718246993340 0.8312483219509215E-003 0.1857279599534654E-002 0.1307946847560558E-001 -.9554428855742834E-002 0.8231447390287338E-002 -.5520679884372902E-001 0.7928098673965904
0.4000000000000000E-001 0.8000000000000000E-001  0.000000000000000  0.000000000000000  15.69491799444539 -21.78626172111310 0.8312483219509215E-003 -.8373838471674668E-002 0.1331187244806669E-001 -.1123210869448518E-001 0.8231447390287338E-002 -.1582856569983475 0.6897310092419719
0.8000000000000000E-001  0.000000000000000  0.000000000000000  0.000000000000000  5.058006752375092 -18.76622040134009 0.8312483219509215E-003 -.7971242263421335E-002 0.1309679294024834E-001 -.8238912761853555E-002 0.8231447390287338E-002 0.3595424532126858E-001 0.8839709115615880
0.8000000000000000E-001 0.4000000000000000E-001  0.000000000000000  0.000000000000000  16.25367964009127 -20.88529966647097 0.8312483219509215E-003 -.1820236040162077E-001 0.1332919691411237E-001 -.9916814335805935E-002 0.8231447390287338E-002 -.6712461351170945E-001 0.7808920527286100
0.8000000000000000E-001 0.8000000000000000E-001  0.000000000000000  0.000000000000000  27.44935245412802 -23.00437891765068 0.8312483219509215E-003 -.2843347847393411E-001 0.1356160088664373E-001 -.1159458218942390E-001 0.8231447390287338E-002 -.1702034716663283 0.6778131945739911
 0.000000000000000  0.000000000000000 -.6000000000000000E-001  0.000000000000000 -22.71045718751831 -3.184632142946713 0.8312483219509215E-003 0.3604065062722174E-001 0.1115565687302126E-001 -.7284937033671249E-002 0.8231447390287338E-002 0.7386652770569214E-001 0.9218831939460116
 0.000000000000000 0.4000000000000000E-001 -.6000000000000000E-001  0.000000000000000 -11.51478429980216 -5.303711408077594 0.8312483219509215E-003 0.2580953248783378E-001 0.1138806084696768E-001 -.8962716404226719E-002 0.8231447390287338E-002 -.2921233112728552E-001 0.8188043351130339
 0.000000000000000 0.8000000000000000E-001 -.6000000000000000E-001  0.000000000000000 -.3191114857654496 -7.422790659257304 0.8312483219509215E-003 0.1557841441672515E-001 0.1162046481941722E-001 -.1064048249390168E-001 0.8231447390287338E-002 -.1322911892819046 0.7157254769584149
0.4000000000000000E-001  0.000000000000000 -.6000000000000000E-001  0.000000000000000 -10.95602265044198 -4.402749347504749 0.8312483219509215E-003 0.1598101049318125E-001 0.1140538531312851E-001 -.7647407460252154E-002 0.8231447390287338E-002 0.6194871295922877E-001 0.9099653791995482
0.4000000000000000E-001 0.4000000000000000E-001 -.6000000000000000E-001  0.000000000000000 0.2396502372741734 -6.521828612635642 0.8312483219509215E-003 0.5749892354701911E-002 0.1163778928706918E-001 -.9325187100146690E-002 0.8231447390287338E-002 -.4113014587374986E-001 0.8068865203665696
0.4000000000000000E-001 0.8000000000000000E-001 -.6000000000000000E-001  0.000000000000000  11.43532305131091 -8.640907863815318 0.8312483219509215E-003 -.4481225716428473E-002 0.1187019325950623E-001 -.1100295389342034E-001 0.8231447390287338E-002 -.1442090040283685 0.7038076622119509
0.8000000000000000E-001  0.000000000000000 -.6000000000000000E-001  0.000000000000000 0.7984118092406051 -5.620866544042302 0.8312483219509215E-003 -.4078629508015697E-002 0.1165511375161651E-001 -.8009875957531802E-002 0.8231447390287338E-002 0.5003089829124733E-001 0.8980475645315669
0.8000000000000000E-001 0.4000000000000000E-001 -.6000000000000000E-001  0.000000000000000  11.99408469695678 -7.739945809173173 0.8312483219509215E-003 -.1430974764636185E-001 0.1188751772554904E-001 -.9687660615117836E-002 0.8231447390287338E-002 -.5304796054173051E-001 0.7949687056985889
0.8000000000000000E-001 0.8000000000000000E-001 -.6000000000000000E-001  0.000000000000000  23.18975751099349 -9.859025060352872 0.8312483219509215E-003 -.2454086571850416E-001 0.1211992169801153E-001 -.1136542830213443E-001 0.8231447390287338E-002 -.1561268186963494 0.6918898475439701
 0.000000000000000  0.000000000000000 -.1200000000000000  0.000000000000000 -26.97005213045868  9.960721713756195 0.8312483219509215E-003 0.3993326338247404E-001 0.9713977684449968E-002 -.7055752466259636E-002 0.8231447390287338E-002 0.8794318067503817E-001 0.9359598469153576
 0.000000000000000 0.4000000000000000E-001 -.1200000000000000  0.000000000000000 -15.77437924274255  7.841642448625324 0.8312483219509215E-003 0.2970214524289589E-001 0.9946381658468898E-002 -.8733565447659936E-002 0.8231447390287338E-002 -.1513567815794008E-001 0.8328809880823793
 0.000000000000000 0.8000000000000000E-001 -.1200000000000000  0.000000000000000 -4.578706428705865  5.722563197445623 0.8312483219509215E-003 0.1947102717198187E-001 0.1017878563084766E-001 -.1041132704342678E-001 0.8231447390287338E-002 -.1182145363125593 0.7298021299277601
0.4000000000000000E-001  0.000000000000000 -.1200000000000000  0.000000000000000 -15.21561759338238  8.742604509198156 0.8312483219509215E-003 0.1987362324825010E-001 0.9963706124629766E-002 -.7418256882989713E-002 0.8231447390287338E-002 0.7602536592857441E-001 0.9240420321688938
0.4000000000000000E-001 0.4000000000000000E-001 -.1200000000000000  0.000000000000000 -4.019944705666242  6.623525244067284 0.8312483219509215E-003 0.9642505109700628E-002 0.1019611009859351E-001 -.9096034871449438E-002 0.8231447390287338E-002 -.2705349290440423E-001 0.8209631733359152
0.4000000000000000E-001 0.8000000000000000E-001 -.1200000000000000  0.000000000000000  7.175728108370460  4.504445992887568 0.8312483219509215E-003 -.5886129613702219E-003 0.1042851407100813E-001 -.1077380139443176E-001 0.8231447390287338E-002 -.1301323510590233 0.7178843151812961
0.8000000000000000E-001  0.000000000000000 -.1200000000000000  0.000000000000000 -3.461183133699818  7.524487312660632 0.8312483219509215E-003 -.1860167527492215E-003 0.1021343456304503E-001 -.7780724523517677E-002 0.8231447390287338E-002 0.6410755126059378E-001 0.9121242175009132
0.8000000000000000E-001 0.4000000000000000E-001 -.1200000000000000  0.000000000000000  7.734489754016345  5.405408047529750 0.8312483219509215E-003 -.1041713489129479E-001 0.1044583853704803E-001 -.9458503350953868E-002 0.8231447390287338E-002 -.3897130757238527E-001 0.8090453586679341
0.8000000000000000E-001 0.8000000000000000E-001 -.1200000000000000  0.000000000000000  18.93016256805306  3.286328796350034 0.8312483219509215E-003 -.2064825296324765E-001 0.1067824250944424E-001 -.1113626982977881E-001 0.8231447390287338E-002 -.1420501657270037 0.7059665005133157
