BETA     element
 9.470860000000000      0.000000000000000
 8.944181268320769      1.000000000000000
 7.763506367252361      2.000000000000000
 2.156846997547620      3.000000000000000
 1.770415484760578      4.000000000000000
 1.708895545686792      5.000000000000000
 2.009076830472725      6.000000000000000
 6.756709519564598      7.000000000000000
 7.156614570188677      8.000000000000000
 7.783529778319467      9.000000000000000
 7.784034167353878      10.00000000000000
 6.757734614274130      11.00000000000000
 2.011822222000515      12.00000000000000
 1.880532240316859      13.00000000000000
 1.711601068344386      14.00000000000000
 1.773388891682462      15.00000000000000
 2.160138054050746      16.00000000000000
 7.764902889768091      17.00000000000000
 8.225025772736062      18.00000000000000
 8.944730603759375      19.00000000000000
 8.943134663151403      20.00000000000000
 7.761678381125681      21.00000000000000
 2.153465497628033      22.00000000000000
 1.986733519585321      23.00000000000000
 1.767381146191164      24.00000000000000
 1.706157818345910      25.00000000000000
 2.006309945942580      26.00000000000000
 6.755721085941381      27.00000000000000
 7.155828661536078      28.00000000000000
 7.783067593226217      29.00000000000000
 7.784580458395831      30.00000000000000
 6.758795758079300      31.00000000000000
 2.014544679800679      32.00000000000000
 1.714273024012488      33.00000000000000
 1.776299993170590      34.00000000000000
 2.163337204155662      35.00000000000000
 7.765867367070845      36.00000000000000
 8.944782423413432      37.00000000000000
 9.469807264603167      38.00000000000000
 8.902107714645107      39.00000000000000
 7.575227839795997      40.00000000000000
 1.667872637475029      41.00000000000000
 1.332087259943812      42.00000000000000
 1.325865366496358      43.00000000000000
 1.654694883661769      44.00000000000000
 7.542796181763183      45.00000000000000
 8.871212774837142      46.00000000000000
 9.440231345536095      47.00000000000000
