BETA     element
 1.362700000000000      0.000000000000000
 1.475098937707909      1.000000000000000
 1.802779870806055      2.000000000000000
 7.297712844380625      3.000000000000000
 8.516618125656684      4.000000000000000
 8.649807332491381      5.000000000000000
 7.573919941751966      6.000000000000000
 2.439674484741021      7.000000000000000
 2.281540012798069      8.000000000000000
 2.070493612916897      9.000000000000000
 2.069305247832787      10.00000000000000
 2.436926166524812      11.00000000000000
 7.556395918689911      12.00000000000000
 7.975264622717393      13.00000000000000
 8.629684540056139      14.00000000000000
 8.496780894531154      15.00000000000000
 7.280774822918360      16.00000000000000
 1.800631937246511      17.00000000000000
 1.656895467084792      18.00000000000000
 1.474214565199453      19.00000000000000
 1.475996689104326      20.00000000000000
 1.804936356936791      21.00000000000000
 7.314476842828796      22.00000000000000
 7.789962682903962      23.00000000000000
 8.536234772946113      24.00000000000000
 8.669681205097795      25.00000000000000
 7.591211320485186      26.00000000000000
 2.442299364994476      27.00000000000000
 2.283531344510265      28.00000000000000
 2.071573001411870      29.00000000000000
 2.068008185440553      30.00000000000000
 2.434055069107892      31.00000000000000
 7.538643886025273      32.00000000000000
 8.609318202099427      33.00000000000000
 8.476728436517742      34.00000000000000
 7.263667377524023      35.00000000000000
 1.798493174171645      36.00000000000000
 1.473343826831714      37.00000000000000
 1.362728609949780      38.00000000000000
 1.479901445140453      39.00000000000000
 1.834003245123997      40.00000000000000
 7.643669361695697      41.00000000000000
 8.924737557272932      42.00000000000000
 8.931603690184236      43.00000000000000
 7.658340697074854      44.00000000000000
 1.874366419361134      45.00000000000000
 1.519690559489776      46.00000000000000
 1.401341186756542      47.00000000000000
