DISP     element
 0.000000000000000      0.000000000000000
 0.000000000000000      1.000000000000000
 0.000000000000000      2.000000000000000
0.1161038663090846      3.000000000000000
0.1487354138436944      4.000000000000000
0.2196101165577378      5.000000000000000
0.2771997309681441      6.000000000000000
0.7989897132034514      7.000000000000000
0.8346144965799819      8.000000000000000
0.8880516716447776      9.000000000000000
0.9321362812681364      10.00000000000000
0.8945604295915108      11.00000000000000
0.7367633444996845      12.00000000000000
0.7340538346496330      13.00000000000000
0.7299895698745559      14.00000000000000
0.8002871308125026      15.00000000000000
0.8965476362777333      16.00000000000000
 1.687045897579757      17.00000000000000
 1.737411023900031      18.00000000000000
 1.812958713380442      19.00000000000000
 1.812583794545807      20.00000000000000
 1.686232233831611      21.00000000000000
0.8926321578063519      22.00000000000000
0.8539547416338490      23.00000000000000
0.7959386173750947      24.00000000000000
0.7244924392657871      25.00000000000000
0.7302375956573157      26.00000000000000
0.8808021208942913      27.00000000000000
0.8954308106276228      28.00000000000000
0.9173738452276199      29.00000000000000
0.8732930203830968      30.00000000000000
0.7852396238734780      31.00000000000000
0.2707135529430485      32.00000000000000
0.2141569336529742      33.00000000000000
0.1444421189401879      34.00000000000000
0.1122535687219039      35.00000000000000
-.6784511578397653E-003      36.00000000000000
-.2299858483125943E-003      37.00000000000000
0.1490253397812621E-003      38.00000000000000
0.5014216480072984E-003      39.00000000000000
0.9282963897291699E-003      40.00000000000000
0.3961619811434130E-002      41.00000000000000
0.4388494553156001E-002      42.00000000000000
0.5562597177593536E-002      43.00000000000000
0.6631726646833699E-002      44.00000000000000
0.1422883920214658E-001      45.00000000000000
0.1529796867138675E-001      46.00000000000000
0.1568310971462275E-001      47.00000000000000
