 SGx1               SGx2               SGy1               SGy2               spin_ref          spin_x                  spin_y                  spin_z
 0.000000000000000  0.000000000000000  0.000000000000000  0.000000000000000  0.000000000000000 0.4228157740593375E-008 -.3559219036164407E-007 0.2807798438198006E-010
 0.000000000000000 0.3000000000000000E-002  0.000000000000000  0.000000000000000  0.000000000000000 0.3365259265697418E-008 -.3533435111169325E-007 0.2664027332066610E-010
 0.000000000000000 0.6000000000000000E-002  0.000000000000000  0.000000000000000  0.000000000000000 0.2502686502481311E-008 -.3507645984779373E-007 0.2520267328165460E-010
 0.000000000000000 0.9000000000000001E-002  0.000000000000000  0.000000000000000  0.000000000000000 0.1640439367678326E-008 -.3481851659770108E-007 0.2376510099821871E-010
 0.000000000000000 0.1200000000000000E-001  0.000000000000000  0.000000000000000  0.000000000000000 0.7785179445551904E-009 -.3456052133365972E-007 0.2232758422593406E-010
0.3000000000000000E-002  0.000000000000000  0.000000000000000  0.000000000000000  0.000000000000000 0.3265530790219628E-008 -.3544456730897316E-007 0.2754946271110725E-010
0.3000000000000000E-002 0.3000000000000000E-002  0.000000000000000  0.000000000000000  0.000000000000000 0.2403046706067613E-008 -.3518666608082199E-007 0.2611180716094452E-010
0.3000000000000000E-002 0.6000000000000000E-002  0.000000000000000  0.000000000000000  0.000000000000000 0.1540888305839871E-008 -.3492871286647770E-007 0.2467423487750864E-010
0.3000000000000000E-002 0.9000000000000001E-002  0.000000000000000  0.000000000000000  0.000000000000000 0.6790555617808280E-009 -.3467070766594027E-007 0.2323669034964837E-010
0.3000000000000000E-002 0.1200000000000000E-001  0.000000000000000  0.000000000000000  0.000000000000000 -.1824514983539416E-009 -.3441265045145414E-007 0.2179920133293933E-010
0.6000000000000000E-002  0.000000000000000  0.000000000000000  0.000000000000000  0.000000000000000 0.2303423091154500E-008 -.3529687106484936E-007 0.2702094104023445E-010
0.6000000000000000E-002 0.3000000000000000E-002  0.000000000000000  0.000000000000000  0.000000000000000 0.1441353369990850E-008 -.3503890785849784E-007 0.2558334100122295E-010
0.6000000000000000E-002 0.6000000000000000E-002  0.000000000000000  0.000000000000000  0.000000000000000 0.5796093327514740E-009 -.3478089269370876E-007 0.2414579647336268E-010
0.6000000000000000E-002 0.9000000000000001E-002  0.000000000000000  0.000000000000000  0.000000000000000 -.2818090483192037E-009 -.3452282551497099E-007 0.2270830745665364E-010
0.6000000000000000E-002 0.1200000000000000E-001  0.000000000000000  0.000000000000000  0.000000000000000 -.1142901745465608E-008 -.3426470635004009E-007 0.2127084619552022E-010
0.9000000000000001E-002  0.000000000000000  0.000000000000000  0.000000000000000  0.000000000000000 0.1341834587886837E-008 -.3514910157376150E-007 0.2649244712493726E-010
0.9000000000000001E-002 0.3000000000000000E-002  0.000000000000000  0.000000000000000  0.000000000000000 0.4801792574671282E-009 -.3489107644472078E-007 0.2505487484150137E-010
0.9000000000000001E-002 0.6000000000000000E-002  0.000000000000000  0.000000000000000  0.000000000000000 -.3811504167838820E-009 -.3463299930173136E-007 0.2361738582479234E-010
0.9000000000000001E-002 0.9000000000000001E-002  0.000000000000000  0.000000000000000  0.000000000000000 -.1242154407110618E-008 -.3437487017254881E-007 0.2217992456365891E-010
0.9000000000000001E-002 0.1200000000000000E-001  0.000000000000000  0.000000000000000  0.000000000000000 -.2102832741268656E-008 -.3411668902941756E-007 0.2074251881367672E-010
0.1200000000000000E-001  0.000000000000000  0.000000000000000  0.000000000000000  0.000000000000000 0.3807653636833663E-009 -.3500125886346517E-007 0.2596398096521568E-010
0.1200000000000000E-001 0.3000000000000000E-002  0.000000000000000  0.000000000000000  0.000000000000000 -.4804756315035519E-009 -.3474317178397968E-007 0.2452643643735541E-010
0.1200000000000000E-001 0.6000000000000000E-002  0.000000000000000  0.000000000000000  0.000000000000000 -.1341390915010621E-008 -.3448503269054548E-007 0.2308897517622199E-010
0.1200000000000000E-001 0.9000000000000001E-002  0.000000000000000  0.000000000000000  0.000000000000000 -.2201980542348991E-008 -.3422684161091816E-007 0.2165156942623980E-010
0.1200000000000000E-001 0.1200000000000000E-001  0.000000000000000  0.000000000000000  0.000000000000000 -.3062244513518664E-008 -.3396859848958655E-007 0.2021419143183323E-010
 0.000000000000000  0.000000000000000 -.5000000000000000E-002  0.000000000000000  0.000000000000000 0.4223833643957065E-008 -.4430713737568759E-007 0.2823405398366674E-010
 0.000000000000000 0.3000000000000000E-002 -.5000000000000000E-002  0.000000000000000  0.000000000000000 0.3360792949491653E-008 -.4404944306535263E-007 0.2679634292235278E-010
 0.000000000000000 0.6000000000000000E-002 -.5000000000000000E-002  0.000000000000000  0.000000000000000 0.2498077938950516E-008 -.4379169676882455E-007 0.2535871512776566E-010
 0.000000000000000 0.9000000000000001E-002 -.5000000000000000E-002  0.000000000000000  0.000000000000000 0.1635688584578077E-008 -.4353389848610334E-007 0.2392111508875416E-010
 0.000000000000000 0.1200000000000000E-001 -.5000000000000000E-002  0.000000000000000  0.000000000000000 0.7736249141299112E-009 -.4327604818943342E-007 0.2248359831646951E-010
0.3000000000000000E-002  0.000000000000000 -.5000000000000000E-002  0.000000000000000  0.000000000000000 0.3261049486003031E-008 -.4415972057469908E-007 0.2770550455721832E-010
0.3000000000000000E-002 0.3000000000000000E-002 -.5000000000000000E-002  0.000000000000000  0.000000000000000 0.2398423182281562E-008 -.4390196431391935E-007 0.2626784900705559E-010
0.3000000000000000E-002 0.6000000000000000E-002 -.5000000000000000E-002  0.000000000000000  0.000000000000000 0.1536122479217639E-008 -.4364415606694649E-007 0.2483027672361970E-010
0.3000000000000000E-002 0.9000000000000001E-002 -.5000000000000000E-002  0.000000000000000  0.000000000000000 0.6741475155891408E-009 -.4338629580602493E-007 0.2339270444018382E-010
0.3000000000000000E-002 0.1200000000000000E-001 -.5000000000000000E-002  0.000000000000000  0.000000000000000 -.1875017918706590E-009 -.4312838355891024E-007 0.2195521542347478E-010
0.6000000000000000E-002  0.000000000000000 -.5000000000000000E-002  0.000000000000000  0.000000000000000 0.2298784523846464E-008 -.4401223055450210E-007 0.2717698288634551E-010
0.6000000000000000E-002 0.3000000000000000E-002 -.5000000000000000E-002  0.000000000000000  0.000000000000000 0.1436572583113360E-008 -.4375441234327759E-007 0.2573935509175840E-010
0.6000000000000000E-002 0.6000000000000000E-002 -.5000000000000000E-002  0.000000000000000  0.000000000000000 0.5746862985489543E-009 -.4349654214585996E-007 0.2430181056389813E-010
0.6000000000000000E-002 0.9000000000000001E-002 -.5000000000000000E-002  0.000000000000000  0.000000000000000 -.2868743020911779E-009 -.4323861993449363E-007 0.2286429379161348E-010
0.6000000000000000E-002 0.1200000000000000E-001 -.5000000000000000E-002  0.000000000000000  0.000000000000000 -.1148109218807036E-008 -.4298064570917859E-007 0.2142686028605567E-010
0.9000000000000001E-002  0.000000000000000 -.5000000000000000E-002  0.000000000000000  0.000000000000000 0.1337038812998514E-008 -.4386466731509664E-007 0.2664848897104832E-010
0.9000000000000001E-002 0.3000000000000000E-002 -.5000000000000000E-002  0.000000000000000  0.000000000000000 0.4752412352537760E-009 -.4360678715342736E-007 0.2521091668761244E-010
0.9000000000000001E-002 0.6000000000000000E-002 -.5000000000000000E-002  0.000000000000000  0.000000000000000 -.3862306585666886E-009 -.4334885497780938E-007 0.2377339991532779E-010
0.9000000000000001E-002 0.9000000000000001E-002 -.5000000000000000E-002  0.000000000000000  0.000000000000000 -.1247376923974031E-008 -.4309087081599827E-007 0.2233591089861875E-010
0.9000000000000001E-002 0.1200000000000000E-001 -.5000000000000000E-002  0.000000000000000  0.000000000000000 -.2108197477701523E-008 -.4283283464023846E-007 0.2089850514863656E-010
0.1200000000000000E-001  0.000000000000000 -.5000000000000000E-002  0.000000000000000  0.000000000000000 0.3758122979480305E-009 -.4371703088423828E-007 0.2612002281132675E-010
0.1200000000000000E-001 0.3000000000000000E-002 -.5000000000000000E-002  0.000000000000000  0.000000000000000 -.4855709168083422E-009 -.4345908877212423E-007 0.2468245052789086E-010
0.1200000000000000E-001 0.6000000000000000E-002 -.5000000000000000E-002  0.000000000000000  0.000000000000000 -.1346628447640441E-008 -.4320109461830590E-007 0.2324498926675744E-010
0.1200000000000000E-001 0.9000000000000001E-002 -.5000000000000000E-002  0.000000000000000  0.000000000000000 -.2207360294548266E-008 -.4294304847829444E-007 0.2180755576119964E-010
0.1200000000000000E-001 0.1200000000000000E-001 -.5000000000000000E-002  0.000000000000000  0.000000000000000 -.3067766485287393E-008 -.4268495035208986E-007 0.2037017776679306E-010
 0.000000000000000  0.000000000000000 -.1000000000000000E-001  0.000000000000000  0.000000000000000 0.4219539356808966E-008 -.5302646358118501E-007 0.2839012358535342E-010
 0.000000000000000 0.3000000000000000E-002 -.1000000000000000E-001  0.000000000000000  0.000000000000000 0.3356356387262949E-008 -.5276891423822150E-007 0.2695241252403946E-010
 0.000000000000000 0.6000000000000000E-002 -.1000000000000000E-001  0.000000000000000  0.000000000000000 0.2493499129396781E-008 -.5251131290906486E-007 0.2551478472945234E-010
 0.000000000000000 0.9000000000000001E-002 -.1000000000000000E-001  0.000000000000000  0.000000000000000 0.1630967555454887E-008 -.5225365956595951E-007 0.2407715693486523E-010
 0.000000000000000 0.1200000000000000E-001 -.1000000000000000E-001  0.000000000000000  0.000000000000000 0.7687616654372675E-009 -.5199595423666103E-007 0.2263964016258058E-010
0.3000000000000000E-002  0.000000000000000 -.1000000000000000E-001  0.000000000000000  0.000000000000000 0.3256597935763494E-008 -.5287925303187890E-007 0.2786157415890500E-010
0.3000000000000000E-002 0.3000000000000000E-002 -.1000000000000000E-001  0.000000000000000  0.000000000000000 0.2393829356961419E-008 -.5262164173847061E-007 0.2642389085316665E-010
0.3000000000000000E-002 0.6000000000000000E-002 -.1000000000000000E-001  0.000000000000000  0.000000000000000 0.1531386489839193E-008 -.5236397843111362E-007 0.2498631856973077E-010
0.3000000000000000E-002 0.9000000000000001E-002 -.1000000000000000E-001  0.000000000000000  0.000000000000000 0.6692692788856647E-009 -.5210626313756350E-007 0.2354874628629489E-010
0.3000000000000000E-002 0.1200000000000000E-001 -.1000000000000000E-001  0.000000000000000  0.000000000000000 -.1925222758991652E-009 -.5184849585782025E-007 0.2211125726958585E-010
0.6000000000000000E-002  0.000000000000000 -.1000000000000000E-001  0.000000000000000  0.000000000000000 0.2294175766026640E-008 -.5273196926336432E-007 0.2733305248803219E-010
0.6000000000000000E-002 0.3000000000000000E-002 -.1000000000000000E-001  0.000000000000000  0.000000000000000 0.1431821577968506E-008 -.5247429599175568E-007 0.2589539693786946E-010
0.6000000000000000E-002 0.6000000000000000E-002 -.1000000000000000E-001  0.000000000000000  0.000000000000000 0.5697930183234945E-009 -.5221657076170949E-007 0.2445782465443358E-010
0.6000000000000000E-002 0.9000000000000001E-002 -.1000000000000000E-001  0.000000000000000  0.000000000000000 -.2919098296416678E-009 -.5195879351771460E-007 0.2302033563772454E-010
0.6000000000000000E-002 0.1200000000000000E-001 -.1000000000000000E-001  0.000000000000000  0.000000000000000 -.1153286993682556E-008 -.5170096425977100E-007 0.2158287437659112E-010
0.9000000000000001E-002  0.000000000000000 -.1000000000000000E-001  0.000000000000000  0.000000000000000 0.1332272764331677E-008 -.5258461227564126E-007 0.2680453081715939E-010
0.9000000000000001E-002 0.3000000000000000E-002 -.1000000000000000E-001  0.000000000000000  0.000000000000000 0.4703329670174838E-009 -.5232687705358785E-007 0.2536693077814789E-010
0.9000000000000001E-002 0.6000000000000000E-002 -.1000000000000000E-001  0.000000000000000  0.000000000000000 -.3912812018835865E-009 -.5206908984534131E-007 0.2392941400586324E-010
0.9000000000000001E-002 0.9000000000000001E-002 -.1000000000000000E-001  0.000000000000000  0.000000000000000 -.1252569659104807E-008 -.5181125065090164E-007 0.2249192498915420E-010
0.9000000000000001E-002 0.1200000000000000E-001 -.1000000000000000E-001  0.000000000000000  0.000000000000000 -.2113532460157330E-008 -.5155335944251327E-007 0.2105451923917201E-010
0.1200000000000000E-001  0.000000000000000 -.1000000000000000E-001  0.000000000000000  0.000000000000000 0.3708890417009059E-009 -.5243718206870973E-007 0.2627603690186220E-010
0.1200000000000000E-001 0.3000000000000000E-002 -.1000000000000000E-001  0.000000000000000  0.000000000000000 -.4906363926249213E-009 -.5217938489621154E-007 0.2483846461842631E-010
0.1200000000000000E-001 0.6000000000000000E-002 -.1000000000000000E-001  0.000000000000000  0.000000000000000 -.1351836198537626E-008 -.5192153570976465E-007 0.2340100335729289E-010
0.1200000000000000E-001 0.9000000000000001E-002 -.1000000000000000E-001  0.000000000000000  0.000000000000000 -.2212710292770481E-008 -.5166363456488021E-007 0.2196354209615947E-010
0.1200000000000000E-001 0.1200000000000000E-001 -.1000000000000000E-001  0.000000000000000  0.000000000000000 -.3073258730834638E-008 -.5140568140604707E-007 0.2052616410175290E-010
 0.000000000000000  0.000000000000000 -.1500000000000000E-001  0.000000000000000  0.000000000000000 0.4215274795882351E-008 -.6175016895038077E-007 0.2854616543146449E-010
 0.000000000000000 0.3000000000000000E-002 -.1500000000000000E-001  0.000000000000000  0.000000000000000 0.3351949634522455E-008 -.6149276457478869E-007 0.2710845437015053E-010
 0.000000000000000 0.6000000000000000E-002 -.1500000000000000E-001  0.000000000000000  0.000000000000000 0.2488950129331258E-008 -.6123530818524792E-007 0.2567079881998779E-010
 0.000000000000000 0.9000000000000001E-002 -.1500000000000000E-001  0.000000000000000  0.000000000000000 0.1626276308064334E-008 -.6097779980951401E-007 0.2423319878097629E-010
 0.000000000000000 0.1200000000000000E-001 -.1500000000000000E-001  0.000000000000000  0.000000000000000 0.7639281429661082E-009 -.6072023941983140E-007 0.2279565425311603E-010
0.3000000000000000E-002  0.000000000000000 -.1500000000000000E-001  0.000000000000000  0.000000000000000 0.3252176139501017E-008 -.6160316465275706E-007 0.2801761600501607E-010
0.3000000000000000E-002 0.3000000000000000E-002 -.1500000000000000E-001  0.000000000000000  0.000000000000000 0.2389265341129487E-008 -.6134569832672021E-007 0.2657996045485334E-010
0.3000000000000000E-002 0.6000000000000000E-002 -.1500000000000000E-001  0.000000000000000  0.000000000000000 0.1526680198926655E-008 -.6108817998673466E-007 0.2514230490469060E-010
0.3000000000000000E-002 0.9000000000000001E-002 -.1500000000000000E-001  0.000000000000000  0.000000000000000 0.6644207684036729E-009 -.6083060966055598E-007 0.2370476037683034E-010
0.3000000000000000E-002 0.1200000000000000E-001 -.1500000000000000E-001  0.000000000000000  0.000000000000000 -.1975130059506114E-009 -.6057298729267302E-007 0.2226724360454568E-010
0.6000000000000000E-002  0.000000000000000 -.1500000000000000E-001  0.000000000000000  0.000000000000000 0.2289596706672725E-008 -.6145608713592488E-007 0.2748906657856764E-010
0.6000000000000000E-002 0.3000000000000000E-002 -.1500000000000000E-001  0.000000000000000  0.000000000000000 0.1427100299045136E-008 -.6119855883168768E-007 0.2605143878398053E-010
0.6000000000000000E-002 0.6000000000000000E-002 -.1500000000000000E-001  0.000000000000000  0.000000000000000 0.5649295198306703E-009 -.6094097854125735E-007 0.2461386650054465E-010
0.6000000000000000E-002 0.9000000000000001E-002 -.1500000000000000E-001  0.000000000000000  0.000000000000000 -.2969155477039465E-009 -.6068334626463390E-007 0.2317634972825999E-010
0.6000000000000000E-002 0.1200000000000000E-001 -.1500000000000000E-001  0.000000000000000  0.000000000000000 -.1158434986825441E-008 -.6042566197406174E-007 0.2173886071155096E-010
0.9000000000000001E-002  0.000000000000000 -.1500000000000000E-001  0.000000000000000  0.000000000000000 0.1327536525153050E-008 -.6130893639988422E-007 0.2696054490769484E-010
0.9000000000000001E-002 0.3000000000000000E-002 -.1500000000000000E-001  0.000000000000000  0.000000000000000 0.4654544250026760E-009 -.6105134614520225E-007 0.2552297262425895E-010
0.9000000000000001E-002 0.6000000000000000E-002 -.1500000000000000E-001  0.000000000000000  0.000000000000000 -.3963019357122732E-009 -.6079370390432715E-007 0.2408540034082307E-010
0.9000000000000001E-002 0.9000000000000001E-002 -.1500000000000000E-001  0.000000000000000  0.000000000000000 -.1257732668014100E-008 -.6053600964950334E-007 0.2264793907968965E-010
0.9000000000000001E-002 0.1200000000000000E-001 -.1500000000000000E-001  0.000000000000000  0.000000000000000 -.2118837688636077E-008 -.6027826340848641E-007 0.2121047781855623E-010
0.1200000000000000E-001  0.000000000000000 -.1500000000000000E-001  0.000000000000000  0.000000000000000 0.3659955394308412E-009 -.6116171241687951E-007 0.2643205099239765E-010
0.1200000000000000E-001 0.3000000000000000E-002 -.1500000000000000E-001  0.000000000000000  0.000000000000000 -.4956721699755917E-009 -.6090406021175276E-007 0.2499450646453738E-010
0.1200000000000000E-001 0.6000000000000000E-002 -.1500000000000000E-001  0.000000000000000  0.000000000000000 -.1357014167702175E-008 -.6064635602043289E-007 0.2355698969225273E-010
0.1200000000000000E-001 0.9000000000000001E-002 -.1500000000000000E-001  0.000000000000000  0.000000000000000 -.2218030509260061E-008 -.6038859981516431E-007 0.2211955618669492E-010
0.1200000000000000E-001 0.1200000000000000E-001 -.1500000000000000E-001  0.000000000000000  0.000000000000000 -.3078721166893672E-008 -.6013079162370261E-007 0.2068215043671273E-010
 0.000000000000000  0.000000000000000 -.2000000000000000E-001  0.000000000000000  0.000000000000000 0.4211040016688372E-008 -.7047825351103043E-007 0.2870223503315117E-010
 0.000000000000000 0.3000000000000000E-002 -.2000000000000000E-001  0.000000000000000  0.000000000000000 0.3347572608003446E-008 -.7022099404729865E-007 0.2726452397183721E-010
 0.000000000000000 0.6000000000000000E-002 -.2000000000000000E-001  0.000000000000000  0.000000000000000 0.2484430855487219E-008 -.6996368265288488E-007 0.2582684066609886E-010
 0.000000000000000 0.9000000000000001E-002 -.2000000000000000E-001  0.000000000000000  0.000000000000000 0.1621614814650840E-008 -.6970631924452242E-007 0.2438924062708736E-010
 0.000000000000000 0.1200000000000000E-001 -.2000000000000000E-001  0.000000000000000  0.000000000000000 0.7591244299831601E-009 -.6944890382221125E-007 0.2295166834365148E-010
0.3000000000000000E-002  0.000000000000000 -.2000000000000000E-001  0.000000000000000  0.000000000000000 0.3247784124971176E-008 -.7033145543733355E-007 0.2817365785112713E-010
0.3000000000000000E-002 0.3000000000000000E-002 -.2000000000000000E-001  0.000000000000000  0.000000000000000 0.2384731079274616E-008 -.7007413407866814E-007 0.2673600230096440E-010
0.3000000000000000E-002 0.6000000000000000E-002 -.2000000000000000E-001  0.000000000000000  0.000000000000000 0.1522003717502329E-008 -.6981676070605403E-007 0.2529834675080167E-010
0.3000000000000000E-002 0.9000000000000001E-002 -.2000000000000000E-001  0.000000000000000  0.000000000000000 0.6596020118987411E-009 -.6955933531949121E-007 0.2386080222294140E-010
0.3000000000000000E-002 0.1200000000000000E-001 -.2000000000000000E-001  0.000000000000000  0.000000000000000 -.2024740097805733E-009 -.6930185794673527E-007 0.2242325769508113E-010
0.6000000000000000E-002  0.000000000000000 -.2000000000000000E-001  0.000000000000000  0.000000000000000 0.2285047429051446E-008 -.7018458417218376E-007 0.2764510842467871E-010
0.6000000000000000E-002 0.3000000000000000E-002 -.2000000000000000E-001  0.000000000000000  0.000000000000000 0.1422408774098827E-008 -.6992720086307358E-007 0.2620748063009160E-010
0.6000000000000000E-002 0.6000000000000000E-002 -.2000000000000000E-001  0.000000000000000  0.000000000000000 0.5600957753149061E-009 -.6966976551225912E-007 0.2476988059108010E-010
0.6000000000000000E-002 0.9000000000000001E-002 -.2000000000000000E-001  0.000000000000000  0.000000000000000 -.3018915395447408E-009 -.6941227820300711E-007 0.2333236381879544E-010
0.6000000000000000E-002 0.1200000000000000E-001 -.2000000000000000E-001  0.000000000000000  0.000000000000000 -.1163553170480114E-008 -.6915473885205081E-007 0.2189487480208641E-010
0.9000000000000001E-002  0.000000000000000 -.2000000000000000E-001  0.000000000000000  0.000000000000000 0.1322830012195908E-008 -.7003763968782550E-007 0.2711658675380590E-010
0.9000000000000001E-002 0.3000000000000000E-002 -.2000000000000000E-001  0.000000000000000  0.000000000000000 0.4606057202316549E-009 -.6978019440051497E-007 0.2567898671479441E-010
0.9000000000000001E-002 0.6000000000000000E-002 -.2000000000000000E-001  0.000000000000000  0.000000000000000 -.4012929155639000E-009 -.6952269712701131E-007 0.2424144218693414E-010
0.9000000000000001E-002 0.9000000000000001E-002 -.2000000000000000E-001  0.000000000000000  0.000000000000000 -.1262865895190757E-008 -.6926514783955895E-007 0.2280395317022510E-010
0.9000000000000001E-002 0.1200000000000000E-001 -.2000000000000000E-001  0.000000000000000  0.000000000000000 -.2124113163137764E-008 -.6900754653815788E-007 0.2136649190909168E-010
0.1200000000000000E-001  0.000000000000000 -.2000000000000000E-001  0.000000000000000  0.000000000000000 0.3611317633822608E-009 -.6989062198425877E-007 0.2658806508293310E-010
0.1200000000000000E-001 0.3000000000000000E-002 -.2000000000000000E-001  0.000000000000000  0.000000000000000 -.5006781655936265E-009 -.6963311471874789E-007 0.2515052055507283E-010
0.1200000000000000E-001 0.6000000000000000E-002 -.2000000000000000E-001  0.000000000000000  0.000000000000000 -.1362162410645240E-008 -.6937555549479946E-007 0.2371297602721256E-010
0.1200000000000000E-001 0.9000000000000001E-002 -.2000000000000000E-001  0.000000000000000  0.000000000000000 -.2223320999528156E-008 -.6911794425690232E-007 0.2227554252165476E-010
0.1200000000000000E-001 0.1200000000000000E-001 -.2000000000000000E-001  0.000000000000000  0.000000000000000 -.3084153876731222E-008 -.6886028100505648E-007 0.2083813677167257E-010
