 SGx1               SGx2               SGy1               SGy2               spin_ref          spin_x                  spin_y                  spin_z
 0.000000000000000  0.000000000000000  0.000000000000000  0.000000000000000  0.000000000000000 0.9236232889620055E-009 -.7609289615073678E-008 0.9602302286637610E-010
 0.000000000000000 0.1000000000000000E-001  0.000000000000000  0.000000000000000  0.000000000000000 0.1248441350298890E-009 -.6106628591684427E-008 0.9082357088630033E-010
 0.000000000000000 0.2000000000000000E-001  0.000000000000000  0.000000000000000  0.000000000000000 -.6736157187603453E-009 -.4604057690649199E-008 0.8562409115064895E-010
 0.000000000000000 0.3000000000000000E-001  0.000000000000000  0.000000000000000  0.000000000000000 -.1471756189141971E-008 -.3101576939723572E-008 0.8042461141499757E-010
 0.000000000000000 0.4000000000000000E-001  0.000000000000000  0.000000000000000  0.000000000000000 -.2269577387137289E-008 -.1599186338907543E-008 0.7522513167934619E-010
0.1000000000000000E-001  0.000000000000000  0.000000000000000  0.000000000000000  0.000000000000000 -.3785546875967327E-009 -.5722527091078788E-008 0.9412362556027176E-010
0.1000000000000000E-001 0.1000000000000000E-001  0.000000000000000  0.000000000000000  0.000000000000000 -.1177071523583706E-008 -.4219929294890790E-008 0.8892414582462038E-010
0.1000000000000000E-001 0.2000000000000000E-001  0.000000000000000  0.000000000000000  0.000000000000000 -.1975269059428797E-008 -.2717421676567966E-008 0.8372469384454462E-010
0.1000000000000000E-001 0.3000000000000000E-001  0.000000000000000  0.000000000000000  0.000000000000000 -.2773147239620855E-008 -.1215004208354742E-008 0.7852521410889324E-010
0.1000000000000000E-001 0.4000000000000000E-001  0.000000000000000  0.000000000000000  0.000000000000000 -.3570706091915454E-008 0.2873231097488826E-009 0.7332573437324186E-010
0.2000000000000000E-001  0.000000000000000  0.000000000000000  0.000000000000000  0.000000000000000 -.1680724504016240E-008 -.3835745526759027E-008 0.9222420049859181E-010
0.2000000000000000E-001 0.1000000000000000E-001  0.000000000000000  0.000000000000000  0.000000000000000 -.2478979022058070E-008 -.2333211041039007E-008 0.8702474851851605E-010
0.2000000000000000E-001 0.2000000000000000E-001  0.000000000000000  0.000000000000000  0.000000000000000 -.3276914239958018E-008 -.8307667054285872E-009 0.8182529653844028E-010
0.2000000000000000E-001 0.3000000000000000E-001  0.000000000000000  0.000000000000000  0.000000000000000 -.4074530102204932E-008 0.6715874800722332E-009 0.7662581680278890E-010
0.2000000000000000E-001 0.4000000000000000E-001  0.000000000000000  0.000000000000000  0.000000000000000 -.4871826664309964E-008 0.2173851515463454E-008 0.7142633706713752E-010
0.3000000000000000E-001  0.000000000000000  0.000000000000000  0.000000000000000  0.000000000000000 -.2982886160296516E-008 -.1948945033136695E-008 0.9032480319248748E-010
0.3000000000000000E-001 0.1000000000000000E-001  0.000000000000000  0.000000000000000  0.000000000000000 -.3780878360393203E-008 -.4464738023735038E-009 0.8512535121241172E-010
0.3000000000000000E-001 0.2000000000000000E-001  0.000000000000000  0.000000000000000  0.000000000000000 -.4578551288103583E-008 0.1055907278280088E-008 0.7992589923233595E-010
0.3000000000000000E-001 0.3000000000000000E-001  0.000000000000000  0.000000000000000  0.000000000000000 -.5375904832405354E-008 0.2558198181068505E-008 0.7472641949668457E-010
0.3000000000000000E-001 0.4000000000000000E-001  0.000000000000000  0.000000000000000  0.000000000000000 -.6172939076565243E-008 0.4060398933747322E-008 0.6952693976103319E-010
0.4000000000000000E-001  0.000000000000000  0.000000000000000  0.000000000000000  0.000000000000000 -.4285039656437561E-008 -.6212552694506712E-010 0.8842540588638315E-010
0.4000000000000000E-001 0.1000000000000000E-001  0.000000000000000  0.000000000000000  0.000000000000000 -.5082769566344680E-008 0.1440282421105721E-008 0.8322592615073177E-010
0.4000000000000000E-001 0.2000000000000000E-001  0.000000000000000  0.000000000000000  0.000000000000000 -.5880180176109917E-008 0.2942600219046909E-008 0.7802650192623162E-010
0.4000000000000000E-001 0.3000000000000000E-001  0.000000000000000  0.000000000000000  0.000000000000000 -.6677271402466545E-008 0.4444827866878498E-008 0.7282699443500462E-010
0.4000000000000000E-001 0.4000000000000000E-001  0.000000000000000  0.000000000000000  0.000000000000000 -.7474043356436866E-008 0.5946965364600487E-008 0.6762751469935324E-010
 0.000000000000000  0.000000000000000 -.2000000000000000E-001  0.000000000000000  0.000000000000000 0.1907681429491603E-008 -.1936534776980636E-007 0.9571546333297931E-010
 0.000000000000000 0.1000000000000000E-001 -.2000000000000000E-001  0.000000000000000  0.000000000000000 0.1108520497616894E-008 -.1786147360571810E-007 0.9051601135290355E-010
 0.000000000000000 0.2000000000000000E-001 -.2000000000000000E-001  0.000000000000000  0.000000000000000 0.3096789213952178E-009 -.1635768956398387E-007 0.8531653161725217E-010
 0.000000000000000 0.3000000000000000E-001 -.2000000000000000E-001  0.000000000000000  0.000000000000000 -.4888433546845761E-009 -.1485399567235923E-007 0.8011707963717640E-010
 0.000000000000000 0.4000000000000000E-001 -.2000000000000000E-001  0.000000000000000  0.000000000000000 -.1287046247355761E-008 -.1335039195859977E-007 0.7491759990152502E-010
0.1000000000000000E-001  0.000000000000000 -.2000000000000000E-001  0.000000000000000  0.000000000000000 0.6052152390356724E-009 -.1747711525501572E-007 0.9381606602687498E-010
0.1000000000000000E-001 0.1000000000000000E-001 -.2000000000000000E-001  0.000000000000000  0.000000000000000 -.1936833471383181E-009 -.1597330437363986E-007 0.8861661404679921E-010
0.1000000000000000E-001 0.2000000000000000E-001 -.2000000000000000E-001  0.000000000000000  0.000000000000000 -.9922626054148509E-009 -.1446958361461803E-007 0.8341716206672345E-010
0.1000000000000000E-001 0.3000000000000000E-001 -.2000000000000000E-001  0.000000000000000  0.000000000000000 -.1790522563549501E-008 -.1296595303346137E-007 0.7821768233107207E-010
0.1000000000000000E-001 0.4000000000000000E-001 -.2000000000000000E-001  0.000000000000000  0.000000000000000 -.2588463166031119E-008 -.1146241260241432E-007 0.7301820259542069E-010
0.2000000000000000E-001  0.000000000000000 -.2000000000000000E-001  0.000000000000000  0.000000000000000 -.6972427635254519E-009 -.1558886378316693E-007 0.9191666872077064E-010
0.2000000000000000E-001 0.1000000000000000E-001 -.2000000000000000E-001  0.000000000000000  0.000000000000000 -.1495879031754299E-008 -.1408511615674790E-007 0.8671721674069488E-010
0.2000000000000000E-001 0.2000000000000000E-001 -.2000000000000000E-001  0.000000000000000  0.000000000000000 -.2294195999841264E-008 -.1258145870819405E-007 0.8151776476061912E-010
0.2000000000000000E-001 0.3000000000000000E-001 -.2000000000000000E-001  0.000000000000000  0.000000000000000 -.3092193640030771E-008 -.1107789138199422E-007 0.7631825726939212E-010
0.2000000000000000E-001 0.4000000000000000E-001 -.2000000000000000E-001  0.000000000000000  0.000000000000000 -.3889871924567245E-008 -.9574414233659567E-008 0.7111877753374074E-010
0.3000000000000000E-001  0.000000000000000 -.2000000000000000E-001  0.000000000000000  0.000000000000000 -.1999692605947345E-008 -.1370059332650442E-007 0.9001724365909070E-010
0.3000000000000000E-001 0.1000000000000000E-001 -.2000000000000000E-001  0.000000000000000  0.000000000000000 -.2798066583986625E-008 -.1219690898279779E-007 0.8481779167901493E-010
0.3000000000000000E-001 0.2000000000000000E-001 -.2000000000000000E-001  0.000000000000000  0.000000000000000 -.3596121261884022E-008 -.1069331478920077E-007 0.7961836745451478E-010
0.3000000000000000E-001 0.3000000000000000E-001 -.2000000000000000E-001  0.000000000000000  0.000000000000000 -.4393856556372810E-008 -.9189810745713345E-008 0.7441885996328779E-010
0.3000000000000000E-001 0.4000000000000000E-001 -.2000000000000000E-001  0.000000000000000  0.000000000000000 -.5191272550719717E-008 -.7686396880091095E-008 0.6921938022763641E-010
0.4000000000000000E-001  0.000000000000000 -.2000000000000000E-001  0.000000000000000  0.000000000000000 -.3302134315985583E-008 -.1181230388502819E-007 0.8811784635298636E-010
0.4000000000000000E-001 0.1000000000000000E-001 -.2000000000000000E-001  0.000000000000000  0.000000000000000 -.4100245976079719E-008 -.1030868279627839E-007 0.8291839437291060E-010
0.4000000000000000E-001 0.2000000000000000E-001 -.2000000000000000E-001  0.000000000000000  0.000000000000000 -.4898038336031973E-008 -.8805151857638194E-008 0.7771894239283483E-010
0.4000000000000000E-001 0.3000000000000000E-001 -.2000000000000000E-001  0.000000000000000  0.000000000000000 -.5695511340331194E-008 -.7301711096863173E-008 0.7251946265718345E-010
0.4000000000000000E-001 0.4000000000000000E-001 -.2000000000000000E-001  0.000000000000000  0.000000000000000 -.6492665044488533E-008 -.5798360486197751E-008 0.6731995516595646E-010
 0.000000000000000  0.000000000000000 -.4000000000000000E-001  0.000000000000000  0.000000000000000 0.2892271450116723E-008 -.3113406635280036E-007 0.9540790379958253E-010
 0.000000000000000 0.1000000000000000E-001 -.4000000000000000E-001  0.000000000000000  0.000000000000000 0.2092728768054997E-008 -.2962897904801309E-007 0.9020847957508238E-010
 0.000000000000000 0.2000000000000000E-001 -.4000000000000000E-001  0.000000000000000  0.000000000000000 0.1293505413890728E-008 -.2812398189333543E-007 0.8500899983943100E-010
 0.000000000000000 0.3000000000000000E-001 -.4000000000000000E-001  0.000000000000000  0.000000000000000 0.4946013876239164E-009 -.2661907491652293E-007 0.7980949234820400E-010
 0.000000000000000 0.4000000000000000E-001 -.4000000000000000E-001  0.000000000000000  0.000000000000000 -.3039832829898614E-009 -.2511425808982004E-007 0.7461001261255262E-010
0.1000000000000000E-001  0.000000000000000 -.4000000000000000E-001  0.000000000000000  0.000000000000000 0.1589517101274751E-008 -.2924436390272511E-007 0.9350853424905381E-010
0.1000000000000000E-001 0.1000000000000000E-001 -.4000000000000000E-001  0.000000000000000  0.000000000000000 0.7902367094025919E-009 -.2773933988065025E-007 0.8830908226897805E-010
0.1000000000000000E-001 0.2000000000000000E-001 -.4000000000000000E-001  0.000000000000000  0.000000000000000 -.8724299060958174E-011 -.2623440603644056E-007 0.8310957477775105E-010
0.1000000000000000E-001 0.3000000000000000E-001 -.4000000000000000E-001  0.000000000000000  0.000000000000000 -.8073660073826261E-009 -.2472956231458490E-007 0.7791009504209967E-010
0.1000000000000000E-001 0.4000000000000000E-001 -.4000000000000000E-001  0.000000000000000  0.000000000000000 -.1605688387806836E-008 -.2322480877059441E-007 0.7271061530644829E-010
0.2000000000000000E-001  0.000000000000000 -.4000000000000000E-001  0.000000000000000  0.000000000000000 0.2867708848164341E-009 -.2735464249559172E-007 0.9160910918737386E-010
0.2000000000000000E-001 0.1000000000000000E-001 -.4000000000000000E-001  0.000000000000000  0.000000000000000 -.5122471613550061E-009 -.2584968175622926E-007 0.8640965720729810E-010
0.2000000000000000E-001 0.2000000000000000E-001 -.4000000000000000E-001  0.000000000000000  0.000000000000000 -.1310945879628989E-008 -.2434481116697640E-007 0.8121017747164672E-010
0.2000000000000000E-001 0.3000000000000000E-001 -.4000000000000000E-001  0.000000000000000  0.000000000000000 -.2109325297761089E-008 -.2284003072783314E-007 0.7601069773599534E-010
0.2000000000000000E-001 0.4000000000000000E-001 -.4000000000000000E-001  0.000000000000000  0.000000000000000 -.2907385332484580E-008 -.2133534043879948E-007 0.7081121800034396E-010
0.3000000000000000E-001  0.000000000000000 -.4000000000000000E-001  0.000000000000000  0.000000000000000 -.1015967143747076E-008 -.2546490210364460E-007 0.8970971188126953E-010
0.3000000000000000E-001 0.1000000000000000E-001 -.4000000000000000E-001  0.000000000000000  0.000000000000000 -.1814722899728949E-008 -.2396000461923897E-007 0.8451025990119376E-010
0.3000000000000000E-001 0.2000000000000000E-001 -.4000000000000000E-001  0.000000000000000  0.000000000000000 -.2613159300057788E-008 -.2245519731269852E-007 0.7931078016554238E-010
0.3000000000000000E-001 0.3000000000000000E-001 -.4000000000000000E-001  0.000000000000000  0.000000000000000 -.3411276400244745E-008 -.2095048015626766E-007 0.7411130042989100E-010
0.3000000000000000E-001 0.4000000000000000E-001 -.4000000000000000E-001  0.000000000000000  0.000000000000000 -.4209074144778668E-008 -.1944585312219083E-007 0.6891182069423962E-010
0.4000000000000000E-001  0.000000000000000 -.4000000000000000E-001  0.000000000000000  0.000000000000000 -.2318697039926931E-008 -.2357514269912819E-007 0.8781031457516519E-010
0.4000000000000000E-001 0.1000000000000000E-001 -.4000000000000000E-001  0.000000000000000  0.000000000000000 -.3117190477963661E-008 -.2207030846967939E-007 0.8261086259508943E-010
0.4000000000000000E-001 0.2000000000000000E-001 -.4000000000000000E-001  0.000000000000000  0.000000000000000 -.3915364588102932E-008 -.2056556444585134E-007 0.7741135510386243E-010
0.4000000000000000E-001 0.3000000000000000E-001 -.4000000000000000E-001  0.000000000000000  0.000000000000000 -.4713219370344746E-008 -.1906091054437731E-007 0.7221190312378667E-010
0.4000000000000000E-001 0.4000000000000000E-001 -.4000000000000000E-001  0.000000000000000  0.000000000000000 -.5510754796933526E-008 -.1755634682076845E-007 0.6701239563255967E-010
 0.000000000000000  0.000000000000000 -.6000000000000000E-001  0.000000000000000  0.000000000000000 0.3877393350837366E-008 -.4291544539181125E-007 0.9510037202176136E-010
 0.000000000000000 0.1000000000000000E-001 -.6000000000000000E-001  0.000000000000000  0.000000000000000 0.3077468918588622E-008 -.4140914497408055E-007 0.8990089228610998E-010
 0.000000000000000 0.2000000000000000E-001 -.6000000000000000E-001  0.000000000000000  0.000000000000000 0.2277863814237335E-008 -.3990293473421502E-007 0.8470144030603421E-010
 0.000000000000000 0.3000000000000000E-001 -.6000000000000000E-001  0.000000000000000  0.000000000000000 0.1478578065539082E-008 -.3839681461670352E-007 0.7950196057038283E-010
 0.000000000000000 0.4000000000000000E-001 -.6000000000000000E-001  0.000000000000000  0.000000000000000 0.6796116169827116E-009 -.3689078464930162E-007 0.7430248083473145E-010
0.1000000000000000E-001  0.000000000000000 -.6000000000000000E-001  0.000000000000000  0.000000000000000 0.2574350815853776E-008 -.4102427303420697E-007 0.9320097471565703E-010
0.1000000000000000E-001 0.1000000000000000E-001 -.6000000000000000E-001  0.000000000000000  0.000000000000000 0.1774688701550176E-008 -.3951803589918867E-007 0.8800152273558126E-010
0.1000000000000000E-001 0.2000000000000000E-001 -.6000000000000000E-001  0.000000000000000  0.000000000000000 0.9753458873884568E-009 -.3801188891427998E-007 0.8280204299992988E-010
0.1000000000000000E-001 0.3000000000000000E-001 -.6000000000000000E-001  0.000000000000000  0.000000000000000 0.1763224566353472E-009 -.3650583207948088E-007 0.7760256326427850E-010
0.1000000000000000E-001 0.4000000000000000E-001 -.6000000000000000E-001  0.000000000000000  0.000000000000000 -.6223817017314559E-009 -.3499986539479139E-007 0.7240308352862712E-010
0.2000000000000000E-001  0.000000000000000 -.6000000000000000E-001  0.000000000000000  0.000000000000000 0.1271316413253842E-008 -.3913308166403340E-007 0.9130157740955269E-010
0.2000000000000000E-001 0.1000000000000000E-001 -.6000000000000000E-001  0.000000000000000  0.000000000000000 0.4719166168953848E-009 -.3762690781172751E-007 0.8610212542947693E-010
0.2000000000000000E-001 0.2000000000000000E-001 -.6000000000000000E-001  0.000000000000000  0.000000000000000 -.3271638793211906E-009 -.3612082410953121E-007 0.8090264569382555E-010
0.2000000000000000E-001 0.3000000000000000E-001 -.6000000000000000E-001  0.000000000000000  0.000000000000000 -.1125925019884733E-008 -.3461483052968894E-007 0.7570313820259855E-010
0.2000000000000000E-001 0.4000000000000000E-001 -.6000000000000000E-001  0.000000000000000  0.000000000000000 -.1924366832550817E-008 -.3310892712771185E-007 0.7050365846694717E-010
0.3000000000000000E-001  0.000000000000000 -.6000000000000000E-001  0.000000000000000  0.000000000000000 -.3170982920686072E-010 -.3724187130904610E-007 0.8940218010344836E-010
0.3000000000000000E-001 0.1000000000000000E-001 -.6000000000000000E-001  0.000000000000000  0.000000000000000 -.8308473076201750E-009 -.3573576073945262E-007 0.8420270036779698E-010
0.3000000000000000E-001 0.2000000000000000E-001 -.6000000000000000E-001  0.000000000000000  0.000000000000000 -.1629665485891607E-008 -.3422974026445758E-007 0.7900322063214560E-010
0.3000000000000000E-001 0.3000000000000000E-001 -.6000000000000000E-001  0.000000000000000  0.000000000000000 -.2428164308510006E-008 -.3272380999508329E-007 0.7380374089649422E-010
0.3000000000000000E-001 0.4000000000000000E-001 -.6000000000000000E-001  0.000000000000000  0.000000000000000 -.3226343830986522E-008 -.3121796984806302E-007 0.6860423340526722E-010
0.4000000000000000E-001  0.000000000000000 -.6000000000000000E-001  0.000000000000000  0.000000000000000 -.1334727911528333E-008 -.3535064194148951E-007 0.8750275504176841E-010
0.4000000000000000E-001 0.1000000000000000E-001 -.6000000000000000E-001  0.000000000000000  0.000000000000000 -.2133603127507655E-008 -.3384459465460843E-007 0.8230330306169265E-010
0.4000000000000000E-001 0.2000000000000000E-001 -.6000000000000000E-001  0.000000000000000  0.000000000000000 -.2932158960078368E-008 -.3233863749008137E-007 0.7710382332604127E-010
0.4000000000000000E-001 0.3000000000000000E-001 -.6000000000000000E-001  0.000000000000000  0.000000000000000 -.3730395464751624E-008 -.3083277047566391E-007 0.7190434359038989E-010
0.4000000000000000E-001 0.4000000000000000E-001 -.6000000000000000E-001  0.000000000000000  0.000000000000000 -.4528312669282997E-008 -.2932699361135604E-007 0.6670483609916289E-010
 0.000000000000000  0.000000000000000 -.8000000000000000E-001  0.000000000000000  0.000000000000000 0.4863047159409106E-008 -.5470948494235017E-007 0.9479284024394019E-010
 0.000000000000000 0.1000000000000000E-001 -.8000000000000000E-001  0.000000000000000  0.000000000000000 0.4062740976973345E-008 -.5320197138392047E-007 0.8959336050828881E-010
 0.000000000000000 0.2000000000000000E-001 -.8000000000000000E-001  0.000000000000000  0.000000000000000 0.3262754122435041E-008 -.5169454800335593E-007 0.8439390852821305E-010
 0.000000000000000 0.3000000000000000E-001 -.8000000000000000E-001  0.000000000000000  0.000000000000000 0.2463086595794195E-008 -.5018721477290100E-007 0.7919440103698605E-010
 0.000000000000000 0.4000000000000000E-001 -.8000000000000000E-001  0.000000000000000  0.000000000000000 0.1663738397050807E-008 -.4867997169255567E-007 0.7399489354575906E-010
0.1000000000000000E-001  0.000000000000000 -.8000000000000000E-001  0.000000000000000  0.000000000000000 0.3559716410528324E-008 -.5281684262170572E-007 0.9289344293783586E-010
0.1000000000000000E-001 0.1000000000000000E-001 -.8000000000000000E-001  0.000000000000000  0.000000000000000 0.2759672546037706E-008 -.5130939234598841E-007 0.8769396320218448E-010
0.1000000000000000E-001 0.2000000000000000E-001 -.8000000000000000E-001  0.000000000000000  0.000000000000000 0.1959947981688970E-008 -.4980203224813629E-007 0.8249448346653310E-010
0.1000000000000000E-001 0.3000000000000000E-001 -.8000000000000000E-001  0.000000000000000  0.000000000000000 0.1160542772993267E-008 -.4829476230039376E-007 0.7729500373088172E-010
0.1000000000000000E-001 0.4000000000000000E-001 -.8000000000000000E-001  0.000000000000000  0.000000000000000 0.3614569199505979E-009 -.4678758247500525E-007 0.7209549623965472E-010
0.2000000000000000E-001  0.000000000000000 -.8000000000000000E-001  0.000000000000000  0.000000000000000 0.2256393821786773E-008 -.5092418131624754E-007 0.9099401787615591E-010
0.2000000000000000E-001 0.1000000000000000E-001 -.8000000000000000E-001  0.000000000000000  0.000000000000000 0.1456612275241298E-008 -.4941679432324264E-007 0.8579456589608014E-010
0.2000000000000000E-001 0.2000000000000000E-001 -.8000000000000000E-001  0.000000000000000  0.000000000000000 0.6571500288377052E-009 -.4790949748034734E-007 0.8059508616042876E-010
0.2000000000000000E-001 0.3000000000000000E-001 -.8000000000000000E-001  0.000000000000000  0.000000000000000 -.1419928619128541E-009 -.4640229081531722E-007 0.7539560642477738E-010
0.2000000000000000E-001 0.4000000000000000E-001 -.8000000000000000E-001  0.000000000000000  0.000000000000000 -.9408164525215312E-009 -.4489517424488554E-007 0.7019609893355039E-010
0.3000000000000000E-001  0.000000000000000 -.8000000000000000E-001  0.000000000000000  0.000000000000000 0.9530793931844528E-009 -.4903150102597564E-007 0.8909462057005157E-010
0.3000000000000000E-001 0.1000000000000000E-001 -.8000000000000000E-001  0.000000000000000  0.000000000000000 0.1535601645841211E-009 -.4752417728792757E-007 0.8389516858997581E-010
0.3000000000000000E-001 0.2000000000000000E-001 -.8000000000000000E-001  0.000000000000000  0.000000000000000 -.6456397916299039E-009 -.4601694372774467E-007 0.7869568885432443E-010
0.3000000000000000E-001 0.3000000000000000E-001 -.8000000000000000E-001  0.000000000000000  0.000000000000000 -.1444520364435320E-008 -.4450980031767138E-007 0.7349620911867305E-010
0.3000000000000000E-001 0.4000000000000000E-001 -.8000000000000000E-001  0.000000000000000  0.000000000000000 -.2243081637098854E-008 -.4300274705770768E-007 0.6829670162744605E-010
0.4000000000000000E-001  0.000000000000000 -.8000000000000000E-001  0.000000000000000  0.000000000000000 -.3502268752786364E-009 -.4713880169537887E-007 0.8719522326394724E-010
0.4000000000000000E-001 0.1000000000000000E-001 -.8000000000000000E-001  0.000000000000000  0.000000000000000 -.1149483813689400E-008 -.4563154126779878E-007 0.8199577128387148E-010
0.4000000000000000E-001 0.2000000000000000E-001 -.8000000000000000E-001  0.000000000000000  0.000000000000000 -.1948421451958282E-008 -.4412437099032829E-007 0.7679629154822010E-010
0.4000000000000000E-001 0.3000000000000000E-001 -.8000000000000000E-001  0.000000000000000  0.000000000000000 -.2747039706818555E-008 -.4261729086296739E-007 0.7159678405699310E-010
0.4000000000000000E-001 0.4000000000000000E-001 -.8000000000000000E-001  0.000000000000000  0.000000000000000 -.3545338689292521E-008 -.4111030088571610E-007 0.6639730432134172E-010
